gene	Total SNV Mutations	SNVs Unmapped to Ref Tx	inactivating count	inactivating p-value	inactivating BH q-value
TP53	7	0	3	0.0045	0.2303701749758199
ARHGEF40	3	0	2	0.00618	0.2303701749758199
GPR20	1	0	1	0.012444311705119589	0.2303701749758199
SLCO4C1	3	0	2	0.012484238648706009	0.2303701749758199
ALOXE3	3	0	2	0.012792958755500973	0.2303701749758199
PLEC	1	0	1	0.014475760339311822	0.2303701749758199
GTF3C2	1	0	1	0.016184896254815007	0.2303701749758199
NYAP2	1	0	1	0.01700824900076537	0.2303701749758199
SPG11	1	0	1	0.01771479185119575	0.2303701749758199
RPGRIP1L	1	0	1	0.017730810829979255	0.2303701749758199
WNK1	1	0	1	0.018437597949739107	0.2303701749758199
NF1	3	0	2	0.01862821802466376	0.2303701749758199
GTDC1	1	0	1	0.019483302809492266	0.2303701749758199
SV2C	1	0	1	0.022537242793716616	0.2303701749758199
PCDHB5	2	0	1	0.02256114069127335	0.2303701749758199
ATRX	3	0	2	0.022967913824387332	0.2303701749758199
CDKL3	1	0	1	0.02363339871906979	0.2303701749758199
MAGEB2	1	0	1	0.024567610062893083	0.2303701749758199
INO80	1	0	1	0.026920074299405065	0.2303701749758199
NIPBL	1	0	1	0.027515615111575818	0.2303701749758199
ANO8	1	0	1	0.027646457106521798	0.2303701749758199
MAST4	2	0	1	0.02772694504519492	0.2303701749758199
TM4SF5	1	0	1	0.028301352804664063	0.2303701749758199
KTN1	1	0	1	0.028340654669122858	0.2303701749758199
ALDH18A1	1	0	1	0.02963489805595069	0.2303701749758199
POTEG	1	0	1	0.02969032985956474	0.2303701749758199
KIAA1211	1	0	1	0.02969738366049951	0.2303701749758199
RNFT2	1	0	1	0.029700911817992812	0.2303701749758199
MYBL2	1	0	1	0.029704440813901677	0.2303701749758199
ZNF785	2	0	1	0.030109598940142118	0.2303701749758199
CCT6A	1	0	1	0.032655193808575254	0.2303701749758199
IGSF9B	1	0	1	0.03270325070311989	0.2303701749758199
VSIG2	1	0	1	0.03389370932754881	0.2303701749758199
NOP14	1	0	1	0.03455544421023532	0.2303701749758199
CST1	1	0	1	0.03636892638929299	0.2303701749758199
SLC45A2	1	0	1	0.03846745653177412	0.2303701749758199
CD99L2	1	0	1	0.03940420836945386	0.2303701749758199
OSMR	2	0	1	0.039820013538804606	0.2303701749758199
DTL	1	0	1	0.04127455836222552	0.2303701749758199
ANK3	2	0	1	0.0416267743412563	0.2303701749758199
ALG13	1	0	1	0.04190763557120107	0.2303701749758199
POM121L2	1	0	1	0.043936731107205626	0.2303701749758199
PCSK7	1	0	1	0.044618954131715155	0.2303701749758199
DFNA5	1	0	1	0.045158959537572256	0.2303701749758199
EMP1	1	0	1	0.04551454189613582	0.2303701749758199
KHDC1L	1	0	1	0.04599181345720462	0.2303701749758199
CHRDL2	1	0	1	0.04600027600165601	0.2303701749758199
NPSR1	1	0	1	0.04637573621481241	0.2303701749758199
OR5B12	1	0	1	0.04925380485642516	0.2303701749758199
CTSC	1	0	1	0.04995753609431983	0.2303701749758199
NFASC	1	0	1	0.0546477949614733	0.2303701749758199
SPTB	2	0	1	0.055254724278925846	0.2303701749758199
C19orf71	1	0	1	0.05542315579449094	0.2303701749758199
SMTN	1	0	1	0.05769674590353104	0.2303701749758199
DEAF1	1	0	1	0.058837373499646975	0.2303701749758199
PTPN6	1	0	1	0.05925574780753733	0.2303701749758199
OSTF1	1	0	1	0.05995203836930456	0.2303701749758199
TBX4	1	0	1	0.06008532115604158	0.2303701749758199
OAS1	1	0	1	0.06038647342995169	0.2303701749758199
HEPH	2	0	1	0.060613407685780094	0.2303701749758199
RRNAD1	1	0	1	0.06385288295766554	0.2303701749758199
DES	1	0	1	0.06386103838048407	0.2303701749758199
SERPINA10	1	0	1	0.06507451031430989	0.2303701749758199
ADAMTS6	1	0	1	0.06640106241699867	0.2303701749758199
STK11	1	0	1	0.0676178240584218	0.2303701749758199
OR9Q2	1	0	1	0.0683433570256971	0.2303701749758199
PHLDB1	1	0	1	0.06850253459377997	0.2303701749758199
CAPN6	1	0	1	0.06854009595613433	0.2303701749758199
RBPJL	1	0	1	0.06857769853243725	0.2303701749758199
TMEM203	1	0	1	0.06860122110173561	0.2303701749758199
WDR35	1	0	1	0.0687616035205941	0.2303701749758199
MAGEE1	1	0	1	0.0691897875873521	0.2303701749758199
OR7E24	1	0	1	0.0702543206407194	0.2303701749758199
TMEM40	2	0	1	0.0711997152011392	0.2303701749758199
RB1	1	0	1	0.07281730139081045	0.2303701749758199
PDYN	1	0	1	0.074487895716946	0.2303701749758199
PCDHA11	1	0	1	0.07584376185058779	0.2303701749758199
PA2G4	2	0	1	0.0785237534354142	0.2303701749758199
GADD45G	1	0	1	0.07913270554720266	0.2303701749758199
ASAP3	1	0	1	0.0796876245119133	0.2303701749758199
SERPINB11	1	0	1	0.07995522507395858	0.2303701749758199
RIMS1	6	0	2	0.07998080460689434	0.2303701749758199
ZEB2	2	0	2	0.08038585209003216	0.2303701749758199
CSPG4	3	0	1	0.08048289738430583	0.2303701749758199
CHTF18	1	0	1	0.08129420372327453	0.2303701749758199
KLHL1	1	0	1	0.08357709987463435	0.2303701749758199
EHMT1	2	0	1	0.08593280054996992	0.2303701749758199
RNF44	1	0	1	0.08655011251514627	0.2303701749758199
SLC5A7	1	0	1	0.08731336767659129	0.2303701749758199
PRTG	1	0	1	0.08769622029290537	0.2303701749758199
IMMT	1	0	1	0.08816787162757891	0.2303701749758199
SERPINB2	1	0	1	0.09039139473922082	0.2303701749758199
RBM15B	1	0	1	0.09086778736937756	0.2303701749758199
FGF12	1	0	1	0.09144947416552354	0.2303701749758199
CACNA1S	1	0	1	0.09228497600590624	0.2303701749758199
CR2	1	0	1	0.09249838127832763	0.2303701749758199
SLC6A1	1	0	1	0.09296272194849865	0.2303701749758199
AMER3	2	0	1	0.09373828271466067	0.2303701749758199
ULK1	1	0	1	0.09383503800319039	0.2303701749758199
NAALAD2	1	0	1	0.09489466691971911	0.2303701749758199
A2ML1	1	0	1	0.09659036028204385	0.2303701749758199
SCN1A	1	0	1	0.099147332936744	0.2303701749758199
SLC2A3	1	0	1	0.10013016921998598	0.2303701749758199
SF3B4	1	0	1	0.10030090270812438	0.2303701749758199
DLG5	3	0	1	0.10048231511254019	0.2303701749758199
ANKRD55	1	0	1	0.10089799212995662	0.2303701749758199
NEDD4	1	0	1	0.10182262498727217	0.2303701749758199
NBPF9	1	0	1	0.10400416016640665	0.2303701749758199
TJP2	2	0	1	0.10513036164844407	0.2303701749758199
WNT3	1	0	1	0.10515247108307045	0.2303701749758199
SEC63	1	0	1	0.10546298249314491	0.2303701749758199
GSN	1	0	1	0.10628122010840685	0.2303701749758199
RNF2	1	0	1	0.10633772862611654	0.2303701749758199
ADAMTS2	1	0	1	0.10648493238206794	0.2303701749758199
EYS	1	0	1	0.10848340203948796	0.2303701749758199
F11R	1	0	1	0.11076650420912716	0.2303701749758199
CTLA4	2	0	1	0.11169440411035407	0.2303701749758199
ARID1A	1	0	1	0.112145340361108	0.2303701749758199
GNAS	3	0	1	0.11234692731153803	0.2303701749758199
EMC1	1	0	1	0.11238480557428636	0.2303701749758199
WDR62	2	0	1	0.11285407967498025	0.2303701749758199
RAPGEF3	1	0	1	0.11301989150090416	0.2303701749758199
CETN3	1	0	1	0.11332728921124206	0.2303701749758199
DNAH3	1	0	1	0.11372682815876266	0.2303701749758199
APAF1	1	0	1	0.11406410402646287	0.2303701749758199
EPG5	1	0	1	0.11572734637194769	0.2303701749758199
LGI4	1	0	1	0.11574074074074074	0.2303701749758199
SDHD	1	0	1	0.11609008590666357	0.2303701749758199
UMODL1	3	0	1	0.11609008590666357	0.2303701749758199
SMARCD3	1	0	1	0.11682242990654206	0.2303701749758199
GOSR2	1	0	1	0.11779950524207798	0.2303701749758199
RCOR3	1	0	1	0.12038040207054292	0.2303701749758199
VPS13C	1	0	1	0.12040939193257075	0.2303701749758199
MEAF6	1	0	1	0.12144765606023804	0.2303701749758199
AGBL2	1	0	1	0.12166930283489476	0.2303701749758199
MAMLD1	2	0	1	0.12277470841006753	0.2303701749758199
ARID3A	2	0	1	0.12422360248447205	0.2303701749758199
ARHGEF28	1	0	1	0.1249843769528809	0.2303701749758199
HHATL	2	0	1	0.12690355329949238	0.2303701749758199
ITIH2	2	0	1	0.12732365673542145	0.2303701749758199
SMARCAL1	3	0	1	0.12740476493820868	0.2303701749758199
RMDN1	1	0	1	0.12759984688018375	0.2303701749758199
EXD2	2	0	1	0.1277139208173691	0.2303701749758199
CNTLN	1	0	1	0.1285677552069941	0.2303701749758199
LDLRAD2	1	0	1	0.12966804979253113	0.2303701749758199
LRCH3	1	0	1	0.13012361743656473	0.2303701749758199
TMEM8C	1	0	1	0.1305653479566523	0.2303701749758199
PKN3	1	0	1	0.13171759747102213	0.2303701749758199
ELAVL2	1	0	1	0.13175230566534915	0.2303701749758199
SYNE2	3	0	1	0.13189132155104194	0.2303701749758199
SWT1	1	0	1	0.1335648457326032	0.2313049128457214
ABCC11	3	0	1	0.13419216317767044	0.2313049128457214
NTAN1	1	0	1	0.1358326541700625	0.2324496107799838
ANKRD2	1	0	1	0.13663068725235689	0.2324496107799838
COL6A5	1	0	1	0.1383700013837	0.23388993782277034
FARP1	2	0	1	0.14349261013057826	0.24099399906545838
SLC39A6	1	0	1	0.14461315979754158	0.24132896730545156
IFT140	1	0	1	0.14889815366289458	0.24462204959665373
DCLK1	2	0	1	0.14903129657228018	0.24462204959665373
IRF9	1	0	1	0.14938751120406335	0.24462204959665373
LMLN	1	0	1	0.15424957581366652	0.24854831655948417
MED23	2	0	1	0.1545595054095827	0.24854831655948417
DIXDC1	1	0	1	0.15463120457708365	0.24854831655948417
GALNT3	2	0	1	0.1556420233463035	0.24859170899209346
C22orf42	1	0	1	0.15792798483891346	0.24859170899209346
CCNF	3	0	1	0.158052789631737	0.24859170899209346
CDH16	3	0	1	0.1584534938995405	0.24859170899209346
SI	2	0	1	0.1622586402725945	0.24970074033410342
TRIOBP	2	0	1	0.16241676140977748	0.24970074033410342
TEX2	1	0	1	0.16257519102584947	0.24970074033410342
DSC2	2	0	1	0.16297262059973924	0.24970074033410342
NLGN1	1	0	1	0.16778523489932887	0.25482935673094786
BMS1	1	0	1	0.16826518593303044	0.25482935673094786
FILIP1L	1	0	1	0.17085255424568596	0.2566533964452525
KRCC1	1	0	1	0.17310022503029254	0.2566533964452525
MSH6	1	0	1	0.1736111111111111	0.2566533964452525
ZPLD1	2	0	1	0.17406440382941687	0.2566533964452525
SP4	1	0	1	0.17485574401119078	0.2566533964452525
GRAMD1C	2	0	1	0.177210703526493	0.2566533964452525
PML	2	0	1	0.1782848992690319	0.2566533964452525
C1orf87	2	0	1	0.17863522686673813	0.2566533964452525
PRKDC	1	0	1	0.17911517105498836	0.2566533964452525
HERC2	5	0	1	0.17979144192736426	0.2566533964452525
SETD5	2	0	1	0.1802451333813987	0.2566533964452525
TCF7L2	2	0	1	0.188040616773223	0.26485246100502413
MYO10	3	0	1	0.1883593897155773	0.26485246100502413
PAPOLA	2	0	1	0.1890359168241966	0.26485246100502413
FNIP1	1	0	1	0.1958096729978461	0.2718984635661248
PCNXL2	4	0	1	0.19638648860958366	0.2718984635661248
CNKSR3	2	0	1	0.19805902158843336	0.2718984635661248
DROSHA	1	0	1	0.19821605550049554	0.2718984635661248
CROT	2	0	1	0.20048115477145148	0.27357324244854314
NUP205	3	0	1	0.20193861066235863	0.274134279759264
HMGN3	1	0	1	0.21290185224611455	0.28752724375506195
LPCAT4	1	0	1	0.21486892995272883	0.28869569050058946
DDX6	1	0	1	0.21805494984736154	0.29148161663269756
ZFPM2	4	0	1	0.22055580061755625	0.29332801909543016
CHEK2	2	0	1	0.2249212775528565	0.29762310464064856
BCL2L11	1	0	1	0.22789425706472197	0.3000416851806892
SLITRK3	3	0	1	0.23073373327180433	0.30226119058606365
ZNF793	4	0	1	0.2347417840375587	0.3054709616039324
TCERG1	2	0	1	0.23551577955723033	0.3054709616039324
ARRDC3	1	0	1	0.24709661477637757	0.3178994370025238
MDM2	1	0	1	0.24752475247524752	0.3178994370025238
CDX4	2	0	1	0.2546473134708429	0.32545168843590655
TENM2	6	0	1	0.2570694087403599	0.32695235480570045
KIAA0368	4	0	1	0.25967281225655675	0.32814644850355196
STAB2	1	0	1	0.2617801047120419	0.32814644850355196
FAM13A	2	0	1	0.2636435539151068	0.32814644850355196
PAK7	1	0	1	0.26420079260237783	0.32814644850355196
PDILT	3	0	1	0.2642706131078224	0.32814644850355196
MME	2	0	1	0.26567481402763016	0.32833396827942973
HELLS	1	0	1	0.26903416733925206	0.3309246565393617
COL4A6	2	0	1	0.27359781121751026	0.3333231555270577
FBN1	3	0	1	0.27389756231169543	0.3333231555270577
AGK	1	0	1	0.2748007694421544	0.3333231555270577
PMS2	3	0	1	0.27824151363383415	0.3357510828613169
ARPP21	1	0	1	0.281214848143982	0.3357510828613169
SCAF4	3	0	1	0.281214848143982	0.3357510828613169
ZNF536	1	0	1	0.28192839018889204	0.3357510828613169
WDFY4	4	0	1	0.28401022436807727	0.33669990400197397
RBM6	1	0	1	0.28604118993135014	0.3375801430721339
UBR5	3	0	1	0.2876042565429968	0.337902758808364
PKHD1L1	2	0	1	0.2968239833778569	0.3471780519866005
ATM	2	0	1	0.2994011976047904	0.3481357463658349
PI4KA	2	0	1	0.3003003003003003	0.3481357463658349
NLRP4	1	0	1	0.30432136335970783	0.3512431594724381
CFTR	3	0	1	0.3097893432465923	0.35598599969564554
VPS35	2	0	1	0.3148614609571788	0.3602345099160736
KCNJ6	1	0	1	0.3201024327784891	0.36457702802929415
DENND4C	1	0	1	0.3214400514304082	0.36457702802929415
RASGEF1C	1	0	1	0.3247807729782397	0.3667782867254259
SNW1	1	0	1	0.3270111183780249	0.3668604586035779
AKR1C3	1	0	1	0.32765399737876805	0.3668604586035779
CENPC	1	0	1	0.3313452617627568	0.3694147173695416
LRIT2	1	0	1	0.3429355281207133	0.38071656087977496
ZNF548	1	0	1	0.3502626970227671	0.3872102389028058
IRX4	1	0	1	0.3523608174770965	0.38789300075209787
NAALADL2	2	0	1	0.3699593044765076	0.4046207066963182
TRIM67	3	0	1	0.37064492216456635	0.4046207066963182
EPHB4	2	0	1	0.3787878787878788	0.4117942914623412
ABCA13	4	0	1	0.3827018752391887	0.41433012939118774
BRPF3	1	0	1	0.3850596842510589	0.415167231579331
PKHD1	6	0	1	0.38714672861014326	0.415706733179744
PRKAR1A	1	0	1	0.3951007506914263	0.4216312946977451
FERD3L	1	0	1	0.39588281868566905	0.4216312946977451
PPP1R3A	1	0	1	0.4046944556859571	0.42824942423336
GPR174	1	0	1	0.406669377795852	0.42824942423336
FAM81B	2	0	1	0.407000407000407	0.42824942423336
MLH1	2	0	1	0.4095004095004095	0.4287350679103257
NSD1	3	0	1	0.41101520756267984	0.4287350679103257
MICAL1	2	0	1	0.41237113402061853	0.4287350679103257
ZFAT	3	0	1	0.42936882782310004	0.44464281774566095
SLC4A2	3	0	1	0.43215211754537597	0.44576320786176576
RB1CC1	1	0	1	0.4366812227074236	0.44752206010460394
RTL1	3	0	1	0.43782837127845886	0.44752206010460394
GPR98	3	0	1	0.43898156277436345	0.44752206010460394
CEP250	1	0	1	0.4814636494944632	0.4889282021998037
GAS8	2	0	1	0.5122950819672131	0.5182290018355592
TTN	10	0	1	0.6915629322268326	0.6968826470901159
SPTA1	4	0	1	0.724112961622013	0.7268873407853158
GOLGA4	3	0	1	0.8051529790660226	0.8051529790660226
ACBD3	1	0	0	1.0	1.0
FASN	1	0	0	1.0	1.0
EVPLL	1	0	0	1.0	1.0
EPN3	1	0	0	1.0	1.0
EFCAB5	1	0	0	1.0	1.0
DUS1L	1	0	0	1.0	1.0
DNAH9	1	0	0	1.0	1.0
DNAH17	3	0	0	1.0	1.0
DDX42	1	0	0	1.0	1.0
CYTH1	1	0	0	1.0	1.0
GHDC	1	0	0	1.0	1.0
CPSF4L	1	0	0	1.0	1.0
CNTD1	1	0	0	1.0	1.0
CLTC	1	0	0	1.0	1.0
CD300A	1	0	0	1.0	1.0
CACNA1G	1	0	0	1.0	1.0
C1QTNF1	2	0	0	1.0	1.0
C17orf78	1	0	0	1.0	1.0
BZRAP1	2	0	0	1.0	1.0
BTBD17	1	0	0	1.0	1.0
BAIAP2	1	0	0	1.0	1.0
CNTNAP1	1	0	0	1.0	1.0
ATXN7L3	1	0	0	1.0	1.0
GPATCH8	1	0	0	1.0	1.0
GSDMA	1	0	0	1.0	1.0
KRTAP4-6	1	0	0	1.0	1.0
KRTAP4-3	1	0	0	1.0	1.0
KRTAP1-3	1	0	0	1.0	1.0
KRT33B	2	0	0	1.0	1.0
KRT32	2	0	0	1.0	1.0
KRT17	2	0	0	1.0	1.0
KRT12	2	0	0	1.0	1.0
KLHL10	1	0	0	1.0	1.0
KIF18B	1	0	0	1.0	1.0
GRIN2C	2	0	0	1.0	1.0
KIAA0753	1	0	0	1.0	1.0
KIAA0195	1	0	0	1.0	1.0
KDM6B	2	0	0	1.0	1.0
KCNJ12	1	0	0	1.0	1.0
JUP	2	0	0	1.0	1.0
ITGB4	1	0	0	1.0	1.0
IKZF3	1	0	0	1.0	1.0
IGF2BP1	1	0	0	1.0	1.0
HDAC5	1	0	0	1.0	1.0
GUCY2D	1	0	0	1.0	1.0
CLUH	2	0	0	1.0	1.0
ATP6V0A1	1	0	0	1.0	1.0
ATP2A3	1	0	0	1.0	1.0
ATAD5	1	0	0	1.0	1.0
XDH	1	0	0	1.0	1.0
WDSUB1	1	0	0	1.0	1.0
WDR92	1	0	0	1.0	1.0
VWA3B	1	0	0	1.0	1.0
USP39	1	0	0	1.0	1.0
USP34	2	0	0	1.0	1.0
UNC80	1	0	0	1.0	1.0
UGT1A5	1	0	0	1.0	1.0
UGP2	1	0	0	1.0	1.0
XIRP2	4	0	0	1.0	1.0
UGGT1	1	0	0	1.0	1.0
TTC27	1	0	0	1.0	1.0
TSSC1	2	0	0	1.0	1.0
TRPM8	3	0	0	1.0	1.0
TRIM54	1	0	0	1.0	1.0
TRAPPC12	1	0	0	1.0	1.0
TPO	1	0	0	1.0	1.0
TNS1	1	0	0	1.0	1.0
TMBIM1	1	0	0	1.0	1.0
TIGD1	1	0	0	1.0	1.0
TTC31	1	0	0	1.0	1.0
XPO1	1	0	0	1.0	1.0
YWHAQ	1	0	0	1.0	1.0
ZAP70	1	0	0	1.0	1.0
ASIC2	1	0	0	1.0	1.0
ASB16	2	0	0	1.0	1.0
ARSG	1	0	0	1.0	1.0
ARRB2	1	0	0	1.0	1.0
ARHGDIA	1	0	0	1.0	1.0
AOC3	1	0	0	1.0	1.0
ANKFY1	1	0	0	1.0	1.0
ANKFN1	1	0	0	1.0	1.0
AKAP1	1	0	0	1.0	1.0
AIPL1	1	0	0	1.0	1.0
ADPRM	2	0	0	1.0	1.0
ACTG1	2	0	0	1.0	1.0
ACBD4	1	0	0	1.0	1.0
ACAP1	1	0	0	1.0	1.0
ABR	1	0	0	1.0	1.0
ABCC3	1	0	0	1.0	1.0
AATF	1	0	0	1.0	1.0
AARSD1	1	0	0	1.0	1.0
ZRANB3	1	0	0	1.0	1.0
ZNF638	1	0	0	1.0	1.0
ZC3H15	1	0	0	1.0	1.0
KRTAP9-9	1	0	0	1.0	1.0
THSD7B	1	0	0	1.0	1.0
LHX1	1	0	0	1.0	1.0
MFSD6L	1	0	0	1.0	1.0
UNC45B	1	0	0	1.0	1.0
UNC13D	1	0	0	1.0	1.0
UBE2O	1	0	0	1.0	1.0
TUBG1	1	0	0	1.0	1.0
TTLL6	1	0	0	1.0	1.0
TRPV2	1	0	0	1.0	1.0
TOP2A	2	0	0	1.0	1.0
TOM1L1	1	0	0	1.0	1.0
TNS4	1	0	0	1.0	1.0
UTP18	2	0	0	1.0	1.0
TNRC6C	1	0	0	1.0	1.0
TMEM102	1	0	0	1.0	1.0
TMC6	2	0	0	1.0	1.0
TBX21	1	0	0	1.0	1.0
TBX2	1	0	0	1.0	1.0
TAOK1	2	0	0	1.0	1.0
SUPT6H	1	0	0	1.0	1.0
STRADA	2	0	0	1.0	1.0
SPNS3	1	0	0	1.0	1.0
SPAG5	1	0	0	1.0	1.0
TMEM199	1	0	0	1.0	1.0
MIEF2	1	0	0	1.0	1.0
VAT1	1	0	0	1.0	1.0
WDR81	1	0	0	1.0	1.0
APOD	1	0	0	1.0	1.0
ANKUB1	1	0	0	1.0	1.0
ANKRD28	1	0	0	1.0	1.0
AMT	1	0	0	1.0	1.0
AMOTL2	1	0	0	1.0	1.0
ALS2CL	1	0	0	1.0	1.0
ALG3	1	0	0	1.0	1.0
ADCY5	1	0	0	1.0	1.0
ACVR2B	1	0	0	1.0	1.0
VMO1	1	0	0	1.0	1.0
ACTR8	1	0	0	1.0	1.0
ABHD6	1	0	0	1.0	1.0
ABCC5	1	0	0	1.0	1.0
ZZEF1	1	0	0	1.0	1.0
ZNF830	1	0	0	1.0	1.0
ZNF652	1	0	0	1.0	1.0
ZACN	1	0	0	1.0	1.0
YPEL2	1	0	0	1.0	1.0
WNK4	1	0	0	1.0	1.0
WFIKKN2	1	0	0	1.0	1.0
ABI3BP	1	0	0	1.0	1.0
SMARCE1	1	0	0	1.0	1.0
SLFN12	1	0	0	1.0	1.0
SLC4A1	1	0	0	1.0	1.0
PCTP	1	0	0	1.0	1.0
OR3A1	1	0	0	1.0	1.0
OR1A2	1	0	0	1.0	1.0
OMG	1	0	0	1.0	1.0
NOS2	1	0	0	1.0	1.0
NOL11	1	0	0	1.0	1.0
NLRP1	2	0	0	1.0	1.0
NLGN2	2	0	0	1.0	1.0
NGFR	1	0	0	1.0	1.0
PCYT2	1	0	0	1.0	1.0
NEURL4	1	0	0	1.0	1.0
MYO1C	1	0	0	1.0	1.0
MYO19	1	0	0	1.0	1.0
MYO18A	1	0	0	1.0	1.0
MYO15A	3	0	0	1.0	1.0
MYH8	1	0	0	1.0	1.0
MYH4	1	0	0	1.0	1.0
MYH13	1	0	0	1.0	1.0
MYH10	1	0	0	1.0	1.0
MPP3	1	0	0	1.0	1.0
MYOCD	1	0	0	1.0	1.0
PIK3R5	1	0	0	1.0	1.0
PRKCA	1	0	0	1.0	1.0
PRPF8	1	0	0	1.0	1.0
SLC35B1	1	0	0	1.0	1.0
SLC13A2	1	0	0	1.0	1.0
SHPK	1	0	0	1.0	1.0
SHISA6	1	0	0	1.0	1.0
SGSM2	1	0	0	1.0	1.0
SGSH	1	0	0	1.0	1.0
SCARF1	1	0	0	1.0	1.0
RPTOR	1	0	0	1.0	1.0
RPH3AL	1	0	0	1.0	1.0
RNF43	1	0	0	1.0	1.0
RNF157	1	0	0	1.0	1.0
RHOT1	1	0	0	1.0	1.0
RFFL	1	0	0	1.0	1.0
RCVRN	1	0	0	1.0	1.0
RBFOX3	1	0	0	1.0	1.0
RAPGEFL1	1	0	0	1.0	1.0
RAD51C	1	0	0	1.0	1.0
RAB34	1	0	0	1.0	1.0
PTRF	1	0	0	1.0	1.0
PSMC5	1	0	0	1.0	1.0
PSMB3	1	0	0	1.0	1.0
LPO	1	0	0	1.0	1.0
ARGFX	1	0	0	1.0	1.0
THNSL2	1	0	0	1.0	1.0
TFPI	1	0	0	1.0	1.0
FSHR	1	0	0	1.0	1.0
FOXN2	1	0	0	1.0	1.0
FOSL2	1	0	0	1.0	1.0
FN1	1	0	0	1.0	1.0
FIGN	1	0	0	1.0	1.0
FBXO11	1	0	0	1.0	1.0
FASTKD2	1	0	0	1.0	1.0
FAM98A	1	0	0	1.0	1.0
FAM179A	1	0	0	1.0	1.0
FZD7	1	0	0	1.0	1.0
FAM171B	1	0	0	1.0	1.0
FAM124B	1	0	0	1.0	1.0
EXOC6B	1	0	0	1.0	1.0
ERBB4	2	0	0	1.0	1.0
EHD3	1	0	0	1.0	1.0
EGR4	1	0	0	1.0	1.0
EFR3B	1	0	0	1.0	1.0
ECEL1	1	0	0	1.0	1.0
DPYSL5	1	0	0	1.0	1.0
DPP10	1	0	0	1.0	1.0
FAM161A	1	0	0	1.0	1.0
DOCK10	1	0	0	1.0	1.0
GALNT5	2	0	0	1.0	1.0
GIGYF2	1	0	0	1.0	1.0
IL18R1	1	0	0	1.0	1.0
IKZF2	1	0	0	1.0	1.0
IGKV5-2	1	0	0	1.0	1.0
IGKV3D-15	1	0	0	1.0	1.0
IGKV1D-17	1	0	0	1.0	1.0
IGKV1D-16	1	0	0	1.0	1.0
IGKV1-17	1	0	0	1.0	1.0
HOXD4	1	0	0	1.0	1.0
HNRNPA3	1	0	0	1.0	1.0
GCC2	1	0	0	1.0	1.0
HK2	2	0	0	1.0	1.0
HDAC4	1	0	0	1.0	1.0
HADHB	1	0	0	1.0	1.0
GRHL1	1	0	0	1.0	1.0
GPR35	1	0	0	1.0	1.0
GPR113	1	0	0	1.0	1.0
GPC1	1	0	0	1.0	1.0
GNLY	2	0	0	1.0	1.0
GMCL1	1	0	0	1.0	1.0
GLI2	2	0	0	1.0	1.0
HECW2	1	0	0	1.0	1.0
DNMT3A	1	0	0	1.0	1.0
DNAJB2	1	0	0	1.0	1.0
DNAH7	3	0	0	1.0	1.0
ARHGEF4	1	0	0	1.0	1.0
APOB	7	0	0	1.0	1.0
ANKRD44	1	0	0	1.0	1.0
ANKRD39	1	0	0	1.0	1.0
ANKRD36C	1	0	0	1.0	1.0
ANKMY1	1	0	0	1.0	1.0
ALS2	1	0	0	1.0	1.0
ALMS1	1	0	0	1.0	1.0
AGPS	1	0	0	1.0	1.0
ATP6V1E2	1	0	0	1.0	1.0
AGBL5	1	0	0	1.0	1.0
ADD2	1	0	0	1.0	1.0
ACVR1	1	0	0	1.0	1.0
ACSL3	2	0	0	1.0	1.0
ABCA12	2	0	0	1.0	1.0
AAK1	1	0	0	1.0	1.0
ZW10	1	0	0	1.0	1.0
ZDHHC5	1	0	0	1.0	1.0
XRRA1	1	0	0	1.0	1.0
WNT11	1	0	0	1.0	1.0
AFTPH	1	0	0	1.0	1.0
BCL11A	1	0	0	1.0	1.0
C2orf54	1	0	0	1.0	1.0
C2orf69	1	0	0	1.0	1.0
DNAH6	4	0	0	1.0	1.0
DLX1	1	0	0	1.0	1.0
DHX57	1	0	0	1.0	1.0
DCTN1	1	0	0	1.0	1.0
CUL3	1	0	0	1.0	1.0
CRYGA	1	0	0	1.0	1.0
CRIM1	2	0	0	1.0	1.0
CPSF3	1	0	0	1.0	1.0
CPS1	1	0	0	1.0	1.0
COL5A2	2	0	0	1.0	1.0
CNTNAP5	6	0	0	1.0	1.0
CNNM4	1	0	0	1.0	1.0
CLK1	1	0	0	1.0	1.0
CLEC4F	1	0	0	1.0	1.0
CHMP3	1	0	0	1.0	1.0
CDCA7	1	0	0	1.0	1.0
CCDC142	1	0	0	1.0	1.0
CCDC121	1	0	0	1.0	1.0
CAPN14	1	0	0	1.0	1.0
CAPG	2	0	0	1.0	1.0
C2orf71	2	0	0	1.0	1.0
IL1RN	2	0	0	1.0	1.0
THAP4	1	0	0	1.0	1.0
IMP4	1	0	0	1.0	1.0
INPP5D	1	0	0	1.0	1.0
SDPR	1	0	0	1.0	1.0
SCN2A	3	0	0	1.0	1.0
SCLY	1	0	0	1.0	1.0
SAP130	1	0	0	1.0	1.0
RUFY4	1	0	0	1.0	1.0
RRM2	1	0	0	1.0	1.0
RNPEPL1	1	0	0	1.0	1.0
REG3A	1	0	0	1.0	1.0
RBM45	1	0	0	1.0	1.0
SF3B1	1	0	0	1.0	1.0
RBM44	1	0	0	1.0	1.0
PXDN	1	0	0	1.0	1.0
PTRHD1	1	0	0	1.0	1.0
PSME4	1	0	0	1.0	1.0
POTEF	1	0	0	1.0	1.0
PLEKHM3	1	0	0	1.0	1.0
PLEKHH2	1	0	0	1.0	1.0
PLCL1	1	0	0	1.0	1.0
PLCD4	1	0	0	1.0	1.0
PLA2R1	1	0	0	1.0	1.0
RANBP2	2	0	0	1.0	1.0
PID1	1	0	0	1.0	1.0
SGPP2	1	0	0	1.0	1.0
SLC30A6	2	0	0	1.0	1.0
TBR1	1	0	0	1.0	1.0
TBC1D8	2	0	0	1.0	1.0
TANC1	1	0	0	1.0	1.0
SULT1C3	1	0	0	1.0	1.0
STRN	1	0	0	1.0	1.0
STAMBP	1	0	0	1.0	1.0
ST6GAL2	2	0	0	1.0	1.0
SRBD1	1	0	0	1.0	1.0
SPTBN1	1	0	0	1.0	1.0
SLC11A1	1	0	0	1.0	1.0
SPHKAP	1	0	0	1.0	1.0
SPC25	1	0	0	1.0	1.0
SPATS2L	1	0	0	1.0	1.0
SP140	2	0	0	1.0	1.0
SMPD4	1	0	0	1.0	1.0
SMC6	1	0	0	1.0	1.0
SLC9A2	1	0	0	1.0	1.0
SLC5A6	1	0	0	1.0	1.0
SLC4A10	2	0	0	1.0	1.0
SLC40A1	3	0	0	1.0	1.0
SPEG	3	0	0	1.0	1.0
PEX13	1	0	0	1.0	1.0
PECR	1	0	0	1.0	1.0
PDE1A	2	0	0	1.0	1.0
MARS2	1	0	0	1.0	1.0
MARCH4	1	0	0	1.0	1.0
MAP4K4	1	0	0	1.0	1.0
MAP3K19	1	0	0	1.0	1.0
MAP2	1	0	0	1.0	1.0
MALL	1	0	0	1.0	1.0
LYPD1	1	0	0	1.0	1.0
LYG2	1	0	0	1.0	1.0
LY75-CD302	1	0	0	1.0	1.0
MDH1B	1	0	0	1.0	1.0
LTBP1	1	0	0	1.0	1.0
LRP1B	2	0	0	1.0	1.0
LPIN1	1	0	0	1.0	1.0
LOXL3	2	0	0	1.0	1.0
KLHL30	1	0	0	1.0	1.0
KIF1A	2	0	0	1.0	1.0
KIAA1715	1	0	0	1.0	1.0
KDM3A	1	0	0	1.0	1.0
KCNH7	2	0	0	1.0	1.0
ITGA4	1	0	0	1.0	1.0
LRRFIP1	1	0	0	1.0	1.0
MFF	1	0	0	1.0	1.0
MFSD6	1	0	0	1.0	1.0
NIFK	1	0	0	1.0	1.0
PDCL3	1	0	0	1.0	1.0
PASK	1	0	0	1.0	1.0
OTOF	1	0	0	1.0	1.0
ORMDL1	1	0	0	1.0	1.0
NXPH2	1	0	0	1.0	1.0
NRXN1	1	0	0	1.0	1.0
NR4A2	3	0	0	1.0	1.0
NPHP1	2	0	0	1.0	1.0
NEB	1	0	0	1.0	1.0
NCOA1	2	0	0	1.0	1.0
NCKAP5	2	0	0	1.0	1.0
NCK2	1	0	0	1.0	1.0
NBEAL1	2	0	0	1.0	1.0
NBAS	2	0	0	1.0	1.0
MZT2A	1	0	0	1.0	1.0
MYT1L	2	0	0	1.0	1.0
MYEOV2	1	0	0	1.0	1.0
MSH2	1	0	0	1.0	1.0
MRPS9	1	0	0	1.0	1.0
MPV17	1	0	0	1.0	1.0
MPP4	1	0	0	1.0	1.0
INHBB	3	0	0	1.0	1.0
ARHGEF26	1	0	0	1.0	1.0
ARHGEF3	1	0	0	1.0	1.0
ARMC8	1	0	0	1.0	1.0
MLIP	1	0	0	1.0	1.0
MICA	1	0	0	1.0	1.0
MDN1	1	0	0	1.0	1.0
MDGA1	1	0	0	1.0	1.0
MDC1	1	0	0	1.0	1.0
MCM9	1	0	0	1.0	1.0
MAP3K4	1	0	0	1.0	1.0
LRFN2	1	0	0	1.0	1.0
LPA	2	0	0	1.0	1.0
MOXD1	1	0	0	1.0	1.0
LMBRD1	1	0	0	1.0	1.0
LHFPL5	1	0	0	1.0	1.0
LAMA4	1	0	0	1.0	1.0
LAMA2	3	0	0	1.0	1.0
KPNA5	2	0	0	1.0	1.0
KLHL31	1	0	0	1.0	1.0
KIFC1	1	0	0	1.0	1.0
KIF25	2	0	0	1.0	1.0
GLTSCR1L	1	0	0	1.0	1.0
KDM1B	1	0	0	1.0	1.0
LIN28B	1	0	0	1.0	1.0
JARID2	1	0	0	1.0	1.0
MTHFD1L	1	0	0	1.0	1.0
NFYA	2	0	0	1.0	1.0
REPS1	1	0	0	1.0	1.0
RARS2	1	0	0	1.0	1.0
RAET1L	1	0	0	1.0	1.0
QKI	1	0	0	1.0	1.0
PXDC1	1	0	0	1.0	1.0
PSMB1	2	0	0	1.0	1.0
PRRC2A	1	0	0	1.0	1.0
PRL	1	0	0	1.0	1.0
PPP1R18	1	0	0	1.0	1.0
MYO6	1	0	0	1.0	1.0
PPARD	1	0	0	1.0	1.0
PLAGL1	2	0	0	1.0	1.0
PHF3	1	0	0	1.0	1.0
PGK2	1	0	0	1.0	1.0
PEX7	1	0	0	1.0	1.0
OR2J3	1	0	0	1.0	1.0
OR2B6	1	0	0	1.0	1.0
NUS1	1	0	0	1.0	1.0
NOTCH4	1	0	0	1.0	1.0
NHSL1	1	0	0	1.0	1.0
PLG	1	0	0	1.0	1.0
ITPR3	3	0	0	1.0	1.0
IPCEF1	1	0	0	1.0	1.0
IMPG1	1	0	0	1.0	1.0
GPANK1	1	0	0	1.0	1.0
FNDC1	2	0	0	1.0	1.0
FGFR1OP	2	0	0	1.0	1.0
FAXC	1	0	0	1.0	1.0
FARS2	1	0	0	1.0	1.0
FAM135A	1	0	0	1.0	1.0
ENPP3	1	0	0	1.0	1.0
ELOVL5	1	0	0	1.0	1.0
EHMT2	1	0	0	1.0	1.0
GPR6	1	0	0	1.0	1.0
EEF1A1	1	0	0	1.0	1.0
E2F3	1	0	0	1.0	1.0
DST	2	1	0	1.0	1.0
DSP	1	0	0	1.0	1.0
DPPA5	1	0	0	1.0	1.0
DOPEY1	1	0	0	1.0	1.0
DNAH8	1	0	0	1.0	1.0
DDR1	1	0	0	1.0	1.0
DDO	1	0	0	1.0	1.0
DAXX	1	0	0	1.0	1.0
ECT2L	1	0	0	1.0	1.0
GTPBP2	1	0	0	1.0	1.0
GUCA1B	1	0	0	1.0	1.0
HECA	2	0	0	1.0	1.0
IL20RA	1	0	0	1.0	1.0
IL17A	1	0	0	1.0	1.0
HS3ST5	1	0	0	1.0	1.0
HMGCLL1	1	0	0	1.0	1.0
HLA-G	1	0	0	1.0	1.0
HLA-F	1	0	0	1.0	1.0
HLA-DQA1	1	0	0	1.0	1.0
HLA-DOB	2	0	0	1.0	1.0
HIVEP2	1	0	0	1.0	1.0
HIVEP1	2	0	0	1.0	1.0
HIST1H4E	1	0	0	1.0	1.0
HIST1H4B	2	0	0	1.0	1.0
HIST1H3H	1	0	0	1.0	1.0
HIST1H3F	1	0	0	1.0	1.0
HIST1H3B	1	0	0	1.0	1.0
HIST1H3A	1	0	0	1.0	1.0
HIST1H2BN	1	0	0	1.0	1.0
HIST1H2BK	1	0	0	1.0	1.0
HIST1H2AC	1	0	0	1.0	1.0
HFE	1	0	0	1.0	1.0
HEY2	1	0	0	1.0	1.0
RIOK1	1	0	0	1.0	1.0
DAAM2	1	0	0	1.0	1.0
ROS1	1	0	0	1.0	1.0
SCUBE3	1	0	0	1.0	1.0
CAND1	1	0	0	1.0	1.0
CACNB3	1	0	0	1.0	1.0
CACNA2D4	3	0	0	1.0	1.0
C1R	1	0	0	1.0	1.0
C12orf65	2	0	0	1.0	1.0
C12orf50	1	0	0	1.0	1.0
C12orf49	2	0	0	1.0	1.0
BIN2	1	0	0	1.0	1.0
BICD1	1	0	0	1.0	1.0
CCDC53	1	0	0	1.0	1.0
BAZ2A	2	0	0	1.0	1.0
ATP2B1	1	0	0	1.0	1.0
ATF7IP	1	0	0	1.0	1.0
ARL6IP4	1	0	0	1.0	1.0
ARID2	1	0	0	1.0	1.0
APOF	1	0	0	1.0	1.0
ALX1	1	0	0	1.0	1.0
ALG10	1	0	0	1.0	1.0
ALDH1L2	1	0	0	1.0	1.0
ADCY6	1	0	0	1.0	1.0
AVPR1A	1	0	0	1.0	1.0
ACVRL1	1	0	0	1.0	1.0
CCDC77	1	0	0	1.0	1.0
CD163L1	1	0	0	1.0	1.0
DUSP6	1	0	0	1.0	1.0
DNAJC14	1	0	0	1.0	1.0
DNAH10	2	0	0	1.0	1.0
DIP2B	1	0	0	1.0	1.0
DHH	2	0	0	1.0	1.0
DAO	1	0	0	1.0	1.0
CUX2	1	0	0	1.0	1.0
CTDSP2	1	0	0	1.0	1.0
CSRNP2	1	0	0	1.0	1.0
CCNT1	1	0	0	1.0	1.0
CSAD	1	0	0	1.0	1.0
COL2A1	1	0	0	1.0	1.0
CLIP1	1	0	0	1.0	1.0
CLEC4C	1	0	0	1.0	1.0
CLEC4A	1	0	0	1.0	1.0
CLEC1A	1	0	0	1.0	1.0
CHST11	1	0	0	1.0	1.0
CHPT1	2	0	0	1.0	1.0
CEP290	1	0	0	1.0	1.0
CD9	1	0	0	1.0	1.0
CS	1	0	0	1.0	1.0
ACAD10	1	0	0	1.0	1.0
ACACB	1	0	0	1.0	1.0
ABCC9	2	0	0	1.0	1.0
TFEB	1	0	0	1.0	1.0
TDRD6	2	0	0	1.0	1.0
TBX18	1	0	0	1.0	1.0
TAP1	1	0	0	1.0	1.0
TAAR5	1	0	0	1.0	1.0
SYTL3	1	0	0	1.0	1.0
SYNGAP1	1	0	0	1.0	1.0
SYNE1	2	0	0	1.0	1.0
SRPK1	1	0	0	1.0	1.0
THBS2	2	0	0	1.0	1.0
SOBP	1	0	0	1.0	1.0
SNX14	1	0	0	1.0	1.0
SLC35B2	3	0	0	1.0	1.0
SLC25A27	1	0	0	1.0	1.0
SLC22A3	1	0	0	1.0	1.0
SKIV2L	4	0	0	1.0	1.0
SHPRH	2	0	0	1.0	1.0
SESN1	1	0	0	1.0	1.0
SERPINB1	1	0	0	1.0	1.0
SENP6	1	0	0	1.0	1.0
SNX9	1	0	0	1.0	1.0
TINAG	1	0	0	1.0	1.0
TNXB	3	0	0	1.0	1.0
TRAF3IP2	1	0	0	1.0	1.0
AACS	2	0	0	1.0	1.0
ZNF391	1	0	0	1.0	1.0
ZNF292	1	0	0	1.0	1.0
ZKSCAN3	1	0	0	1.0	1.0
ZBTB24	1	0	0	1.0	1.0
ZBTB22	1	0	0	1.0	1.0
WTAP	1	0	0	1.0	1.0
WDR27	2	0	0	1.0	1.0
VARS	2	0	0	1.0	1.0
UTRN	1	0	0	1.0	1.0
UNC5CL	1	0	0	1.0	1.0
UHRF1BP1	1	0	0	1.0	1.0
UBR2	2	0	0	1.0	1.0
TXNDC5	1	0	0	1.0	1.0
TULP4	1	0	0	1.0	1.0
TUBB2B	1	0	0	1.0	1.0
TTBK1	1	0	0	1.0	1.0
TRIM39	1	0	0	1.0	1.0
TRIM38	1	0	0	1.0	1.0
TRERF1	1	0	0	1.0	1.0
TREML2	1	0	0	1.0	1.0
RRP36	1	0	0	1.0	1.0
CUTA	4	0	0	1.0	1.0
CUL9	1	0	0	1.0	1.0
CRISP2	1	0	0	1.0	1.0
ITIH4	1	0	0	1.0	1.0
ITIH1	3	0	0	1.0	1.0
ITGA9	1	0	0	1.0	1.0
ISY1	1	0	0	1.0	1.0
IRAK2	1	0	0	1.0	1.0
IQSEC1	1	0	0	1.0	1.0
IP6K2	1	0	0	1.0	1.0
ILDR1	1	0	0	1.0	1.0
IL20RB	3	0	0	1.0	1.0
ITPR1	1	0	0	1.0	1.0
IGSF10	1	0	0	1.0	1.0
HRG	2	0	0	1.0	1.0
GPR87	1	0	0	1.0	1.0
GPR149	1	0	0	1.0	1.0
GMPPB	1	0	0	1.0	1.0
GHSR	1	0	0	1.0	1.0
GBE1	1	0	0	1.0	1.0
GADL1	1	0	0	1.0	1.0
FNDC3B	1	0	0	1.0	1.0
FLNB	1	0	0	1.0	1.0
IFRD2	1	0	0	1.0	1.0
FEZF2	1	0	0	1.0	1.0
KIAA1143	2	0	0	1.0	1.0
KIF9	1	0	0	1.0	1.0
NR2C2	1	0	0	1.0	1.0
NPHP3	1	0	0	1.0	1.0
NME6	1	0	0	1.0	1.0
NBEAL2	2	0	0	1.0	1.0
MYNN	1	0	0	1.0	1.0
MYH15	1	0	0	1.0	1.0
MUC4	3	0	0	1.0	1.0
MRPL3	1	0	0	1.0	1.0
MCF2L2	1	0	0	1.0	1.0
KIAA2018	1	0	0	1.0	1.0
MAGI1	1	0	0	1.0	1.0
LSM3	1	0	0	1.0	1.0
LSAMP	1	0	0	1.0	1.0
LRRFIP2	1	0	0	1.0	1.0
LRRC34	2	0	0	1.0	1.0
LRRC15	1	0	0	1.0	1.0
LHFPL4	1	0	0	1.0	1.0
KY	2	0	0	1.0	1.0
KLHL18	1	0	0	1.0	1.0
KLHDC8B	1	0	0	1.0	1.0
LZTFL1	1	0	0	1.0	1.0
FBXO40	1	0	0	1.0	1.0
FBXL2	1	0	0	1.0	1.0
FBLN2	1	0	0	1.0	1.0
CEP70	1	0	0	1.0	1.0
CELSR3	1	0	0	1.0	1.0
CCR9	1	0	0	1.0	1.0
CCR4	1	0	0	1.0	1.0
CCR3	1	0	0	1.0	1.0
CCDC54	2	0	0	1.0	1.0
CCDC39	2	0	0	1.0	1.0
CCDC14	1	0	0	1.0	1.0
CCDC13	1	0	0	1.0	1.0
CHL1	2	0	0	1.0	1.0
CACNA2D2	1	0	0	1.0	1.0
BSN	3	0	0	1.0	1.0
BRPF1	2	0	0	1.0	1.0
BCHE	1	0	0	1.0	1.0
BAP1	1	0	0	1.0	1.0
ATR	1	0	0	1.0	1.0
ATP6V1A	1	0	0	1.0	1.0
ATP2B2	1	0	0	1.0	1.0
ATP13A4	1	0	0	1.0	1.0
ATP11B	2	0	0	1.0	1.0
C3orf20	2	0	0	1.0	1.0
CHRD	1	0	0	1.0	1.0
CLSTN2	1	0	0	1.0	1.0
CMTM8	1	0	0	1.0	1.0
FAM43A	1	0	0	1.0	1.0
FAM212A	1	0	0	1.0	1.0
ETV5	1	0	0	1.0	1.0
ESYT3	1	0	0	1.0	1.0
EPM2AIP1	1	0	0	1.0	1.0
EPHB3	3	0	0	1.0	1.0
EPHB1	1	0	0	1.0	1.0
EIF4G1	1	0	0	1.0	1.0
ECE2	1	0	0	1.0	1.0
DZIP3	1	0	0	1.0	1.0
DUSP7	1	0	0	1.0	1.0
DNASE1L3	1	0	0	1.0	1.0
DNAJC13	2	0	0	1.0	1.0
DNAH1	2	0	0	1.0	1.0
DLEC1	1	0	0	1.0	1.0
DENND6A	2	0	0	1.0	1.0
CTNNB1	4	0	0	1.0	1.0
CRYBG3	1	0	0	1.0	1.0
CP	1	0	0	1.0	1.0
COL6A6	1	0	0	1.0	1.0
CNTN3	2	0	0	1.0	1.0
NXPE3	2	0	0	1.0	1.0
OGG1	1	0	0	1.0	1.0
OR5H2	1	0	0	1.0	1.0
OSBPL11	1	0	0	1.0	1.0
ADGB	1	0	0	1.0	1.0
ABCF1	1	0	0	1.0	1.0
ABCC10	1	0	0	1.0	1.0
ZNF639	1	0	0	1.0	1.0
ZNF445	1	0	0	1.0	1.0
ZBTB20	1	0	0	1.0	1.0
ZBBX	1	0	0	1.0	1.0
XPC	1	0	0	1.0	1.0
XIRP1	2	0	0	1.0	1.0
AIM1	5	0	0	1.0	1.0
VWA5B2	3	0	0	1.0	1.0
VIPR1	1	0	0	1.0	1.0
VILL	1	0	0	1.0	1.0
VGLL3	1	0	0	1.0	1.0
ULK4	1	0	0	1.0	1.0
UBA7	1	0	0	1.0	1.0
UBA5	1	0	0	1.0	1.0
TTC21A	1	0	0	1.0	1.0
TSC22D2	1	0	0	1.0	1.0
TRIM42	1	0	0	1.0	1.0
VPRBP	1	0	0	1.0	1.0
AKAP12	2	0	0	1.0	1.0
ALDH5A1	1	0	0	1.0	1.0
ARHGAP18	1	0	0	1.0	1.0
COL19A1	1	0	0	1.0	1.0
CENPW	1	0	0	1.0	1.0
CCR6	2	0	0	1.0	1.0
CCHCR1	1	0	0	1.0	1.0
CCDC170	1	0	0	1.0	1.0
CAPN11	1	0	0	1.0	1.0
C6orf58	1	0	0	1.0	1.0
TBC1D32	2	0	0	1.0	1.0
C6orf15	1	0	0	1.0	1.0
C6orf141	1	0	0	1.0	1.0
C6orf118	1	0	0	1.0	1.0
C6orf106	1	0	0	1.0	1.0
BTNL2	1	0	0	1.0	1.0
BPHL	1	0	0	1.0	1.0
BMP6	1	0	0	1.0	1.0
BLOC1S5	1	0	0	1.0	1.0
BEND3	3	0	0	1.0	1.0
BAI3	1	0	0	1.0	1.0
B3GALT4	1	0	0	1.0	1.0
ATXN1	1	0	0	1.0	1.0
ARMC2	1	0	0	1.0	1.0
TRANK1	1	0	0	1.0	1.0
VWA5A	1	0	0	1.0	1.0
TRAK1	1	0	0	1.0	1.0
TMPRSS7	1	0	0	1.0	1.0
ROBO2	3	0	0	1.0	1.0
RFTN1	1	0	0	1.0	1.0
RBMS3	2	0	0	1.0	1.0
PVRL3	1	0	0	1.0	1.0
PTPN23	1	0	0	1.0	1.0
PTH1R	1	0	0	1.0	1.0
PSMD6	1	0	0	1.0	1.0
PRKCI	1	0	0	1.0	1.0
PRICKLE2	2	0	0	1.0	1.0
RRP9	1	0	0	1.0	1.0
PPP2R3A	1	0	0	1.0	1.0
PLXNA1	2	0	0	1.0	1.0
PLS1	1	0	0	1.0	1.0
PLCXD2	1	0	0	1.0	1.0
PHF7	1	0	0	1.0	1.0
PDZRN3	1	0	0	1.0	1.0
PDCD6IP	1	0	0	1.0	1.0
PDCD10	1	0	0	1.0	1.0
PBRM1	1	0	0	1.0	1.0
P2RY14	1	0	0	1.0	1.0
POLR2H	1	0	0	1.0	1.0
RTP1	1	0	0	1.0	1.0
SCAP	2	0	0	1.0	1.0
SCN11A	1	0	0	1.0	1.0
TMEM44	1	0	0	1.0	1.0
TMEM41A	1	0	0	1.0	1.0
TMCC1	2	0	0	1.0	1.0
TLR9	1	0	0	1.0	1.0
TKT	1	0	0	1.0	1.0
TIPARP	1	0	0	1.0	1.0
TF	1	0	0	1.0	1.0
TAGLN3	1	0	0	1.0	1.0
SUSD5	1	0	0	1.0	1.0
SUCNR1	1	0	0	1.0	1.0
STAB1	6	0	0	1.0	1.0
ST6GAL1	1	0	0	1.0	1.0
SNTN	1	0	0	1.0	1.0
SMC4	1	0	0	1.0	1.0
SLC9A9	1	0	0	1.0	1.0
SLC6A11	1	0	0	1.0	1.0
SLC12A8	1	0	0	1.0	1.0
SETD2	1	0	0	1.0	1.0
SEMA3G	1	0	0	1.0	1.0
SEMA3F	1	0	0	1.0	1.0
SCN5A	1	0	0	1.0	1.0
TOPAZ1	1	0	0	1.0	1.0
VSTM5	1	0	0	1.0	1.0
USP28	1	0	0	1.0	1.0
TTC17	1	0	0	1.0	1.0
SMAP2	1	0	0	1.0	1.0
SLC9A1	2	0	0	1.0	1.0
SLC6A9	2	0	0	1.0	1.0
SLC5A9	1	0	0	1.0	1.0
SLC44A5	1	0	0	1.0	1.0
SLC35F3	2	0	0	1.0	1.0
SKI	1	0	0	1.0	1.0
SIPA1L2	1	0	0	1.0	1.0
SH3BP5L	1	0	0	1.0	1.0
SPEN	3	0	0	1.0	1.0
SH2D2A	2	0	0	1.0	1.0
SEPN1	1	0	0	1.0	1.0
SEP15	1	0	0	1.0	1.0
COA7	1	0	0	1.0	1.0
SELP	2	0	0	1.0	1.0
SELL	1	0	0	1.0	1.0
SELENBP1	1	0	0	1.0	1.0
SCNN1D	1	0	0	1.0	1.0
SASS6	1	0	0	1.0	1.0
SARS	1	0	0	1.0	1.0
SGIP1	3	0	0	1.0	1.0
RYR2	4	0	0	1.0	1.0
SPRR2G	1	0	0	1.0	1.0
SRGAP2	1	0	0	1.0	1.0
TSPAN2	1	0	0	1.0	1.0
TRAF3IP3	1	0	0	1.0	1.0
TPM3	1	0	0	1.0	1.0
TNR	2	0	0	1.0	1.0
TNNI3K	1	0	0	1.0	1.0
TNN	1	0	0	1.0	1.0
TNFRSF25	1	0	0	1.0	1.0
TMEM206	1	0	0	1.0	1.0
TMEM201	1	0	0	1.0	1.0
SPRR4	1	0	0	1.0	1.0
TIE1	1	0	0	1.0	1.0
TGFBR3	1	0	0	1.0	1.0
TESK2	1	0	0	1.0	1.0
TDRD5	1	0	0	1.0	1.0
TAS1R1	1	0	0	1.0	1.0
TAF1A	1	0	0	1.0	1.0
TACSTD2	1	0	0	1.0	1.0
STPG1	1	0	0	1.0	1.0
SRRM1	2	0	0	1.0	1.0
SRM	1	0	0	1.0	1.0
THRAP3	1	0	0	1.0	1.0
RPTN	2	0	0	1.0	1.0
RPS6KC1	1	0	0	1.0	1.0
RPRD2	1	0	0	1.0	1.0
PLXNA2	2	0	0	1.0	1.0
PLEKHG5	1	0	0	1.0	1.0
PLA2G4A	1	0	0	1.0	1.0
PIK3R3	1	0	0	1.0	1.0
PIGV	1	0	0	1.0	1.0
PIFO	1	0	0	1.0	1.0
PIAS3	1	0	0	1.0	1.0
PHC2	1	0	0	1.0	1.0
PEX10	1	0	0	1.0	1.0
PM20D1	1	0	0	1.0	1.0
PER3	2	0	0	1.0	1.0
PDE4DIP	2	0	0	1.0	1.0
PARP1	2	0	0	1.0	1.0
PAPPA2	1	0	0	1.0	1.0
OR2T33	1	0	0	1.0	1.0
OR2T2	1	0	0	1.0	1.0
OR2G3	1	0	0	1.0	1.0
OR14I1	1	0	0	1.0	1.0
OR14C36	1	0	0	1.0	1.0
OR10K2	1	0	0	1.0	1.0
PEAR1	1	0	0	1.0	1.0
POLR3C	1	0	0	1.0	1.0
PPFIA4	1	1	0	1.0	1.0
PPIAL4G	1	0	0	1.0	1.0
RPAP2	1	0	0	1.0	1.0
RORC	2	0	0	1.0	1.0
ROR1	1	0	0	1.0	1.0
RHOU	1	0	0	1.0	1.0
RGL1	1	0	0	1.0	1.0
RC3H1	1	0	0	1.0	1.0
RBM15	1	0	0	1.0	1.0
RBBP4	1	0	0	1.0	1.0
RASSF5	1	0	0	1.0	1.0
RASAL2	1	0	0	1.0	1.0
RAP1GAP	1	0	0	1.0	1.0
RALGPS2	1	0	0	1.0	1.0
PTPRF	3	0	0	1.0	1.0
PTPRC	1	0	0	1.0	1.0
PTGS2	2	0	0	1.0	1.0
PTCHD2	2	0	0	1.0	1.0
PRPF38A	1	0	0	1.0	1.0
PRPF3	1	0	0	1.0	1.0
PRELP	1	0	0	1.0	1.0
PRAMEF4	2	0	0	1.0	1.0
PRAMEF11	1	0	0	1.0	1.0
TSTD1	1	0	0	1.0	1.0
OR10J1	1	0	0	1.0	1.0
TTC13	1	0	0	1.0	1.0
UBAP2L	1	0	0	1.0	1.0
CYP4F12	1	0	0	1.0	1.0
CYP4F11	1	0	0	1.0	1.0
CYP2F1	1	0	0	1.0	1.0
CREB3L3	1	0	0	1.0	1.0
COX7A1	1	0	0	1.0	1.0
COX6B1	1	0	0	1.0	1.0
COLGALT1	1	0	0	1.0	1.0
CHST8	2	0	0	1.0	1.0
CHAF1A	2	0	0	1.0	1.0
DHX34	3	0	0	1.0	1.0
CEACAM5	1	0	0	1.0	1.0
CD209	1	0	0	1.0	1.0
CCDC8	1	0	0	1.0	1.0
CATSPERG	1	0	0	1.0	1.0
CARD8	2	0	0	1.0	1.0
CAMSAP3	1	0	0	1.0	1.0
CACNG7	1	0	0	1.0	1.0
CACNA1A	2	0	0	1.0	1.0
C19orf44	2	0	0	1.0	1.0
C19orf24	1	0	0	1.0	1.0
CD97	1	0	0	1.0	1.0
BTBD2	1	0	0	1.0	1.0
DMKN	1	0	0	1.0	1.0
DOCK6	1	0	0	1.0	1.0
FPR1	1	0	0	1.0	1.0
FKRP	1	0	0	1.0	1.0
FKBP8	1	0	0	1.0	1.0
FIZ1	1	0	0	1.0	1.0
FGF21	1	0	0	1.0	1.0
FFAR2	1	0	0	1.0	1.0
FCGBP	4	0	0	1.0	1.0
FBXW9	1	0	0	1.0	1.0
FBN3	4	0	0	1.0	1.0
DNMT1	1	0	0	1.0	1.0
FARSA	1	0	0	1.0	1.0
FAM71E2	1	0	0	1.0	1.0
ERF	1	0	0	1.0	1.0
ERCC1	2	0	0	1.0	1.0
EPS8L1	1	0	0	1.0	1.0
EMR3	1	0	0	1.0	1.0
EMR2	2	0	0	1.0	1.0
EMR1	1	0	0	1.0	1.0
ELOF1	1	0	0	1.0	1.0
EEF2	1	0	0	1.0	1.0
FAM83E	1	0	0	1.0	1.0
BRD4	1	0	0	1.0	1.0
B3GNT8	1	0	0	1.0	1.0
AXL	2	0	0	1.0	1.0
ZCCHC17	1	0	0	1.0	1.0
ZCCHC11	1	0	0	1.0	1.0
ZBTB40	1	0	0	1.0	1.0
YBX1	1	0	0	1.0	1.0
WNT4	1	0	0	1.0	1.0
WLS	1	0	0	1.0	1.0
WDR47	1	0	0	1.0	1.0
WARS2	1	0	0	1.0	1.0
VPS13D	3	0	0	1.0	1.0
ZMPSTE24	1	0	0	1.0	1.0
VAV3	2	0	0	1.0	1.0
VAMP3	1	0	0	1.0	1.0
USP24	1	0	0	1.0	1.0
USP21	2	0	0	1.0	1.0
USH2A	4	0	0	1.0	1.0
URB2	1	0	0	1.0	1.0
UHMK1	1	0	0	1.0	1.0
UCK2	1	0	0	1.0	1.0
UBR4	2	0	0	1.0	1.0
UBE4B	2	0	0	1.0	1.0
VASH2	1	0	0	1.0	1.0
ZBTB18	1	0	0	1.0	1.0
ZNF281	1	0	0	1.0	1.0
ZNF326	2	0	0	1.0	1.0
ATP8B3	1	0	0	1.0	1.0
ATP1A3	1	0	0	1.0	1.0
ATP13A1	1	0	0	1.0	1.0
ATG4D	1	0	0	1.0	1.0
ASPDH	1	0	0	1.0	1.0
ASNA1	1	0	0	1.0	1.0
ARRDC2	1	0	0	1.0	1.0
ARHGEF18	1	0	0	1.0	1.0
ARHGAP35	1	0	0	1.0	1.0
AP3D1	1	0	0	1.0	1.0
ANKRD24	2	0	0	1.0	1.0
ANGPTL4	1	0	0	1.0	1.0
AKAP8L	1	0	0	1.0	1.0
AKAP8	1	0	0	1.0	1.0
ADCK4	1	0	0	1.0	1.0
ADAMTS10	1	0	0	1.0	1.0
ABCA7	3	0	0	1.0	1.0
ZZZ3	1	0	0	1.0	1.0
ZSCAN20	1	0	0	1.0	1.0
ZRANB2	1	0	0	1.0	1.0
ZNF648	2	0	0	1.0	1.0
TTC4	1	0	0	1.0	1.0
OLFML3	1	0	0	1.0	1.0
OLFML2B	1	0	0	1.0	1.0
OBSCN	6	0	0	1.0	1.0
DIRAS3	1	0	0	1.0	1.0
CYP4A22	2	0	0	1.0	1.0
CTBS	1	0	0	1.0	1.0
CSMD2	2	0	0	1.0	1.0
CSF1	1	0	0	1.0	1.0
CROCC	1	0	0	1.0	1.0
CPSF3L	1	0	0	1.0	1.0
CLK2	1	0	0	1.0	1.0
CLCA4	1	0	0	1.0	1.0
DLGAP3	2	0	0	1.0	1.0
CHRNB2	1	0	0	1.0	1.0
CGN	1	0	0	1.0	1.0
CFH	1	0	0	1.0	1.0
CEPT1	1	0	0	1.0	1.0
CEP350	2	0	0	1.0	1.0
CEP104	1	0	0	1.0	1.0
CENPF	2	0	0	1.0	1.0
CELSR2	1	0	0	1.0	1.0
CELA3B	1	0	0	1.0	1.0
CDC7	1	0	0	1.0	1.0
CHD5	1	0	0	1.0	1.0
CD5L	3	0	0	1.0	1.0
DMRTA2	2	0	0	1.0	1.0
DVL1	2	0	0	1.0	1.0
FBXO6	1	0	0	1.0	1.0
FAM78B	1	0	0	1.0	1.0
BRINP2	2	0	0	1.0	1.0
F5	2	0	0	1.0	1.0
F13B	1	0	0	1.0	1.0
EXOC8	1	0	0	1.0	1.0
EXO5	1	0	0	1.0	1.0
ERRFI1	1	0	0	1.0	1.0
ERMAP	1	0	0	1.0	1.0
DNTTIP2	1	0	0	1.0	1.0
EPRS	1	0	0	1.0	1.0
EPHA2	1	0	0	1.0	1.0
EPHA10	1	0	0	1.0	1.0
EPB41	1	0	0	1.0	1.0
ELTD1	2	0	0	1.0	1.0
EIF4G3	1	0	0	1.0	1.0
EIF2D	1	0	0	1.0	1.0
AGO3	3	0	0	1.0	1.0
EFCAB7	1	0	0	1.0	1.0
EFCAB14	1	0	0	1.0	1.0
EPHB2	1	0	0	1.0	1.0
CD1C	1	0	0	1.0	1.0
CCT3	1	0	0	1.0	1.0
CCNL2	1	0	0	1.0	1.0
ATF6	1	0	0	1.0	1.0
ASTN1	1	0	0	1.0	1.0
ASPM	2	0	0	1.0	1.0
ASH1L	2	0	0	1.0	1.0
ARTN	1	0	0	1.0	1.0
ARID4B	1	0	0	1.0	1.0
ARHGEF16	1	0	0	1.0	1.0
ARHGEF11	3	0	0	1.0	1.0
ARHGAP29	1	0	0	1.0	1.0
ATG4C	1	0	0	1.0	1.0
APOA2	1	0	0	1.0	1.0
ANKRD45	1	0	0	1.0	1.0
ALG6	1	0	0	1.0	1.0
AJAP1	1	0	0	1.0	1.0
AGL	1	0	0	1.0	1.0
ADSS	1	0	0	1.0	1.0
ADAMTSL4	1	0	0	1.0	1.0
ADAM30	1	0	0	1.0	1.0
ADAM15	1	0	0	1.0	1.0
ACBD6	2	0	0	1.0	1.0
ANP32E	1	0	0	1.0	1.0
ATP1A2	2	0	0	1.0	1.0
ATP1A4	1	0	0	1.0	1.0
ATP2B4	1	0	0	1.0	1.0
CCDC27	1	0	0	1.0	1.0
CASZ1	1	0	0	1.0	1.0
CASP9	1	0	0	1.0	1.0
CAPN9	1	0	0	1.0	1.0
CAPN2	2	0	0	1.0	1.0
CAMTA1	1	0	0	1.0	1.0
CALML6	1	0	0	1.0	1.0
CACNA1E	2	0	0	1.0	1.0
C8B	1	0	0	1.0	1.0
C1orf54	1	0	0	1.0	1.0
C1orf174	1	0	0	1.0	1.0
C1orf158	1	0	0	1.0	1.0
C1orf141	1	0	0	1.0	1.0
C1QC	1	0	0	1.0	1.0
BTF3L4	1	0	0	1.0	1.0
BOLA1	1	0	0	1.0	1.0
BMP8B	1	0	0	1.0	1.0
BCAN	1	0	0	1.0	1.0
BAI2	3	0	0	1.0	1.0
B3GALT2	1	0	0	1.0	1.0
ATP8B2	3	0	0	1.0	1.0
FCGR3A	2	0	0	1.0	1.0
FHAD1	1	0	0	1.0	1.0
FLAD1	1	0	0	1.0	1.0
FLG	4	0	0	1.0	1.0
LCE2B	1	0	0	1.0	1.0
LCE1F	1	0	0	1.0	1.0
KIRREL	1	0	0	1.0	1.0
KIF2C	1	0	0	1.0	1.0
KIF26B	2	0	0	1.0	1.0
KIF21B	1	0	0	1.0	1.0
KIAA2013	1	0	0	1.0	1.0
KIAA1614	2	0	0	1.0	1.0
KIAA1107	1	0	0	1.0	1.0
LCE4A	1	0	0	1.0	1.0
KIAA0907	1	0	0	1.0	1.0
KCTD3	1	0	0	1.0	1.0
KCNT2	1	0	0	1.0	1.0
KCNK2	1	0	0	1.0	1.0
KCNJ10	1	0	0	1.0	1.0
KCNH1	1	0	0	1.0	1.0
KCNC4	1	0	0	1.0	1.0
KANK4	1	0	0	1.0	1.0
JAK1	1	0	0	1.0	1.0
IVL	1	0	0	1.0	1.0
KIAA0754	1	0	0	1.0	1.0
LRIG2	1	0	0	1.0	1.0
LRRC41	1	0	0	1.0	1.0
LRRC71	1	0	0	1.0	1.0
NUAK2	1	0	0	1.0	1.0
NRAS	1	0	0	1.0	1.0
NR5A2	1	0	0	1.0	1.0
NLRP3	2	0	0	1.0	1.0
NIPAL3	3	0	0	1.0	1.0
NFIA	1	0	0	1.0	1.0
NES	2	0	0	1.0	1.0
NDUFS2	1	0	0	1.0	1.0
MYOM3	3	0	0	1.0	1.0
MTF2	1	0	0	1.0	1.0
MROH9	2	0	0	1.0	1.0
MOV10	1	0	0	1.0	1.0
MORN1	1	0	0	1.0	1.0
MMEL1	1	0	0	1.0	1.0
MFAP2	1	0	0	1.0	1.0
MEX3A	1	0	0	1.0	1.0
MEF2D	1	0	0	1.0	1.0
MARK1	1	0	0	1.0	1.0
MANEAL	1	0	0	1.0	1.0
MAGI3	1	0	0	1.0	1.0
MACF1	2	0	0	1.0	1.0
ITLN2	1	0	0	1.0	1.0
FPR3	1	0	0	1.0	1.0
IQGAP3	1	0	0	1.0	1.0
INPP5B	1	0	0	1.0	1.0
GPR61	1	0	0	1.0	1.0
GPR3	1	0	0	1.0	1.0
GPATCH2	1	0	0	1.0	1.0
GPA33	1	0	0	1.0	1.0
GOLPH3L	1	0	0	1.0	1.0
GNPAT	1	0	0	1.0	1.0
GNB1	2	0	0	1.0	1.0
GNAT2	1	0	0	1.0	1.0
GMEB1	1	0	0	1.0	1.0
GPX7	1	0	0	1.0	1.0
GLMN	1	0	0	1.0	1.0
GABPB2	1	0	0	1.0	1.0
FUCA1	1	0	0	1.0	1.0
FOXJ3	1	0	0	1.0	1.0
FOXD2	1	0	0	1.0	1.0
FNDC7	1	0	0	1.0	1.0
FMOD	1	0	0	1.0	1.0
FMO2	1	0	0	1.0	1.0
FMO1	1	0	0	1.0	1.0
FLG2	1	0	0	1.0	1.0
GABRD	1	0	0	1.0	1.0
GRHL3	1	0	0	1.0	1.0
H3F3A	1	0	0	1.0	1.0
HAPLN2	1	0	0	1.0	1.0
ILDR2	1	0	0	1.0	1.0
IGSF3	1	0	0	1.0	1.0
IGSF21	2	0	0	1.0	1.0
HSPG2	3	0	0	1.0	1.0
HSD3B1	1	0	0	1.0	1.0
HSD11B1	1	0	0	1.0	1.0
HRNR	3	0	0	1.0	1.0
HPCAL4	1	0	0	1.0	1.0
HOOK1	2	0	0	1.0	1.0
HNRNPR	1	0	0	1.0	1.0
HMGCS2	1	0	0	1.0	1.0
HMCN1	6	0	0	1.0	1.0
HIVEP3	1	0	0	1.0	1.0
HIPK1	1	0	0	1.0	1.0
HIAT1	1	0	0	1.0	1.0
HFM1	2	0	0	1.0	1.0
HENMT1	1	0	0	1.0	1.0
HEATR1	1	0	0	1.0	1.0
HDAC1	2	0	0	1.0	1.0
HCRTR1	1	0	0	1.0	1.0
HCN3	1	0	0	1.0	1.0
INTS3	1	0	0	1.0	1.0
ACAP3	1	0	0	1.0	1.0
FUT3	1	0	0	1.0	1.0
FUZ	1	0	0	1.0	1.0
FGF19	1	0	0	1.0	1.0
FAT3	5	0	0	1.0	1.0
FAM160A2	1	0	0	1.0	1.0
FADD	2	0	0	1.0	1.0
ESAM	1	0	0	1.0	1.0
DSCAML1	2	0	0	1.0	1.0
DNHD1	3	0	0	1.0	1.0
DLG2	1	0	0	1.0	1.0
DYRK2	1	0	0	1.0	1.0
FGF3	1	0	0	1.0	1.0
CXCR5	1	0	0	1.0	1.0
CRY2	1	0	0	1.0	1.0
CNTN5	2	0	0	1.0	1.0
CHST1	1	0	0	1.0	1.0
CD3D	1	0	0	1.0	1.0
CCS	1	0	0	1.0	1.0
CCDC73	1	0	0	1.0	1.0
CBL	1	0	0	1.0	1.0
CALCA	1	0	0	1.0	1.0
CADM1	1	0	0	1.0	1.0
CTR9	1	0	0	1.0	1.0
C2CD2L	1	0	0	1.0	1.0
FIBIN	1	0	0	1.0	1.0
FRMD8	2	0	0	1.0	1.0
LPXN	1	0	0	1.0	1.0
LGALS12	1	0	0	1.0	1.0
LDHA	2	0	0	1.0	1.0
KRTAP5-5	1	0	0	1.0	1.0
KCTD21	2	0	0	1.0	1.0
KAT5	1	0	0	1.0	1.0
INTS4	1	0	0	1.0	1.0
INSC	2	0	0	1.0	1.0
IGSF22	1	0	0	1.0	1.0
FNBP4	1	0	0	1.0	1.0
HTR3A	1	0	0	1.0	1.0
HIPK3	1	0	0	1.0	1.0
HEPHL1	1	0	0	1.0	1.0
GRM5	1	0	0	1.0	1.0
GRIK4	1	0	0	1.0	1.0
GPR83	1	0	0	1.0	1.0
GPR137	1	0	0	1.0	1.0
GLB1L3	1	0	0	1.0	1.0
GLB1L2	3	0	0	1.0	1.0
GAL3ST3	1	0	0	1.0	1.0
HPS5	2	0	0	1.0	1.0
C11orf87	1	0	0	1.0	1.0
C11orf84	1	0	0	1.0	1.0
C11orf63	1	0	0	1.0	1.0
ZNF700	1	0	0	1.0	1.0
ZNF676	1	0	0	1.0	1.0
ZNF665	1	0	0	1.0	1.0
ZNF653	1	0	0	1.0	1.0
ZNF628	1	0	0	1.0	1.0
ZNF607	1	0	0	1.0	1.0
ZNF585B	1	0	0	1.0	1.0
ZNF582	1	0	0	1.0	1.0
ZNF567	1	0	0	1.0	1.0
ZNF701	1	0	0	1.0	1.0
ZNF564	1	0	0	1.0	1.0
ZNF559	1	0	0	1.0	1.0
ZNF558	1	0	0	1.0	1.0
ZNF546	1	0	0	1.0	1.0
ZNF534	1	0	0	1.0	1.0
ZNF529	1	0	0	1.0	1.0
ZNF527	1	0	0	1.0	1.0
ZNF491	1	0	0	1.0	1.0
ZNF486	1	0	0	1.0	1.0
ZNF473	2	0	0	1.0	1.0
ZNF563	2	0	0	1.0	1.0
ZNF714	1	0	0	1.0	1.0
ZNF765	1	0	0	1.0	1.0
ZNF77	2	0	0	1.0	1.0
C11orf54	1	0	0	1.0	1.0
C11orf30	1	0	0	1.0	1.0
BSCL2	1	0	0	1.0	1.0
BRSK2	1	0	0	1.0	1.0
BEST1	1	0	0	1.0	1.0
ART5	1	0	0	1.0	1.0
ARHGAP32	1	0	0	1.0	1.0
ARHGAP1	1	0	0	1.0	1.0
ANO5	1	0	0	1.0	1.0
AHNAK	1	0	0	1.0	1.0
ADRBK1	1	0	0	1.0	1.0
AASDHPPT	1	0	0	1.0	1.0
ZSCAN18	1	0	0	1.0	1.0
ZNRF4	1	0	0	1.0	1.0
ZNF878	1	0	0	1.0	1.0
ZNF846	1	0	0	1.0	1.0
ZNF841	1	0	0	1.0	1.0
ZNF836	1	0	0	1.0	1.0
ZNF835	1	0	0	1.0	1.0
ZNF805	1	0	0	1.0	1.0
ZNF781	1	0	0	1.0	1.0
LRP4	1	0	0	1.0	1.0
ZNF471	1	0	0	1.0	1.0
LRRC4C	2	0	0	1.0	1.0
MICAL2	1	0	0	1.0	1.0
SCGB2A1	1	0	0	1.0	1.0
RPS6KA4	1	0	0	1.0	1.0
RPS3	1	0	0	1.0	1.0
RNF214	1	0	0	1.0	1.0
RHOD	1	0	0	1.0	1.0
RCN1	1	0	0	1.0	1.0
RASSF7	1	0	0	1.0	1.0
RAG1	1	0	0	1.0	1.0
RAD9A	1	0	0	1.0	1.0
SERPING1	1	0	0	1.0	1.0
PVRL1	1	0	0	1.0	1.0
PTPN5	1	0	0	1.0	1.0
PTGDR2	1	0	0	1.0	1.0
PRDM10	1	0	0	1.0	1.0
PPFIA1	1	0	0	1.0	1.0
POU2F3	2	0	0	1.0	1.0
POU2AF1	1	0	0	1.0	1.0
POLA2	1	0	0	1.0	1.0
PLEKHA7	1	0	0	1.0	1.0
PIWIL4	1	0	0	1.0	1.0
PTPRJ	1	0	0	1.0	1.0
PITPNM1	1	0	0	1.0	1.0
SF3B2	1	0	0	1.0	1.0
SIK2	1	0	0	1.0	1.0
TRPC6	1	0	0	1.0	1.0
TRIM5	1	0	0	1.0	1.0
TMPRSS4	1	0	0	1.0	1.0
TMEM225	1	0	0	1.0	1.0
TMEM138	1	0	0	1.0	1.0
TIMM8B	1	0	0	1.0	1.0
TH	1	0	0	1.0	1.0
TECTA	2	0	0	1.0	1.0
SYT8	1	0	0	1.0	1.0
SHANK2	2	0	0	1.0	1.0
SUV420H1	1	0	0	1.0	1.0
SORL1	2	0	0	1.0	1.0
SMTNL1	1	0	0	1.0	1.0
SLC43A3	1	0	0	1.0	1.0
SLC36A4	2	0	0	1.0	1.0
SLC35C1	1	0	0	1.0	1.0
SLC22A25	1	0	0	1.0	1.0
SLC22A24	1	0	0	1.0	1.0
SLC22A12	2	0	0	1.0	1.0
SIK3	1	0	0	1.0	1.0
SPTBN2	1	0	0	1.0	1.0
PIH1D2	1	0	0	1.0	1.0
PELI3	1	0	0	1.0	1.0
PC	1	0	0	1.0	1.0
NUP160	1	0	0	1.0	1.0
NUMA1	1	0	0	1.0	1.0
NUDT22	1	0	0	1.0	1.0
NRIP3	1	0	0	1.0	1.0
NR1H3	1	0	0	1.0	1.0
NLRP10	1	0	0	1.0	1.0
NFRKB	1	0	0	1.0	1.0
NCAPD3	1	0	0	1.0	1.0
NCAM1	1	0	0	1.0	1.0
NUP98	1	0	0	1.0	1.0
NAV2	2	0	0	1.0	1.0
MUS81	1	0	0	1.0	1.0
MUC2	1	0	0	1.0	1.0
MTMR2	2	0	0	1.0	1.0
MRGPRX4	1	0	0	1.0	1.0
MRGPRE	1	0	0	1.0	1.0
MPPED2	2	0	0	1.0	1.0
MMP8	1	0	0	1.0	1.0
KMT2A	1	0	0	1.0	1.0
MICALCL	1	0	0	1.0	1.0
MYO7A	1	0	0	1.0	1.0
NXF1	1	0	0	1.0	1.0
NXPE4	1	0	0	1.0	1.0
OR10W1	2	0	0	1.0	1.0
PAMR1	1	0	0	1.0	1.0
P2RY2	4	0	0	1.0	1.0
OR8D2	1	0	0	1.0	1.0
OR8A1	1	0	0	1.0	1.0
OR5M11	1	0	0	1.0	1.0
OR5L2	1	0	0	1.0	1.0
OR5D13	2	0	0	1.0	1.0
OR56A4	1	0	0	1.0	1.0
OR56A3	2	0	0	1.0	1.0
OR52N2	1	0	0	1.0	1.0
OR52M1	1	0	0	1.0	1.0
OR52L1	1	0	0	1.0	1.0
OR52I2	1	0	0	1.0	1.0
OR52E6	1	0	0	1.0	1.0
OR52E2	1	0	0	1.0	1.0
OR52D1	1	0	0	1.0	1.0
OR51F2	1	0	0	1.0	1.0
OR51E1	1	0	0	1.0	1.0
OR51A4	1	0	0	1.0	1.0
OR4C6	1	0	0	1.0	1.0
OR4C16	1	0	0	1.0	1.0
LTBP3	2	0	0	1.0	1.0
ZNF441	1	0	0	1.0	1.0
ZNF44	1	0	0	1.0	1.0
ZNF429	1	0	0	1.0	1.0
NTF4	1	0	0	1.0	1.0
NR2F6	1	0	0	1.0	1.0
NR2C2AP	1	0	0	1.0	1.0
NOTCH3	3	0	0	1.0	1.0
NLRP9	1	0	0	1.0	1.0
NLRP8	2	0	0	1.0	1.0
NLRP5	2	0	0	1.0	1.0
NLRP2	2	0	0	1.0	1.0
NLRP12	1	0	0	1.0	1.0
NWD1	1	0	0	1.0	1.0
NKPD1	1	0	0	1.0	1.0
MYO9B	3	0	0	1.0	1.0
MYO1F	1	0	0	1.0	1.0
MUC16	8	0	0	1.0	1.0
MRI1	1	0	0	1.0	1.0
MLLT1	1	0	0	1.0	1.0
KMT2B	4	0	0	1.0	1.0
MEGF8	2	0	0	1.0	1.0
MED29	1	0	0	1.0	1.0
MAST1	1	0	0	1.0	1.0
NCAN	2	0	0	1.0	1.0
MAP2K7	1	0	0	1.0	1.0
ODF3L2	1	0	0	1.0	1.0
OR10H5	2	0	0	1.0	1.0
PRDX2	1	0	0	1.0	1.0
PRAM1	1	0	0	1.0	1.0
PPP6R1	1	0	0	1.0	1.0
PPFIA3	1	0	0	1.0	1.0
PPAP2C	1	0	0	1.0	1.0
POLD1	2	0	0	1.0	1.0
PNPLA6	2	0	0	1.0	1.0
PLIN3	1	0	0	1.0	1.0
PLEKHF1	1	0	0	1.0	1.0
OR10H2	1	0	0	1.0	1.0
PLA2G4C	1	0	0	1.0	1.0
PIK3R2	1	0	0	1.0	1.0
PEG3	2	0	0	1.0	1.0
PDE4C	1	0	0	1.0	1.0
PDE4A	1	0	0	1.0	1.0
PDCD5	1	0	0	1.0	1.0
PCSK4	1	0	0	1.0	1.0
PAPL	1	0	0	1.0	1.0
OR7A17	1	0	0	1.0	1.0
OR1M1	1	0	0	1.0	1.0
PIN1	1	0	0	1.0	1.0
MAN2B1	1	0	0	1.0	1.0
MAG	1	0	0	1.0	1.0
LYPD3	2	0	0	1.0	1.0
IRF3	1	0	0	1.0	1.0
INSR	1	0	0	1.0	1.0
ILF3	1	0	0	1.0	1.0
IL4I1	1	0	0	1.0	1.0
IL27RA	1	0	0	1.0	1.0
ICAM1	3	0	0	1.0	1.0
HPN	1	0	0	1.0	1.0
HOOK2	1	0	0	1.0	1.0
HNRNPM	1	0	0	1.0	1.0
IRGC	2	0	0	1.0	1.0
HAUS8	1	0	0	1.0	1.0
GRIN2D	1	0	0	1.0	1.0
GRIK5	2	0	0	1.0	1.0
GPR4	1	0	0	1.0	1.0
GPR108	1	0	0	1.0	1.0
GPATCH1	1	0	0	1.0	1.0
GMIP	2	0	0	1.0	1.0
GLTSCR1	1	0	0	1.0	1.0
GIPC3	1	0	0	1.0	1.0
GGN	1	0	0	1.0	1.0
HAUS5	1	0	0	1.0	1.0
JAK3	2	0	0	1.0	1.0
KDELR1	1	0	0	1.0	1.0
KDM4B	1	0	0	1.0	1.0
LTBP4	1	0	0	1.0	1.0
LSM14A	1	0	0	1.0	1.0
LRRC4B	1	0	0	1.0	1.0
LRFN3	1	0	0	1.0	1.0
LPPR3	1	0	0	1.0	1.0
LPHN1	2	0	0	1.0	1.0
LPAR2	1	0	0	1.0	1.0
LONP1	1	0	0	1.0	1.0
LMNB2	1	0	0	1.0	1.0
LIPE	1	0	0	1.0	1.0
LINGO3	1	0	0	1.0	1.0
LIM2	2	0	0	1.0	1.0
LILRB5	1	0	0	1.0	1.0
LILRB2	2	0	0	1.0	1.0
LILRB1	1	0	0	1.0	1.0
LGALS7	2	0	0	1.0	1.0
LDLR	1	0	0	1.0	1.0
KLK12	1	0	0	1.0	1.0
KLK11	1	0	0	1.0	1.0
KLC3	2	0	0	1.0	1.0
KEAP1	1	0	0	1.0	1.0
PRR12	1	0	0	1.0	1.0
PRR19	1	0	0	1.0	1.0
PRX	3	0	0	1.0	1.0
PSG4	1	0	0	1.0	1.0
WDR87	1	0	0	1.0	1.0
WDR18	1	0	0	1.0	1.0
VRK3	1	0	0	1.0	1.0
VN1R2	2	0	0	1.0	1.0
VAV1	2	0	0	1.0	1.0
VASP	1	0	0	1.0	1.0
UPF1	2	0	0	1.0	1.0
UBA2	2	0	0	1.0	1.0
TYK2	1	0	0	1.0	1.0
WIZ	1	0	0	1.0	1.0
TSKS	1	0	0	1.0	1.0
TRMT1	1	0	0	1.0	1.0
TNPO2	2	0	0	1.0	1.0
TNNT1	1	0	0	1.0	1.0
TNNI3	1	0	0	1.0	1.0
TMEM86B	1	0	0	1.0	1.0
TMEM161A	1	0	0	1.0	1.0
TMEM145	1	0	0	1.0	1.0
TMC4	1	0	0	1.0	1.0
TJP3	1	0	0	1.0	1.0
TSHZ3	1	0	0	1.0	1.0
YJEFN3	1	0	0	1.0	1.0
ZBTB45	1	0	0	1.0	1.0
ZC3H4	2	0	0	1.0	1.0
ZNF426	1	0	0	1.0	1.0
ZNF420	1	0	0	1.0	1.0
ZNF419	2	0	0	1.0	1.0
ZNF415	1	0	0	1.0	1.0
ZNF383	1	0	0	1.0	1.0
ZNF331	1	0	0	1.0	1.0
ZNF324B	1	0	0	1.0	1.0
ZNF324	1	0	0	1.0	1.0
ZNF320	1	0	0	1.0	1.0
ZNF317	1	0	0	1.0	1.0
ZNF296	1	0	0	1.0	1.0
ZNF264	2	0	0	1.0	1.0
ZNF229	1	0	0	1.0	1.0
ZNF227	1	0	0	1.0	1.0
ZNF225	1	0	0	1.0	1.0
ZNF221	1	0	0	1.0	1.0
ZNF160	1	0	0	1.0	1.0
ZNF155	1	0	0	1.0	1.0
ZNF135	1	0	0	1.0	1.0
ZFR2	1	0	0	1.0	1.0
ZFP28	2	0	0	1.0	1.0
TICAM1	1	0	0	1.0	1.0
FUT6	2	0	0	1.0	1.0
THOP1	1	0	0	1.0	1.0
TEX101	1	0	0	1.0	1.0
SAE1	1	0	0	1.0	1.0
S1PR4	1	0	0	1.0	1.0
RYR1	7	0	0	1.0	1.0
RUVBL2	1	0	0	1.0	1.0
RPS28	1	0	0	1.0	1.0
RFX2	1	0	0	1.0	1.0
RFX1	2	0	0	1.0	1.0
RFPL4A	1	0	0	1.0	1.0
REEP6	1	0	0	1.0	1.0
SBK2	1	0	0	1.0	1.0
RAVER1	1	0	0	1.0	1.0
RANBP3	1	0	0	1.0	1.0
RAB11B	1	0	0	1.0	1.0
R3HDM4	1	0	0	1.0	1.0
QTRT1	1	0	0	1.0	1.0
PVR	1	0	0	1.0	1.0
PTPRS	2	0	0	1.0	1.0
PSMC4	1	0	0	1.0	1.0
PSG7	1	0	0	1.0	1.0
PSG6	2	0	0	1.0	1.0
RASIP1	1	0	0	1.0	1.0
SBNO2	1	0	0	1.0	1.0
SCAF1	1	0	0	1.0	1.0
SCGB2B2	2	0	0	1.0	1.0
TBXA2R	1	0	0	1.0	1.0
TBCB	1	0	0	1.0	1.0
TARM1	1	0	0	1.0	1.0
SULT2B1	1	0	0	1.0	1.0
SUGP2	1	0	0	1.0	1.0
STRN4	1	0	0	1.0	1.0
SPTBN4	1	0	0	1.0	1.0
SPINT2	1	0	0	1.0	1.0
SMARCA4	1	0	0	1.0	1.0
SLC7A9	1	0	0	1.0	1.0
SLC7A10	1	0	0	1.0	1.0
SLC5A5	3	0	0	1.0	1.0
SLC27A5	1	0	0	1.0	1.0
SLC27A1	1	0	0	1.0	1.0
SLC25A23	1	0	0	1.0	1.0
SIPA1L3	2	0	0	1.0	1.0
SIN3B	1	0	0	1.0	1.0
SIGLEC9	1	0	0	1.0	1.0
SIGLEC5	1	0	0	1.0	1.0
SIGLEC12	1	0	0	1.0	1.0
SGTA	1	0	0	1.0	1.0
TFPT	1	0	0	1.0	1.0
DDB1	1	0	0	1.0	1.0
URB1	1	0	0	1.0	1.0
ESPL1	2	0	0	1.0	1.0
FAM200B	1	0	0	1.0	1.0
FAM198B	2	0	0	1.0	1.0
CCSER1	1	0	0	1.0	1.0
FAM184B	2	0	0	1.0	1.0
FAM160A1	1	0	0	1.0	1.0
FABP2	1	0	0	1.0	1.0
EXOC1	1	0	0	1.0	1.0
DDX60L	1	0	0	1.0	1.0
CRMP1	1	0	0	1.0	1.0
CORIN	2	0	0	1.0	1.0
COL25A1	1	0	0	1.0	1.0
FAM47E	1	0	0	1.0	1.0
CHRNA9	2	0	0	1.0	1.0
CCDC149	2	0	0	1.0	1.0
CABS1	1	0	0	1.0	1.0
C4orf50	1	0	0	1.0	1.0
C1QTNF7	1	0	0	1.0	1.0
BMP2K	1	0	0	1.0	1.0
BLOC1S4	1	0	0	1.0	1.0
ARAP2	1	0	0	1.0	1.0
AP1AR	1	0	0	1.0	1.0
ANK2	4	0	0	1.0	1.0
ANAPC4	1	0	0	1.0	1.0
AMTN	1	0	0	1.0	1.0
CENPE	1	0	0	1.0	1.0
AGA	1	0	0	1.0	1.0
FAT1	2	0	0	1.0	1.0
FBXO8	2	0	0	1.0	1.0
LNX1	2	0	0	1.0	1.0
LETM1	1	0	0	1.0	1.0
LARP7	1	0	0	1.0	1.0
KIAA1109	1	0	0	1.0	1.0
KDR	1	0	0	1.0	1.0
KCNIP4	2	0	0	1.0	1.0
IRF2	1	0	0	1.0	1.0
INPP4B	1	0	0	1.0	1.0
IGFBP7	1	0	0	1.0	1.0
IDUA	1	0	0	1.0	1.0
HTT	2	0	0	1.0	1.0
FAT4	6	0	0	1.0	1.0
HNRNPDL	1	0	0	1.0	1.0
GUCY1B3	1	0	0	1.0	1.0
GUCY1A3	2	0	0	1.0	1.0
GRK4	1	0	0	1.0	1.0
GRID2	2	0	0	1.0	1.0
GLRB	1	0	0	1.0	1.0
GK2	2	0	0	1.0	1.0
GABRA4	1	0	0	1.0	1.0
GABRA2	1	0	0	1.0	1.0
FSTL5	3	0	0	1.0	1.0
FRAS1	5	0	0	1.0	1.0
FBXW7	1	0	0	1.0	1.0
HGFAC	1	0	0	1.0	1.0
AFP	1	0	0	1.0	1.0
ADRA2C	2	0	0	1.0	1.0
ADH7	2	0	0	1.0	1.0
RGS10	1	0	0	1.0	1.0
RET	1	0	0	1.0	1.0
RBM20	2	0	0	1.0	1.0
RASSF4	1	0	0	1.0	1.0
RASGEF1A	1	0	0	1.0	1.0
PWWP2B	2	0	0	1.0	1.0
PTPRE	1	0	0	1.0	1.0
PTER	1	0	0	1.0	1.0
PRKCQ	1	0	0	1.0	1.0
PRDX3	1	0	0	1.0	1.0
PPRC1	1	0	0	1.0	1.0
RRP12	2	0	0	1.0	1.0
PPA1	1	0	0	1.0	1.0
PLCE1	3	0	0	1.0	1.0
PITRM1	1	0	0	1.0	1.0
PI4K2A	1	0	0	1.0	1.0
PDZD7	1	0	0	1.0	1.0
PDCD11	2	0	0	1.0	1.0
PCGF5	1	0	0	1.0	1.0
PCDH15	5	2	0	1.0	1.0
PARD3	2	0	0	1.0	1.0
PAPSS2	1	0	0	1.0	1.0
OTUD1	1	0	0	1.0	1.0
OR13A1	1	0	0	1.0	1.0
PNLIPRP3	1	0	0	1.0	1.0
SFMBT2	2	0	0	1.0	1.0
SFXN4	1	0	0	1.0	1.0
SGMS1	1	0	0	1.0	1.0
ADAMTS3	1	0	0	1.0	1.0
ACSL1	3	0	0	1.0	1.0
ZSWIM8	1	0	0	1.0	1.0
ZNF438	1	0	0	1.0	1.0
XPNPEP1	2	0	0	1.0	1.0
VWA2	1	0	0	1.0	1.0
USP54	1	0	0	1.0	1.0
UPF2	1	0	0	1.0	1.0
UNC5B	1	0	0	1.0	1.0
TIAL1	1	0	0	1.0	1.0
TET1	1	0	0	1.0	1.0
TAF3	1	0	0	1.0	1.0
TACC2	1	0	0	1.0	1.0
SYNPO2L	3	0	0	1.0	1.0
SUFU	1	0	0	1.0	1.0
STOX1	2	0	0	1.0	1.0
STAMBPL1	1	0	0	1.0	1.0
ST8SIA6	1	0	0	1.0	1.0
SPOCK2	1	0	0	1.0	1.0
SORCS3	1	0	0	1.0	1.0
SORCS1	1	0	0	1.0	1.0
SMC3	2	0	0	1.0	1.0
SLK	1	0	0	1.0	1.0
SLIT1	1	0	0	1.0	1.0
SIRT1	1	0	0	1.0	1.0
MAEA	1	0	0	1.0	1.0
MAML3	1	0	0	1.0	1.0
MANBA	1	0	0	1.0	1.0
MEPE	1	0	0	1.0	1.0
ENTPD4	2	0	0	1.0	1.0
ENPP2	2	0	0	1.0	1.0
DOCK5	2	0	0	1.0	1.0
DLC1	1	0	0	1.0	1.0
DEFB135	1	0	0	1.0	1.0
DCAF4L2	1	0	0	1.0	1.0
CSMD3	3	0	0	1.0	1.0
CSMD1	3	0	0	1.0	1.0
CRISPLD1	1	0	0	1.0	1.0
CPSF1	1	0	0	1.0	1.0
COLEC10	1	0	0	1.0	1.0
EPPK1	2	0	0	1.0	1.0
COL22A1	1	0	0	1.0	1.0
CDCA2	1	0	0	1.0	1.0
CA3	1	0	0	1.0	1.0
C8orf22	1	0	0	1.0	1.0
BRF2	2	0	0	1.0	1.0
ASAP1	1	0	0	1.0	1.0
ANK1	2	0	0	1.0	1.0
ANGPT2	1	0	0	1.0	1.0
ADAM9	1	0	0	1.0	1.0
ZNF330	1	0	0	1.0	1.0
NELFA	2	0	0	1.0	1.0
WDR1	1	0	0	1.0	1.0
CHD7	1	0	0	1.0	1.0
ERICH1	1	0	0	1.0	1.0
EXT1	1	0	0	1.0	1.0
FAM135B	2	0	0	1.0	1.0
MCPH1	2	0	0	1.0	1.0
MBOAT4	1	0	0	1.0	1.0
LZTS1	1	0	0	1.0	1.0
LRRCC1	1	0	0	1.0	1.0
LRRC24	1	0	0	1.0	1.0
LRRC14	1	0	0	1.0	1.0
LOXL2	1	0	0	1.0	1.0
LONRF1	1	0	0	1.0	1.0
KIFC2	1	0	0	1.0	1.0
KIF13B	2	0	0	1.0	1.0
KIAA0196	1	0	0	1.0	1.0
KCNB2	1	0	0	1.0	1.0
INTS9	1	0	0	1.0	1.0
IMPAD1	1	0	0	1.0	1.0
HOOK3	1	0	0	1.0	1.0
HHLA1	1	0	0	1.0	1.0
HEY1	1	0	0	1.0	1.0
GRINA	1	0	0	1.0	1.0
GPT	1	0	0	1.0	1.0
GPR124	1	0	0	1.0	1.0
GOT1L1	1	0	0	1.0	1.0
GATA4	1	0	0	1.0	1.0
FOXH1	1	0	0	1.0	1.0
FER1L6	2	0	0	1.0	1.0
FDFT1	1	0	0	1.0	1.0
UVSSA	1	0	0	1.0	1.0
OPN4	1	0	0	1.0	1.0
USP38	1	0	0	1.0	1.0
UGT2A3	3	0	0	1.0	1.0
PTPN13	2	0	0	1.0	1.0
PSAPL1	1	0	0	1.0	1.0
PROM1	1	0	0	1.0	1.0
PRKG2	1	0	0	1.0	1.0
PRDM5	1	0	0	1.0	1.0
PPARGC1A	1	0	0	1.0	1.0
PKD2	1	0	0	1.0	1.0
PITX2	2	0	0	1.0	1.0
PIGG	1	0	0	1.0	1.0
PF4	1	0	0	1.0	1.0
PDS5A	1	0	0	1.0	1.0
QRFPR	1	0	0	1.0	1.0
PDLIM3	2	0	0	1.0	1.0
PDGFRA	1	0	0	1.0	1.0
PCDH7	1	0	0	1.0	1.0
PCDH18	1	0	0	1.0	1.0
PCDH10	2	0	0	1.0	1.0
ODAM	2	0	0	1.0	1.0
NR3C2	1	0	0	1.0	1.0
NPY5R	1	0	0	1.0	1.0
MUC7	1	0	0	1.0	1.0
MTHFD2L	1	0	0	1.0	1.0
MMRN1	1	0	0	1.0	1.0
MFSD10	1	0	0	1.0	1.0
PDHA2	1	0	0	1.0	1.0
RAPGEF2	1	0	0	1.0	1.0
RASGEF1B	1	0	0	1.0	1.0
RBM46	1	0	0	1.0	1.0
UBA6	1	0	0	1.0	1.0
TRIML2	1	0	0	1.0	1.0
TMPRSS11E	1	0	0	1.0	1.0
TMPRSS11B	1	0	0	1.0	1.0
TMEM165	1	0	0	1.0	1.0
TLR2	1	0	0	1.0	1.0
TKTL2	1	0	0	1.0	1.0
TET2	1	0	0	1.0	1.0
TENM3	1	0	0	1.0	1.0
TEC	1	0	0	1.0	1.0
TBC1D1	1	0	0	1.0	1.0
STIM2	2	0	0	1.0	1.0
SRP72	2	0	0	1.0	1.0
SPON2	1	0	0	1.0	1.0
SPARCL1	1	0	0	1.0	1.0
SORCS2	2	0	0	1.0	1.0
SNX25	1	0	0	1.0	1.0
SLIT2	3	0	0	1.0	1.0
SHROOM3	2	0	0	1.0	1.0
SEC24D	1	0	0	1.0	1.0
SEC24B	2	0	0	1.0	1.0
SCFD2	1	0	0	1.0	1.0
RNF212	1	0	0	1.0	1.0
RHOH	1	0	0	1.0	1.0
RGS12	1	0	0	1.0	1.0
UNC5C	2	0	0	1.0	1.0
MFSD3	1	0	0	1.0	1.0
NRG3	1	0	0	1.0	1.0
NDUFB8	1	0	0	1.0	1.0
MED14	1	0	0	1.0	1.0
MED12	1	0	0	1.0	1.0
MECP2	1	0	0	1.0	1.0
MCF2	1	0	0	1.0	1.0
MAP7D3	2	0	0	1.0	1.0
MAGIX	1	0	0	1.0	1.0
MAGED1	1	0	0	1.0	1.0
MAGEC3	1	0	0	1.0	1.0
MAGEC1	1	0	0	1.0	1.0
MAGEB4	1	0	0	1.0	1.0
MAGEA12	1	0	0	1.0	1.0
MTMR1	1	0	0	1.0	1.0
MAGEA11	1	0	0	1.0	1.0
KLHL13	1	0	0	1.0	1.0
KIAA2022	3	0	0	1.0	1.0
KIAA1210	1	0	0	1.0	1.0
KCND1	1	0	0	1.0	1.0
KAL1	2	0	0	1.0	1.0
ITM2A	2	0	0	1.0	1.0
HUWE1	1	0	0	1.0	1.0
HTR2C	1	0	0	1.0	1.0
HNRNPH2	1	0	0	1.0	1.0
HDHD1	1	0	0	1.0	1.0
HDAC6	1	0	0	1.0	1.0
LONRF3	2	0	0	1.0	1.0
HCFC1	1	0	0	1.0	1.0
MXRA5	2	0	0	1.0	1.0
NRK	2	0	0	1.0	1.0
SMIM10	1	0	0	1.0	1.0
SMC1A	3	0	0	1.0	1.0
SLITRK4	1	0	0	1.0	1.0
SLC6A14	1	0	0	1.0	1.0
SHROOM4	1	0	0	1.0	1.0
SEPT6	1	0	0	1.0	1.0
RPS6KA6	1	0	0	1.0	1.0
RPA4	1	0	0	1.0	1.0
RGAG1	1	0	0	1.0	1.0
RBM10	1	0	0	1.0	1.0
RBBP7	1	0	0	1.0	1.0
NLGN4X	1	0	0	1.0	1.0
PRRG3	1	0	0	1.0	1.0
PNPLA4	1	0	0	1.0	1.0
PLXNB3	3	0	0	1.0	1.0
PLXNA3	1	0	0	1.0	1.0
PIN4	2	0	0	1.0	1.0
PHKA2	1	0	0	1.0	1.0
PDZD4	1	0	0	1.0	1.0
PDZD11	1	0	0	1.0	1.0
PCDH11X	4	0	0	1.0	1.0
PAK3	2	0	0	1.0	1.0
NYX	1	0	0	1.0	1.0
NSDHL	1	0	0	1.0	1.0
PRPS1	1	0	0	1.0	1.0
HAUS7	1	0	0	1.0	1.0
GUCY2F	1	0	0	1.0	1.0
GPRASP2	1	0	0	1.0	1.0
CPXCR1	1	0	0	1.0	1.0
COL4A5	1	0	0	1.0	1.0
CDKL5	1	0	0	1.0	1.0
CCDC120	1	0	0	1.0	1.0
CASK	1	0	0	1.0	1.0
CACNA1F	2	0	0	1.0	1.0
BRWD3	1	0	0	1.0	1.0
BEX5	1	0	0	1.0	1.0
BEX2	1	0	0	1.0	1.0
BCORL1	1	0	0	1.0	1.0
BCOR	1	0	0	1.0	1.0
CT47B1	1	0	0	1.0	1.0
ATXN3L	1	0	0	1.0	1.0
ATP1B4	1	0	0	1.0	1.0
ATP11C	2	0	0	1.0	1.0
ARMCX1	1	0	0	1.0	1.0
ARHGAP36	1	0	0	1.0	1.0
AKAP4	1	0	0	1.0	1.0
ACOT9	1	0	0	1.0	1.0
ABCD1	1	0	0	1.0	1.0
ZBTB6	1	0	0	1.0	1.0
ZBTB34	1	0	0	1.0	1.0
WNK2	2	0	0	1.0	1.0
VPS13A	1	0	0	1.0	1.0
ATP2B3	2	0	0	1.0	1.0
CXCR3	1	0	0	1.0	1.0
CXorf38	1	0	0	1.0	1.0
CXorf67	1	0	0	1.0	1.0
GPR50	1	0	0	1.0	1.0
GPR173	1	0	0	1.0	1.0
GPR112	1	0	0	1.0	1.0
GPC4	1	0	0	1.0	1.0
GDI1	1	0	0	1.0	1.0
GATA1	1	0	0	1.0	1.0
G6PD	1	0	0	1.0	1.0
FRMPD4	4	0	0	1.0	1.0
FRMPD3	2	0	0	1.0	1.0
FRMD7	1	0	0	1.0	1.0
FMR1NB	1	0	0	1.0	1.0
FLNA	4	0	0	1.0	1.0
FAM9A	1	0	0	1.0	1.0
FAM47A	1	0	0	1.0	1.0
FAM3A	1	0	0	1.0	1.0
FAM155B	1	0	0	1.0	1.0
F8	1	0	0	1.0	1.0
DMD	2	0	0	1.0	1.0
DKC1	1	0	0	1.0	1.0
DGAT2L6	1	0	0	1.0	1.0
DDX53	1	0	0	1.0	1.0
DCAF8L2	2	0	0	1.0	1.0
DCAF8L1	1	0	0	1.0	1.0
DCAF12L2	1	0	0	1.0	1.0
CYLC1	1	0	0	1.0	1.0
SPANXN3	1	0	0	1.0	1.0
SPANXN5	1	0	0	1.0	1.0
SPIN2B	1	0	0	1.0	1.0
SRPX2	1	0	0	1.0	1.0
HKDC1	1	0	0	1.0	1.0
H2AFY2	1	0	0	1.0	1.0
GRID1	3	0	0	1.0	1.0
GPRIN2	1	0	0	1.0	1.0
GPR123	1	0	0	1.0	1.0
GPAM	1	0	0	1.0	1.0
GLRX3	1	0	0	1.0	1.0
GHITM	1	0	0	1.0	1.0
GFRA1	1	0	0	1.0	1.0
GDF10	1	0	0	1.0	1.0
GBF1	1	0	0	1.0	1.0
HMX2	1	0	0	1.0	1.0
FZD8	2	0	0	1.0	1.0
FBXW4	1	0	0	1.0	1.0
FBXO18	1	0	0	1.0	1.0
FAM45A	1	0	0	1.0	1.0
FAM13C	1	0	0	1.0	1.0
ERCC6	2	0	0	1.0	1.0
EIF5AL1	1	0	0	1.0	1.0
EGR2	1	0	0	1.0	1.0
ECHDC3	1	0	0	1.0	1.0
DRGX	1	0	0	1.0	1.0
DOCK1	1	0	0	1.0	1.0
DIP2C	1	0	0	1.0	1.0
FGFR2	1	0	0	1.0	1.0
HNRNPF	2	0	0	1.0	1.0
HPS1	1	0	0	1.0	1.0
HSPA12A	1	0	0	1.0	1.0
NDST2	2	0	0	1.0	1.0
MYOF	2	0	0	1.0	1.0
MORN4	1	0	0	1.0	1.0
MLLT10	1	0	0	1.0	1.0
MKX	1	0	0	1.0	1.0
MKI67	2	0	0	1.0	1.0
MICU1	1	0	0	1.0	1.0
MGEA5	1	0	0	1.0	1.0
MASTL	1	0	0	1.0	1.0
MARCH8	1	0	0	1.0	1.0
LYZL1	1	0	0	1.0	1.0
LIPN	1	0	0	1.0	1.0
LDB3	1	0	0	1.0	1.0
LDB1	1	0	0	1.0	1.0
LCOR	1	0	0	1.0	1.0
KNDC1	1	0	0	1.0	1.0
KIAA1462	1	0	0	1.0	1.0
KIAA1217	2	0	0	1.0	1.0
JMJD1C	1	0	0	1.0	1.0
ITIH5	2	0	0	1.0	1.0
ITGA8	1	0	0	1.0	1.0
IPMK	1	0	0	1.0	1.0
INPP5F	1	0	0	1.0	1.0
IFIT1B	1	0	0	1.0	1.0
IDI1	1	0	0	1.0	1.0
DHX32	1	0	0	1.0	1.0
NET1	1	0	0	1.0	1.0
CYP2C18	1	0	0	1.0	1.0
CUBN	6	0	0	1.0	1.0
ZXDB	1	0	0	1.0	1.0
ZRSR2	1	0	0	1.0	1.0
ZNF711	2	0	0	1.0	1.0
ZMYM3	1	0	0	1.0	1.0
ZMAT1	2	0	0	1.0	1.0
ZIC3	1	0	0	1.0	1.0
ZFP92	1	0	0	1.0	1.0
ZDHHC15	1	0	0	1.0	1.0
WDR45	1	0	0	1.0	1.0
WDR44	2	0	0	1.0	1.0
USP9X	1	0	0	1.0	1.0
ABCC2	1	0	0	1.0	1.0
USP51	1	0	0	1.0	1.0
TRO	1	0	0	1.0	1.0
THOC2	2	0	0	1.0	1.0
TFDP3	2	0	0	1.0	1.0
TEX11	2	0	0	1.0	1.0
TCEAL2	1	0	0	1.0	1.0
TBL1X	1	0	0	1.0	1.0
TAZ	1	0	0	1.0	1.0
TAF1	1	0	0	1.0	1.0
STS	1	0	0	1.0	1.0
STAG2	1	0	0	1.0	1.0
SSX3	1	0	0	1.0	1.0
TSPYL2	1	0	0	1.0	1.0
ABI1	1	0	0	1.0	1.0
ABLIM1	1	0	0	1.0	1.0
ADAM12	1	0	0	1.0	1.0
CPN1	1	0	0	1.0	1.0
COL17A1	1	0	0	1.0	1.0
CNNM1	1	0	0	1.0	1.0
CDH23	1	0	0	1.0	1.0
CCAR1	1	0	0	1.0	1.0
CALML3	1	0	0	1.0	1.0
CALHM1	1	0	0	1.0	1.0
C10orf90	1	0	0	1.0	1.0
C10orf76	1	0	0	1.0	1.0
C10orf35	1	0	0	1.0	1.0
C10orf120	2	0	0	1.0	1.0
C10orf107	1	0	0	1.0	1.0
BMPR1A	1	0	0	1.0	1.0
ASAH2	1	0	0	1.0	1.0
ARL5B	1	0	0	1.0	1.0
ARHGAP21	1	0	0	1.0	1.0
ANXA11	1	0	0	1.0	1.0
ANKRD30A	3	0	0	1.0	1.0
ANKRD26	2	0	0	1.0	1.0
ALOX5	3	0	0	1.0	1.0
AFAP1L2	1	0	0	1.0	1.0
ADRA2A	1	0	0	1.0	1.0
ADARB2	1	0	0	1.0	1.0
ADAMTS14	2	0	0	1.0	1.0
ADAM8	1	0	0	1.0	1.0
CYP26C1	1	0	0	1.0	1.0
VLDLR	1	0	0	1.0	1.0
MROH5	1	0	0	1.0	1.0
MSR1	2	0	0	1.0	1.0
SBF1	2	0	0	1.0	1.0
RTN4R	1	0	0	1.0	1.0
PRODH	1	0	0	1.0	1.0
PPP6R2	1	0	0	1.0	1.0
PPM1F	1	0	0	1.0	1.0
PPARA	1	0	0	1.0	1.0
PLXNB2	3	0	0	1.0	1.0
PKDREJ	4	0	0	1.0	1.0
PIWIL3	2	0	0	1.0	1.0
PATZ1	2	0	0	1.0	1.0
OSBP2	1	0	0	1.0	1.0
SCO2	1	0	0	1.0	1.0
ODF3B	1	0	0	1.0	1.0
MN1	1	0	0	1.0	1.0
MIF	2	0	0	1.0	1.0
MICALL1	3	0	0	1.0	1.0
MICAL3	3	0	0	1.0	1.0
MCM5	1	0	0	1.0	1.0
MAPK11	1	0	0	1.0	1.0
MAPK1	1	0	0	1.0	1.0
LIF	1	0	0	1.0	1.0
LDOC1L	1	0	0	1.0	1.0
LARGE	1	0	0	1.0	1.0
L3MBTL2	1	0	0	1.0	1.0
MYO18B	1	0	0	1.0	1.0
KLHL22	1	0	0	1.0	1.0
SFI1	1	0	0	1.0	1.0
SGSM3	1	0	0	1.0	1.0
ATP8A2	1	0	0	1.0	1.0
ATP12A	1	0	0	1.0	1.0
ATP11A	1	0	0	1.0	1.0
ARL11	3	0	0	1.0	1.0
ABCC4	2	0	0	1.0	1.0
ZNRF3	1	0	0	1.0	1.0
UPK3A	1	0	0	1.0	1.0
TXNRD2	1	0	0	1.0	1.0
TUBA8	2	0	0	1.0	1.0
TTC28	1	0	0	1.0	1.0
TRABD	1	0	0	1.0	1.0
SGSM1	1	0	0	1.0	1.0
TOM1	2	0	0	1.0	1.0
TMPRSS6	1	0	0	1.0	1.0
TMEM184B	1	0	0	1.0	1.0
TEX33	1	0	0	1.0	1.0
TBX1	1	0	0	1.0	1.0
SSTR3	1	0	0	1.0	1.0
SPECC1L	1	0	0	1.0	1.0
SOX10	1	0	0	1.0	1.0
SLC5A4	1	0	0	1.0	1.0
SLC25A18	1	0	0	1.0	1.0
SHANK3	1	0	0	1.0	1.0
SH3BP1	1	0	0	1.0	1.0
TOB2	2	0	0	1.0	1.0
ISX	1	0	0	1.0	1.0
IGLV4-69	1	0	0	1.0	1.0
IGLV2-8	1	0	0	1.0	1.0
ZMYND8	1	0	0	1.0	1.0
ZHX3	2	0	0	1.0	1.0
ZFP64	2	0	0	1.0	1.0
ZBP1	1	0	0	1.0	1.0
WISP2	1	0	0	1.0	1.0
WFDC8	1	0	0	1.0	1.0
TTPAL	1	0	0	1.0	1.0
TTI1	1	0	0	1.0	1.0
TSHZ2	2	0	0	1.0	1.0
TPX2	1	0	0	1.0	1.0
TNFRSF6B	1	0	0	1.0	1.0
ZNF335	1	0	0	1.0	1.0
TGM6	1	0	0	1.0	1.0
TFAP2C	1	0	0	1.0	1.0
SYCP2	1	0	0	1.0	1.0
SULF2	2	0	0	1.0	1.0
STK4	1	0	0	1.0	1.0
SS18L1	1	0	0	1.0	1.0
SRMS	1	0	0	1.0	1.0
SNTA1	1	0	0	1.0	1.0
SLMO2	1	0	0	1.0	1.0
SLC4A11	2	0	0	1.0	1.0
SLC32A1	1	0	0	1.0	1.0
SLC24A3	1	0	0	1.0	1.0
TGM2	1	0	0	1.0	1.0
ZNF831	2	0	0	1.0	1.0
ADSL	1	0	0	1.0	1.0
AIFM3	2	0	0	1.0	1.0
IGLV1-50	1	0	0	1.0	1.0
GCAT	1	0	0	1.0	1.0
GALR3	1	0	0	1.0	1.0
GAB4	1	0	0	1.0	1.0
FOXRED2	2	0	0	1.0	1.0
FAM109B	1	0	0	1.0	1.0
ENTHD1	1	0	0	1.0	1.0
EIF3L	1	0	0	1.0	1.0
DGCR8	1	0	0	1.0	1.0
CSF2RB	1	0	0	1.0	1.0
CRYBB3	1	0	0	1.0	1.0
CRELD2	1	0	0	1.0	1.0
CLTCL1	1	0	0	1.0	1.0
CLDN5	1	0	0	1.0	1.0
CHADL	1	0	0	1.0	1.0
CELSR1	2	0	0	1.0	1.0
CCT8L2	2	0	0	1.0	1.0
CCDC116	2	0	0	1.0	1.0
CARD10	1	0	0	1.0	1.0
CACNA1I	2	0	0	1.0	1.0
C22orf31	1	0	0	1.0	1.0
BCR	1	0	0	1.0	1.0
ATF4	1	0	0	1.0	1.0
ASCC2	1	0	0	1.0	1.0
APOL6	1	0	0	1.0	1.0
CCDC168	2	0	0	1.0	1.0
CDC16	1	0	0	1.0	1.0
COG3	1	0	0	1.0	1.0
DIAPH3	1	0	0	1.0	1.0
COL6A2	1	0	0	1.0	1.0
COL18A1	2	0	0	1.0	1.0
CHAF1B	1	0	0	1.0	1.0
B3GALT5	1	0	0	1.0	1.0
ZNF521	1	0	0	1.0	1.0
ZNF407	1	0	0	1.0	1.0
WDR7	1	0	0	1.0	1.0
TTC39C	1	0	0	1.0	1.0
TNFRSF11A	1	0	0	1.0	1.0
SLC25A52	1	0	0	1.0	1.0
SLC14A1	1	0	0	1.0	1.0
DNMT3L	3	0	0	1.0	1.0
SETBP1	3	0	0	1.0	1.0
RNF165	1	0	0	1.0	1.0
NEDD4L	1	0	0	1.0	1.0
MYO5B	1	0	0	1.0	1.0
MPPE1	1	0	0	1.0	1.0
MBD1	1	0	0	1.0	1.0
LOXHD1	3	0	0	1.0	1.0
LAMA3	2	0	0	1.0	1.0
LAMA1	3	0	0	1.0	1.0
GREB1L	1	0	0	1.0	1.0
FHOD3	1	0	0	1.0	1.0
EMILIN2	1	0	0	1.0	1.0
ROCK1	1	0	0	1.0	1.0
ERG	1	0	0	1.0	1.0
GRIK1	2	0	0	1.0	1.0
HSPA13	1	0	0	1.0	1.0
UBASH3A	1	0	0	1.0	1.0
TPTE	1	0	0	1.0	1.0
TIAM1	3	0	0	1.0	1.0
SON	2	0	0	1.0	1.0
SLC37A1	1	0	0	1.0	1.0
SIM2	1	0	0	1.0	1.0
RRP1B	1	0	0	1.0	1.0
PWP2	1	0	0	1.0	1.0
POFUT2	1	0	0	1.0	1.0
PFKL	3	0	0	1.0	1.0
PCNT	1	0	0	1.0	1.0
PCBP3	1	0	0	1.0	1.0
OLIG2	1	0	0	1.0	1.0
NRIP1	1	0	0	1.0	1.0
LIPI	1	0	0	1.0	1.0
KRTAP24-1	1	0	0	1.0	1.0
KRTAP13-1	1	0	0	1.0	1.0
KRTAP11-1	1	0	0	1.0	1.0
KRTAP10-9	2	0	0	1.0	1.0
KRTAP10-8	1	0	0	1.0	1.0
KRTAP10-7	1	0	0	1.0	1.0
KRTAP10-4	1	0	0	1.0	1.0
ITSN1	2	0	0	1.0	1.0
IGHV1OR21-1	1	0	0	1.0	1.0
HUNK	1	0	0	1.0	1.0
DSG4	1	0	0	1.0	1.0
SLC23A2	1	0	0	1.0	1.0
DSG2	1	0	0	1.0	1.0
CXXC1	1	0	0	1.0	1.0
RNF17	1	0	0	1.0	1.0
POSTN	1	0	0	1.0	1.0
PDS5B	1	0	0	1.0	1.0
PCCA	1	0	0	1.0	1.0
OLFM4	1	0	0	1.0	1.0
NUFIP1	1	0	0	1.0	1.0
N4BP2L2	1	0	0	1.0	1.0
MYCBP2	1	0	0	1.0	1.0
MTUS2	1	0	0	1.0	1.0
MLNR	1	0	0	1.0	1.0
MED4	1	0	0	1.0	1.0
SACS	1	0	0	1.0	1.0
MCF2L	1	0	0	1.0	1.0
LIG4	2	0	0	1.0	1.0
LHFP	1	0	0	1.0	1.0
IPO5	1	0	0	1.0	1.0
ING1	1	0	0	1.0	1.0
GSX1	1	0	0	1.0	1.0
FRY	1	0	0	1.0	1.0
FREM2	3	0	0	1.0	1.0
FLT3	1	0	0	1.0	1.0
FLT1	1	0	0	1.0	1.0
AMER2	1	0	0	1.0	1.0
ERCC5	1	0	0	1.0	1.0
LRRC63	1	0	0	1.0	1.0
SCEL	1	0	0	1.0	1.0
SIAH3	1	0	0	1.0	1.0
SLC10A2	2	0	0	1.0	1.0
COLEC12	1	0	0	1.0	1.0
CHST9	1	0	0	1.0	1.0
CEP192	1	0	0	1.0	1.0
CDH2	1	0	0	1.0	1.0
CCDC178	2	0	0	1.0	1.0
C18orf25	1	0	0	1.0	1.0
ASXL3	4	0	0	1.0	1.0
ANKRD30B	1	0	0	1.0	1.0
ABHD3	1	0	0	1.0	1.0
ZMYM2	1	0	0	1.0	1.0
ZC3H13	1	0	0	1.0	1.0
WBP4	1	0	0	1.0	1.0
UBL3	1	0	0	1.0	1.0
TSC22D1	1	0	0	1.0	1.0
TPTE2	1	0	0	1.0	1.0
TPP2	1	0	0	1.0	1.0
TMTC4	1	0	0	1.0	1.0
TFDP1	1	0	0	1.0	1.0
STARD13	1	0	0	1.0	1.0
SPATA13	1	0	0	1.0	1.0
SPACA7	1	0	0	1.0	1.0
SOHLH2	1	0	0	1.0	1.0
SLITRK1	1	0	0	1.0	1.0
SLC7A1	1	0	0	1.0	1.0
SLC15A1	1	0	0	1.0	1.0
DSG1	2	0	0	1.0	1.0
MROH6	1	0	0	1.0	1.0
SIRPB2	1	0	0	1.0	1.0
SEMG2	1	0	0	1.0	1.0
CHRNA7	1	0	0	1.0	1.0
CHRNA3	1	0	0	1.0	1.0
CHRFAM7A	2	0	0	1.0	1.0
CHD2	1	0	0	1.0	1.0
CERS3	1	0	0	1.0	1.0
CEP152	1	0	0	1.0	1.0
CASC5	1	0	0	1.0	1.0
NUTM1	1	0	0	1.0	1.0
C15orf40	1	0	0	1.0	1.0
C15orf39	1	0	0	1.0	1.0
C15orf38-AP3S2	1	0	0	1.0	1.0
CILP	2	0	0	1.0	1.0
BBS4	1	0	0	1.0	1.0
ARHGAP11A	1	0	0	1.0	1.0
APBA2	3	0	0	1.0	1.0
AP3B2	1	0	0	1.0	1.0
ANKRD34C	1	0	0	1.0	1.0
ALPK3	2	0	0	1.0	1.0
AGBL1	3	0	0	1.0	1.0
ADAMTS7	4	0	0	1.0	1.0
ADAMTS17	5	0	0	1.0	1.0
ACSBG1	1	0	0	1.0	1.0
ZNF703	1	0	0	1.0	1.0
ZNF517	1	0	0	1.0	1.0
ARRDC4	2	0	0	1.0	1.0
ZNF251	1	0	0	1.0	1.0
CRTC3	1	0	0	1.0	1.0
CYFIP1	1	0	0	1.0	1.0
LRRK1	1	0	0	1.0	1.0
LRRC57	1	0	0	1.0	1.0
KIF7	2	0	0	1.0	1.0
IGF1R	2	0	0	1.0	1.0
IGDCC4	1	0	0	1.0	1.0
IGDCC3	1	0	0	1.0	1.0
HOMER2	1	0	0	1.0	1.0
HERC1	2	0	0	1.0	1.0
GOLGA6D	1	0	0	1.0	1.0
GABRB3	1	0	0	1.0	1.0
FMN1	2	0	0	1.0	1.0
CSNK1G1	1	0	0	1.0	1.0
FES	1	0	0	1.0	1.0
FBXL22	1	0	0	1.0	1.0
FANCI	1	0	0	1.0	1.0
FAM219B	1	0	0	1.0	1.0
FAM189A1	2	0	0	1.0	1.0
EFTUD1	1	0	0	1.0	1.0
DYX1C1	1	0	0	1.0	1.0
DUOX2	1	0	0	1.0	1.0
DTWD1	1	0	0	1.0	1.0
DENND4A	1	0	0	1.0	1.0
CYP19A1	1	0	0	1.0	1.0
CYP11A1	1	0	0	1.0	1.0
FBXO22	1	0	0	1.0	1.0
ZFHX4	1	0	0	1.0	1.0
YTHDF3	1	0	0	1.0	1.0
XPO7	1	0	0	1.0	1.0
RUNX1T1	2	0	0	1.0	1.0
RSPO2	1	0	0	1.0	1.0
RP1L1	3	0	0	1.0	1.0
RP1	1	0	0	1.0	1.0
RNF19A	1	0	0	1.0	1.0
RIMS2	2	0	0	1.0	1.0
RGS22	1	0	0	1.0	1.0
RECQL4	1	0	0	1.0	1.0
RALYL	1	0	0	1.0	1.0
PXDNL	2	0	0	1.0	1.0
PTK2	1	0	0	1.0	1.0
SCARA3	1	0	0	1.0	1.0
PREX2	1	0	0	1.0	1.0
POP1	1	0	0	1.0	1.0
PDLIM2	1	0	0	1.0	1.0
PAG1	1	0	0	1.0	1.0
OSR2	1	0	0	1.0	1.0
OSGIN2	1	0	0	1.0	1.0
OPRK1	1	0	0	1.0	1.0
NEFM	1	0	0	1.0	1.0
NCOA2	1	0	0	1.0	1.0
MYOM2	2	0	0	1.0	1.0
MTUS1	1	0	0	1.0	1.0
MTBP	1	0	0	1.0	1.0
PRDM14	1	0	0	1.0	1.0
SCRIB	1	0	0	1.0	1.0
SDR16C5	1	0	0	1.0	1.0
SGK223	1	0	0	1.0	1.0
WWP1	2	0	0	1.0	1.0
WHSC1L1	1	0	0	1.0	1.0
VPS13B	1	0	0	1.0	1.0
UNC5D	4	0	0	1.0	1.0
UBE2V2	1	0	0	1.0	1.0
TRPS1	1	0	0	1.0	1.0
TRPA1	2	0	0	1.0	1.0
TRIM55	1	0	0	1.0	1.0
TRAPPC9	1	0	0	1.0	1.0
TOP1MT	1	0	0	1.0	1.0
TG	3	0	0	1.0	1.0
SYBU	1	0	0	1.0	1.0
SULF1	2	0	0	1.0	1.0
STAU2	1	0	0	1.0	1.0
STAR	1	0	0	1.0	1.0
ST18	3	0	0	1.0	1.0
SPATC1	1	0	0	1.0	1.0
SOX7	1	0	0	1.0	1.0
SORBS3	1	0	0	1.0	1.0
SLC35G5	1	0	0	1.0	1.0
SLC25A37	2	0	0	1.0	1.0
SLC10A5	1	0	0	1.0	1.0
SLA	1	0	0	1.0	1.0
SH2D4A	1	0	0	1.0	1.0
SGK3	1	0	0	1.0	1.0
MAGEL2	1	0	0	1.0	1.0
MCTP2	1	0	0	1.0	1.0
MESDC2	1	0	0	1.0	1.0
MGA	1	0	0	1.0	1.0
MC3R	1	0	0	1.0	1.0
MANBAL	1	0	0	1.0	1.0
LBP	1	0	0	1.0	1.0
L3MBTL1	1	0	0	1.0	1.0
KCNS1	1	0	0	1.0	1.0
KCNB1	2	0	0	1.0	1.0
JPH2	2	0	0	1.0	1.0
ITCH	1	0	0	1.0	1.0
ISM1	1	0	0	1.0	1.0
GFRA4	1	0	0	1.0	1.0
GDF5	1	0	0	1.0	1.0
MCM8	1	0	0	1.0	1.0
FRG1B	1	0	0	1.0	1.0
FAM83C	1	0	0	1.0	1.0
ERGIC3	1	0	0	1.0	1.0
EPB41L1	1	0	0	1.0	1.0
ELMO2	1	0	0	1.0	1.0
EFCAB8	1	0	0	1.0	1.0
E2F1	1	0	0	1.0	1.0
DZANK1	1	0	0	1.0	1.0
DNMT3B	1	0	0	1.0	1.0
DLGAP4	1	0	0	1.0	1.0
DIDO1	1	0	0	1.0	1.0
DDX27	1	0	0	1.0	1.0
FASTKD5	2	0	0	1.0	1.0
MYT1	1	0	0	1.0	1.0
NCOA6	1	0	0	1.0	1.0
NDRG3	1	0	0	1.0	1.0
SEMG1	1	0	0	1.0	1.0
SEL1L2	1	0	0	1.0	1.0
SDCBP2	1	0	0	1.0	1.0
RTEL1	2	0	0	1.0	1.0
RRBP1	1	0	0	1.0	1.0
RPN2	3	0	0	1.0	1.0
RNF24	1	0	0	1.0	1.0
RBM12	1	0	0	1.0	1.0
RBL1	1	0	0	1.0	1.0
RBBP9	1	0	0	1.0	1.0
RAE1	1	0	0	1.0	1.0
PTPRT	2	0	0	1.0	1.0
PTPRA	1	0	0	1.0	1.0
PPP1R16B	1	0	0	1.0	1.0
PLCG1	2	0	0	1.0	1.0
PLCB4	2	0	0	1.0	1.0
PLCB1	1	0	0	1.0	1.0
PLAGL2	1	0	0	1.0	1.0
PHACTR3	1	0	0	1.0	1.0
PANK2	1	0	0	1.0	1.0
PABPC1L	2	0	0	1.0	1.0
OGFR	2	0	0	1.0	1.0
OCSTAMP	1	0	0	1.0	1.0
NOP56	1	0	0	1.0	1.0
NELFCD	1	0	0	1.0	1.0
DDRGK1	1	0	0	1.0	1.0
SIGLEC1	1	0	0	1.0	1.0
CTCFL	2	0	0	1.0	1.0
COL9A3	1	0	0	1.0	1.0
STRA6	1	0	0	1.0	1.0
SPTBN5	2	0	0	1.0	1.0
SPRED1	1	0	0	1.0	1.0
SNRPN	1	0	0	1.0	1.0
SEMA6D	1	0	0	1.0	1.0
SCG3	2	0	0	1.0	1.0
RYR3	3	0	0	1.0	1.0
RCCD1	1	0	0	1.0	1.0
RASGRP1	1	0	0	1.0	1.0
RASGRF1	3	0	0	1.0	1.0
PSMA4	1	0	0	1.0	1.0
TBC1D21	1	0	0	1.0	1.0
POLG	1	0	0	1.0	1.0
PLA2G4B	1	0	0	1.0	1.0
PGBD4	1	0	0	1.0	1.0
PARP6	1	0	0	1.0	1.0
OTUD7A	1	0	0	1.0	1.0
OR4N4	1	0	0	1.0	1.0
OR4M2	1	0	0	1.0	1.0
OR4F15	3	0	0	1.0	1.0
NOX5	1	0	0	1.0	1.0
NDUFAF1	1	0	0	1.0	1.0
NDN	1	0	0	1.0	1.0
MPI	1	0	0	1.0	1.0
PLCB2	1	0	0	1.0	1.0
TLE3	1	0	0	1.0	1.0
TLN2	2	0	0	1.0	1.0
TM2D3	1	0	0	1.0	1.0
COL20A1	1	0	0	1.0	1.0
CDS2	1	0	0	1.0	1.0
CDH4	3	0	0	1.0	1.0
CABLES2	1	0	0	1.0	1.0
C20orf27	1	0	0	1.0	1.0
C20orf194	1	0	0	1.0	1.0
MROH8	1	0	0	1.0	1.0
BPIFB4	2	0	0	1.0	1.0
BMP7	1	0	0	1.0	1.0
B4GALT5	1	0	0	1.0	1.0
ATRN	1	0	0	1.0	1.0
ARFRP1	1	0	0	1.0	1.0
ARFGEF2	2	0	0	1.0	1.0
ANGPT4	1	0	0	1.0	1.0
ADRA1D	1	0	0	1.0	1.0
ADNP	1	0	0	1.0	1.0
ADA	1	0	0	1.0	1.0
ACTR5	1	0	0	1.0	1.0
ZNF774	1	0	0	1.0	1.0
ZNF592	2	0	0	1.0	1.0
WDR72	1	0	0	1.0	1.0
VPS39	1	0	0	1.0	1.0
UBL7	1	0	0	1.0	1.0
TRPM7	1	0	0	1.0	1.0
TMC3	2	0	0	1.0	1.0
CST9	1	0	0	1.0	1.0
USP20	1	0	0	1.0	1.0
UNC13B	2	0	0	1.0	1.0
UHRF2	2	0	0	1.0	1.0
TYW1	1	0	0	1.0	1.0
TTC26	1	0	0	1.0	1.0
TRRAP	1	0	0	1.0	1.0
TRIM4	1	0	0	1.0	1.0
TRGC2	2	0	0	1.0	1.0
TMEM209	1	0	0	1.0	1.0
TMEM176A	1	0	0	1.0	1.0
THSD7A	1	0	0	1.0	1.0
TECPR1	1	0	0	1.0	1.0
TBXAS1	1	0	0	1.0	1.0
TBRG4	1	0	0	1.0	1.0
UBE3C	1	0	0	1.0	1.0
TBL2	1	0	0	1.0	1.0
STEAP2	1	0	0	1.0	1.0
SMO	1	0	0	1.0	1.0
SLC29A4	1	0	0	1.0	1.0
SLC26A3	1	0	0	1.0	1.0
SLC13A1	1	0	0	1.0	1.0
SHH	1	0	0	1.0	1.0
SERPINE1	1	0	0	1.0	1.0
SEMA3D	1	0	0	1.0	1.0
SDK1	2	0	0	1.0	1.0
SCIN	1	0	0	1.0	1.0
RUNDC3B	1	0	0	1.0	1.0
SUN3	1	0	0	1.0	1.0
RNF32	1	0	0	1.0	1.0
UBN2	1	0	0	1.0	1.0
VIPR2	1	0	0	1.0	1.0
ATP6AP1L	1	0	0	1.0	1.0
ATP10B	1	0	0	1.0	1.0
ARAP3	1	0	0	1.0	1.0
AQPEP	1	0	0	1.0	1.0
APC	1	0	0	1.0	1.0
APBB3	1	0	0	1.0	1.0
ANXA2R	1	0	0	1.0	1.0
ANKRD32	1	0	0	1.0	1.0
PHYKPL	1	0	0	1.0	1.0
AGXT2	1	0	0	1.0	1.0
ADCY2	1	0	0	1.0	1.0
USP42	1	0	0	1.0	1.0
ADAMTS19	1	0	0	1.0	1.0
ADAMTS12	1	0	0	1.0	1.0
ZYX	1	0	0	1.0	1.0
ZPBP	1	0	0	1.0	1.0
ZNF804B	2	0	0	1.0	1.0
ZNF727	1	0	0	1.0	1.0
ZNF425	1	0	0	1.0	1.0
ZNF394	1	0	0	1.0	1.0
ZAN	1	0	0	1.0	1.0
WNT16	1	0	0	1.0	1.0
WDR60	1	0	0	1.0	1.0
WBSCR28	1	0	0	1.0	1.0
ADAMTS16	2	0	0	1.0	1.0
RFC2	1	0	0	1.0	1.0
REPIN1	1	0	0	1.0	1.0
RELN	1	0	0	1.0	1.0
NRCAM	1	0	0	1.0	1.0
NPC1L1	1	0	0	1.0	1.0
NOS3	3	0	0	1.0	1.0
NACAD	4	0	0	1.0	1.0
MYO1G	1	0	0	1.0	1.0
MUC17	1	0	0	1.0	1.0
MOSPD3	1	0	0	1.0	1.0
KMT2E	1	0	0	1.0	1.0
KMT2C	2	0	0	1.0	1.0
MGAM	2	0	0	1.0	1.0
MDFIC	1	0	0	1.0	1.0
OGDH	1	0	0	1.0	1.0
MACC1	1	0	0	1.0	1.0
LRRC61	1	0	0	1.0	1.0
LRGUK	2	0	0	1.0	1.0
LMTK2	1	0	0	1.0	1.0
LMOD2	1	0	0	1.0	1.0
LAT2	1	0	0	1.0	1.0
LAMB4	1	0	0	1.0	1.0
KRBA1	1	0	0	1.0	1.0
KIAA1324L	1	0	0	1.0	1.0
KDM7A	2	0	0	1.0	1.0
IRF5	1	0	0	1.0	1.0
IMPDH1	1	0	0	1.0	1.0
LRRN3	1	0	0	1.0	1.0
OR2A14	1	0	0	1.0	1.0
OR2F2	1	0	0	1.0	1.0
OR6V1	2	0	0	1.0	1.0
RBM33	1	0	0	1.0	1.0
RBM28	1	0	0	1.0	1.0
RAPGEF5	1	0	0	1.0	1.0
PTPRZ1	1	0	0	1.0	1.0
PTPRN2	1	0	0	1.0	1.0
PSMC2	1	0	0	1.0	1.0
PRR15	1	0	0	1.0	1.0
PRPS1L1	1	0	0	1.0	1.0
PRKRIP1	1	0	0	1.0	1.0
PRKAG2	1	0	0	1.0	1.0
PPIA	1	0	0	1.0	1.0
POU6F2	1	0	0	1.0	1.0
POT1	1	0	0	1.0	1.0
POM121L12	1	0	0	1.0	1.0
POLM	1	0	0	1.0	1.0
POLD2	1	0	0	1.0	1.0
PNPLA8	1	0	0	1.0	1.0
PLXNA4	1	0	0	1.0	1.0
PKD1L1	1	0	0	1.0	1.0
PIK3CG	1	0	0	1.0	1.0
PHKG1	1	0	0	1.0	1.0
PEX1	1	0	0	1.0	1.0
PDIA4	1	0	0	1.0	1.0
PCLO	1	0	0	1.0	1.0
PARP12	1	0	0	1.0	1.0
BRIX1	1	0	0	1.0	1.0
C1QTNF2	1	0	0	1.0	1.0
C1QTNF3	1	0	0	1.0	1.0
C5orf42	1	0	0	1.0	1.0
OXCT1	1	0	0	1.0	1.0
OR2Y1	2	0	0	1.0	1.0
OR2V2	1	0	0	1.0	1.0
NUP155	1	0	0	1.0	1.0
NR3C1	1	0	0	1.0	1.0
NR2F1	3	0	0	1.0	1.0
NPR3	1	0	0	1.0	1.0
NLN	2	0	0	1.0	1.0
MSX2	1	0	0	1.0	1.0
MROH2B	1	0	0	1.0	1.0
MIER3	1	0	0	1.0	1.0
PAIP1	2	0	0	1.0	1.0
MEF2C	1	0	0	1.0	1.0
MATR3	1	0	0	1.0	1.0
MAP3K1	2	0	0	1.0	1.0
MAN2A1	1	0	0	1.0	1.0
MAML1	1	0	0	1.0	1.0
LRRC14B	2	0	0	1.0	1.0
LOX	1	0	0	1.0	1.0
LNPEP	2	0	0	1.0	1.0
LMNB1	1	0	0	1.0	1.0
LCP2	1	0	0	1.0	1.0
KLHL3	2	0	0	1.0	1.0
KIF3A	1	0	0	1.0	1.0
MCC	2	0	0	1.0	1.0
PARP8	1	0	0	1.0	1.0
PCBD2	1	0	0	1.0	1.0
PCDHA12	1	0	0	1.0	1.0
JADE2	2	0	0	1.0	1.0
PHAX	2	0	0	1.0	1.0
PDLIM7	1	0	0	1.0	1.0
PDGFRB	1	0	0	1.0	1.0
PDE8B	2	0	0	1.0	1.0
PCDHGC4	1	0	0	1.0	1.0
PCDHGB7	1	0	0	1.0	1.0
PCDHGB6	1	0	0	1.0	1.0
PCDHGB2	1	0	0	1.0	1.0
PCDHGB1	1	0	0	1.0	1.0
PCDHGA7	1	0	0	1.0	1.0
PCDHGA6	1	0	0	1.0	1.0
PCDHGA3	4	0	0	1.0	1.0
PCDHGA1	1	0	0	1.0	1.0
PCDHB7	1	0	0	1.0	1.0
PCDHB6	1	0	0	1.0	1.0
PCDHB2	1	0	0	1.0	1.0
PCDHB13	1	0	0	1.0	1.0
PCDHB12	1	0	0	1.0	1.0
PCDHB11	1	0	0	1.0	1.0
PCDHB10	1	0	0	1.0	1.0
PCDHA8	2	0	0	1.0	1.0
PCDHA7	2	0	0	1.0	1.0
PCDHA3	2	0	0	1.0	1.0
PCDHA2	2	0	0	1.0	1.0
KIF20A	1	0	0	1.0	1.0
IKZF1	1	0	0	1.0	1.0
KIAA0825	1	0	0	1.0	1.0
IQGAP2	1	0	0	1.0	1.0
DOCK2	2	0	0	1.0	1.0
DNAH5	7	0	0	1.0	1.0
DMXL1	1	0	0	1.0	1.0
DEPDC1B	1	0	0	1.0	1.0
DDX4	2	0	0	1.0	1.0
DAP	1	0	0	1.0	1.0
DAB2	1	0	0	1.0	1.0
CYFIP2	2	0	0	1.0	1.0
CSF1R	1	0	0	1.0	1.0
COL4A3BP	1	0	0	1.0	1.0
COL23A1	1	0	0	1.0	1.0
EBF1	1	0	0	1.0	1.0
CNOT8	1	0	0	1.0	1.0
CLTB	4	0	0	1.0	1.0
CLPTM1L	1	0	0	1.0	1.0
CKMT2	1	0	0	1.0	1.0
CDKN2AIPNL	1	0	0	1.0	1.0
CDHR2	2	0	0	1.0	1.0
CDH9	1	0	0	1.0	1.0
CDH12	1	0	0	1.0	1.0
CANX	1	0	0	1.0	1.0
C7	1	0	0	1.0	1.0
C6	1	0	0	1.0	1.0
C5orf49	1	0	0	1.0	1.0
CMYA5	2	0	0	1.0	1.0
ELOVL7	2	0	0	1.0	1.0
ENC1	2	0	0	1.0	1.0
ERAP1	1	0	0	1.0	1.0
IL12B	1	0	0	1.0	1.0
HMMR	1	0	0	1.0	1.0
HK3	1	0	0	1.0	1.0
HCN1	1	0	0	1.0	1.0
HAVCR1	1	0	0	1.0	1.0
HARS2	1	0	0	1.0	1.0
HAPLN1	1	0	0	1.0	1.0
GRXCR2	1	0	0	1.0	1.0
GRM6	2	0	0	1.0	1.0
GPRIN1	1	0	0	1.0	1.0
GNPDA1	1	0	0	1.0	1.0
GFM2	1	0	0	1.0	1.0
GCNT4	1	0	0	1.0	1.0
GABRB2	1	0	0	1.0	1.0
GABRA1	1	0	0	1.0	1.0
FYB	1	0	0	1.0	1.0
FSTL4	1	0	0	1.0	1.0
FLT4	2	0	0	1.0	1.0
FBXO38	1	0	0	1.0	1.0
FBN2	2	0	0	1.0	1.0
FAM196B	1	0	0	1.0	1.0
FAM193B	1	0	0	1.0	1.0
FAM173B	1	0	0	1.0	1.0
FAM170A	1	0	0	1.0	1.0
ERGIC1	1	0	0	1.0	1.0
KDM3B	1	0	0	1.0	1.0
POLK	1	0	0	1.0	1.0
IGFBP3	1	0	0	1.0	1.0
HOXA9	1	0	0	1.0	1.0
OR10A7	1	0	0	1.0	1.0
OAS2	2	0	0	1.0	1.0
NUDT4	2	0	0	1.0	1.0
NRIP2	1	0	0	1.0	1.0
NR4A1	1	0	0	1.0	1.0
NOS1	1	0	0	1.0	1.0
NOP2	1	0	0	1.0	1.0
NOC4L	1	0	0	1.0	1.0
NFE2	1	0	0	1.0	1.0
NCAPD2	2	0	0	1.0	1.0
NAV3	3	0	0	1.0	1.0
OR6C2	1	0	0	1.0	1.0
NACA	1	0	0	1.0	1.0
MSRB3	1	0	0	1.0	1.0
MPHOSPH9	1	0	0	1.0	1.0
MON2	1	0	0	1.0	1.0
MMP19	1	0	0	1.0	1.0
MMAB	1	0	0	1.0	1.0
KMT2D	4	0	0	1.0	1.0
MGAT4C	1	0	0	1.0	1.0
METTL7B	2	0	0	1.0	1.0
METTL25	1	0	0	1.0	1.0
MCRS1	1	0	0	1.0	1.0
MBD6	1	0	0	1.0	1.0
MYO1A	1	0	0	1.0	1.0
MAP3K12	1	0	0	1.0	1.0
OR8S1	1	0	0	1.0	1.0
OTOGL	2	0	0	1.0	1.0
SDS	2	0	0	1.0	1.0
SCYL2	1	0	0	1.0	1.0
SCNN1A	2	0	0	1.0	1.0
SCN8A	2	0	0	1.0	1.0
SCARB1	1	0	0	1.0	1.0
RPAP3	1	0	0	1.0	1.0
RIMKLB	1	0	0	1.0	1.0
RIMBP2	1	0	0	1.0	1.0
RHOF	2	0	0	1.0	1.0
RECQL	1	0	0	1.0	1.0
RAD9B	1	0	0	1.0	1.0
OR9K2	2	0	0	1.0	1.0
PUS1	1	0	0	1.0	1.0
PPFIA2	2	0	0	1.0	1.0
POLE	2	0	0	1.0	1.0
PLEKHG6	6	0	0	1.0	1.0
PKP2	1	0	0	1.0	1.0
PIWIL1	1	0	0	1.0	1.0
PIK3C2G	1	0	0	1.0	1.0
PEX5	1	0	0	1.0	1.0
PDE1B	1	0	0	1.0	1.0
PARP11	1	0	0	1.0	1.0
PAN2	1	0	0	1.0	1.0
P2RX7	1	0	0	1.0	1.0
PRB2	1	0	0	1.0	1.0
MAP1LC3B2	1	0	0	1.0	1.0
MANSC1	1	0	0	1.0	1.0
MAGOHB	1	0	0	1.0	1.0
IAPP	1	0	0	1.0	1.0
HSD17B6	1	0	0	1.0	1.0
HOXC4	1	0	0	1.0	1.0
HECTD4	1	0	0	1.0	1.0
HDAC7	2	0	0	1.0	1.0
HCAR1	1	0	0	1.0	1.0
GRIP1	1	0	0	1.0	1.0
GRIN2B	1	0	0	1.0	1.0
GPR84	1	0	0	1.0	1.0
GPR19	1	0	0	1.0	1.0
GPR182	1	0	0	1.0	1.0
ITPR2	2	0	0	1.0	1.0
GNPTAB	1	0	0	1.0	1.0
GCN1L1	3	0	0	1.0	1.0
GAS2L3	2	0	0	1.0	1.0
FRS2	1	0	0	1.0	1.0
FKBP4	1	0	0	1.0	1.0
FGF23	2	0	0	1.0	1.0
FBXW8	1	0	0	1.0	1.0
FAR2	1	0	0	1.0	1.0
FAM90A1	1	0	0	1.0	1.0
FAM186A	1	0	0	1.0	1.0
FAM101A	1	0	0	1.0	1.0
ESYT1	1	0	0	1.0	1.0
GNB3	1	0	0	1.0	1.0
KCNC2	1	0	0	1.0	1.0
KDM2B	1	0	0	1.0	1.0
KDM5A	1	0	0	1.0	1.0
LRRIQ1	1	0	0	1.0	1.0
LRRC43	1	0	0	1.0	1.0
LRP1	6	0	0	1.0	1.0
LRIG3	1	0	0	1.0	1.0
LOH12CR1	1	0	0	1.0	1.0
LMBR1L	1	0	0	1.0	1.0
LHX5	1	0	0	1.0	1.0
LETMD1	1	0	0	1.0	1.0
LARP4	1	0	0	1.0	1.0
KRT84	1	0	0	1.0	1.0
KRT77	1	0	0	1.0	1.0
KRT76	1	0	0	1.0	1.0
KRT75	2	0	0	1.0	1.0
KRT71	1	0	0	1.0	1.0
KRT7	1	0	0	1.0	1.0
KRT6A	1	0	0	1.0	1.0
KRT2	1	0	0	1.0	1.0
KNTC1	1	0	0	1.0	1.0
KLRK1	1	0	0	1.0	1.0
KLRC2	1	0	0	1.0	1.0
KLRB1	1	0	0	1.0	1.0
KIF5A	3	0	0	1.0	1.0
KIAA1551	1	0	0	1.0	1.0
KIAA1467	2	0	0	1.0	1.0
C2CD5	1	0	0	1.0	1.0
SETD1B	3	0	0	1.0	1.0
SLC16A7	2	0	0	1.0	1.0
SLC2A13	3	0	0	1.0	1.0
SLC38A1	1	0	0	1.0	1.0
DNAH11	3	0	0	1.0	1.0
DENND2A	1	0	0	1.0	1.0
CYP3A7	2	0	0	1.0	1.0
CUX1	1	0	0	1.0	1.0
CPED1	1	0	0	1.0	1.0
CPA1	2	0	0	1.0	1.0
COPS6	1	0	0	1.0	1.0
COL1A2	1	0	0	1.0	1.0
COG5	1	0	0	1.0	1.0
COBL	2	0	0	1.0	1.0
CNTNAP2	1	0	0	1.0	1.0
DOCK4	1	0	0	1.0	1.0
CLEC5A	1	0	0	1.0	1.0
CCZ1B	1	0	0	1.0	1.0
CARD11	1	0	0	1.0	1.0
CALD1	1	0	0	1.0	1.0
CADPS2	1	0	0	1.0	1.0
CACNA2D1	1	0	0	1.0	1.0
C7orf72	1	0	0	1.0	1.0
C7orf60	1	0	0	1.0	1.0
C7orf31	1	0	0	1.0	1.0
BRAF	1	0	0	1.0	1.0
BLVRA	1	0	0	1.0	1.0
BCAP29	1	0	0	1.0	1.0
CDK13	1	0	0	1.0	1.0
DTX2	1	0	0	1.0	1.0
DUS4L	1	0	0	1.0	1.0
EGFR	2	0	0	1.0	1.0
HECW1	1	0	0	1.0	1.0
HDAC9	2	0	0	1.0	1.0
GTPBP10	1	0	0	1.0	1.0
GTF2IRD1	1	0	0	1.0	1.0
GSTK1	1	0	0	1.0	1.0
GSAP	1	0	0	1.0	1.0
GRM3	2	0	0	1.0	1.0
GRID2IP	3	0	0	1.0	1.0
GPR85	1	0	0	1.0	1.0
GPR37	1	0	0	1.0	1.0
GPR146	1	0	0	1.0	1.0
GLCCI1	1	0	0	1.0	1.0
GIMAP8	1	0	0	1.0	1.0
FZD9	1	0	0	1.0	1.0
FOXP2	1	0	0	1.0	1.0
FOXK1	1	0	0	1.0	1.0
FEZF1	1	0	0	1.0	1.0
FBXL13	1	0	0	1.0	1.0
FAM183B	1	0	0	1.0	1.0
EXOC4	1	0	0	1.0	1.0
ESYT2	1	0	0	1.0	1.0
EPHB6	2	0	0	1.0	1.0
EPHA1	1	0	0	1.0	1.0
ELN	1	0	0	1.0	1.0
ELFN1	2	0	0	1.0	1.0
AUTS2	3	0	0	1.0	1.0
HTR5A	1	0	0	1.0	1.0
ATXN7L1	1	0	0	1.0	1.0
ATP5J2-PTCD1	1	0	0	1.0	1.0
UTP20	1	0	0	1.0	1.0
USP15	1	0	0	1.0	1.0
UBE3B	2	0	0	1.0	1.0
TRPV4	2	0	0	1.0	1.0
TNFRSF1A	1	0	0	1.0	1.0
TMTC2	2	0	0	1.0	1.0
TMTC1	1	0	0	1.0	1.0
TMEM132D	1	0	0	1.0	1.0
TMBIM6	1	0	0	1.0	1.0
TBK1	1	0	0	1.0	1.0
TAS2R50	1	0	0	1.0	1.0
VAMP1	1	0	0	1.0	1.0
TAS2R31	1	0	0	1.0	1.0
SYCP3	1	0	0	1.0	1.0
SUOX	2	0	0	1.0	1.0
STAT6	1	0	0	1.0	1.0
SSPN	1	0	0	1.0	1.0
SRRM4	2	0	0	1.0	1.0
SPRYD3	1	0	0	1.0	1.0
SOX5	1	0	0	1.0	1.0
SOAT2	1	0	0	1.0	1.0
SNRNP35	1	0	0	1.0	1.0
SLC5A8	1	0	0	1.0	1.0
SLC38A2	1	0	0	1.0	1.0
TAOK3	1	0	0	1.0	1.0
VDR	1	0	0	1.0	1.0
VPS33A	1	0	0	1.0	1.0
VPS37B	1	0	0	1.0	1.0
ASZ1	1	0	0	1.0	1.0
ARHGEF5	1	0	0	1.0	1.0
AP4M1	1	0	0	1.0	1.0
ANLN	1	0	0	1.0	1.0
ANKMY2	1	0	0	1.0	1.0
ANKIB1	1	0	0	1.0	1.0
AMPH	1	0	0	1.0	1.0
ALKBH4	1	0	0	1.0	1.0
AKR1D1	1	0	0	1.0	1.0
AKAP9	1	0	0	1.0	1.0
AEBP1	2	0	0	1.0	1.0
ADCYAP1R1	2	0	0	1.0	1.0
ACHE	1	0	0	1.0	1.0
ABCF2	1	0	0	1.0	1.0
ABCB5	1	0	0	1.0	1.0
ABCB1	2	0	0	1.0	1.0
ZNF705A	1	0	0	1.0	1.0
ZNF385A	1	0	0	1.0	1.0
ZCCHC8	1	0	0	1.0	1.0
ZBTB39	1	0	0	1.0	1.0
YBX3	1	0	0	1.0	1.0
WSCD2	1	0	0	1.0	1.0
WNT5B	1	0	0	1.0	1.0
WIF1	2	0	0	1.0	1.0
VWF	2	0	0	1.0	1.0
ATP6V0A4	2	0	0	1.0	1.0
PPWD1	1	0	0	1.0	1.0
PRDM9	2	0	0	1.0	1.0
PROB1	1	0	0	1.0	1.0
ANXA1	1	0	0	1.0	1.0
ALAD	1	0	0	1.0	1.0
AGTPBP1	1	0	0	1.0	1.0
ADAMTS13	2	0	0	1.0	1.0
ABL1	1	0	0	1.0	1.0
ABCA2	1	0	0	1.0	1.0
ABCA1	1	0	0	1.0	1.0
ZNF764	1	0	0	1.0	1.0
ZNF688	1	0	0	1.0	1.0
ZNF668	1	0	0	1.0	1.0
ZNF646	1	0	0	1.0	1.0
APBA1	1	0	0	1.0	1.0
ZNF598	2	0	0	1.0	1.0
ZNF469	1	0	0	1.0	1.0
ZNF319	1	0	0	1.0	1.0
ZNF263	1	0	0	1.0	1.0
ZNF213	1	0	0	1.0	1.0
ZNF205	2	0	0	1.0	1.0
ZFP1	1	0	0	1.0	1.0
WWOX	1	0	0	1.0	1.0
WDR59	2	0	0	1.0	1.0
WASH4P	1	0	0	1.0	1.0
VWA3A	1	0	0	1.0	1.0
VPS4A	1	0	0	1.0	1.0
ZNF500	1	0	0	1.0	1.0
VASN	1	0	0	1.0	1.0
ARRDC1	1	0	0	1.0	1.0
ASTN2	1	0	0	1.0	1.0
CTSL	1	0	0	1.0	1.0
CREB3	1	0	0	1.0	1.0
CRB2	1	0	0	1.0	1.0
COL5A1	4	0	0	1.0	1.0
COL27A1	1	0	0	1.0	1.0
CNTNAP3	1	0	0	1.0	1.0
CEP78	1	0	0	1.0	1.0
CEL	1	0	0	1.0	1.0
CDC37L1	1	0	0	1.0	1.0
CCIN	3	0	0	1.0	1.0
CCDC171	1	0	0	1.0	1.0
ASPN	1	0	0	1.0	1.0
CACNA1B	2	0	0	1.0	1.0
C9orf43	1	0	0	1.0	1.0
C9orf41	1	0	0	1.0	1.0
C9orf24	1	0	0	1.0	1.0
C9orf173	1	0	0	1.0	1.0
C9orf172	1	0	0	1.0	1.0
C9orf170	1	0	0	1.0	1.0
C9orf131	1	0	0	1.0	1.0
C9orf129	1	0	0	1.0	1.0
BRD3	2	0	0	1.0	1.0
BNC2	2	0	0	1.0	1.0
BAAT	1	0	0	1.0	1.0
CAAP1	1	0	0	1.0	1.0
VAC14	1	0	0	1.0	1.0
USP7	2	0	0	1.0	1.0
TMEM8A	1	0	0	1.0	1.0
PDPR	1	0	0	1.0	1.0
PAQR4	1	0	0	1.0	1.0
PAGR1	1	0	0	1.0	1.0
ORAI3	1	0	0	1.0	1.0
NOD2	1	0	0	1.0	1.0
NLRC5	3	0	0	1.0	1.0
NKD1	1	0	0	1.0	1.0
N4BP1	1	0	0	1.0	1.0
MGRN1	1	0	0	1.0	1.0
MEFV	1	0	0	1.0	1.0
MBTPS1	2	0	0	1.0	1.0
PHKB	3	0	0	1.0	1.0
MARVELD3	1	0	0	1.0	1.0
LRRC36	2	0	0	1.0	1.0
LCMT1	1	0	0	1.0	1.0
KLHDC4	1	0	0	1.0	1.0
KIFC3	1	0	0	1.0	1.0
KIAA0556	2	0	0	1.0	1.0
KIAA0430	1	0	0	1.0	1.0
KCTD19	1	0	0	1.0	1.0
KCNG4	1	0	0	1.0	1.0
KATNB1	1	0	0	1.0	1.0
KARS	1	0	0	1.0	1.0
JMJD8	1	0	0	1.0	1.0
MAPK8IP3	2	0	0	1.0	1.0
PHLPP2	1	0	0	1.0	1.0
PKMYT1	1	0	0	1.0	1.0
PRKCB	1	0	0	1.0	1.0
TMEM231	1	0	0	1.0	1.0
TMC7	1	0	0	1.0	1.0
TGFB1I1	1	0	0	1.0	1.0
TBC1D10B	1	0	0	1.0	1.0
TAOK2	4	0	0	1.0	1.0
SYT17	1	0	0	1.0	1.0
STX1B	1	0	0	1.0	1.0
SRRM2	2	0	0	1.0	1.0
SRCAP	1	0	0	1.0	1.0
SPG7	2	0	0	1.0	1.0
SLC6A2	1	0	0	1.0	1.0
SLC12A4	1	0	0	1.0	1.0
SLC12A3	1	0	0	1.0	1.0
SHISA9	1	0	0	1.0	1.0
SEZ6L2	1	0	0	1.0	1.0
SETD1A	1	0	0	1.0	1.0
RPS2	1	0	0	1.0	1.0
RNF40	1	0	0	1.0	1.0
RHBDF1	1	0	0	1.0	1.0
RBBP6	1	0	0	1.0	1.0
RANBP10	1	0	0	1.0	1.0
PRSS8	1	0	0	1.0	1.0
PRSS27	1	0	0	1.0	1.0
PRR25	1	0	0	1.0	1.0
PRR14	1	0	0	1.0	1.0
DAPK1	1	0	0	1.0	1.0
BRINP1	1	0	0	1.0	1.0
DBH	1	0	0	1.0	1.0
DEC1	1	0	0	1.0	1.0
SLC1A1	1	0	0	1.0	1.0
SECISBP2	1	0	0	1.0	1.0
SEC16A	1	0	0	1.0	1.0
SDCCAG3	1	0	0	1.0	1.0
RXRA	1	0	0	1.0	1.0
RNF208	2	0	0	1.0	1.0
RNF183	1	0	0	1.0	1.0
RGS3	2	0	0	1.0	1.0
RGP1	1	0	0	1.0	1.0
RFX3	1	0	0	1.0	1.0
RC3H2	1	0	0	1.0	1.0
SLC24A2	1	0	0	1.0	1.0
RASEF	1	0	0	1.0	1.0
PTPRD	3	0	0	1.0	1.0
PTGDS	1	0	0	1.0	1.0
PTCH1	1	0	0	1.0	1.0
PTBP3	1	0	0	1.0	1.0
PSMD5	1	0	0	1.0	1.0
PSIP1	1	0	0	1.0	1.0
PSAT1	1	0	0	1.0	1.0
PRUNE2	1	0	0	1.0	1.0
PRSS3	1	0	0	1.0	1.0
PRRC2B	3	0	0	1.0	1.0
PRKACG	1	0	0	1.0	1.0
RABGAP1	1	0	0	1.0	1.0
SLC28A3	1	0	0	1.0	1.0
SLC2A6	1	0	0	1.0	1.0
SLC44A1	1	0	0	1.0	1.0
TYRP1	1	0	0	1.0	1.0
TTC16	3	0	0	1.0	1.0
TRPM3	1	0	0	1.0	1.0
TRIM32	1	0	0	1.0	1.0
TRAF2	1	0	0	1.0	1.0
TPM2	1	0	0	1.0	1.0
TNC	1	0	0	1.0	1.0
TMEM8B	1	0	0	1.0	1.0
TMEM246	1	0	0	1.0	1.0
TMEM245	1	0	0	1.0	1.0
TMEM215	1	0	0	1.0	1.0
TMEM2	1	0	0	1.0	1.0
TLR4	2	0	0	1.0	1.0
TLN1	2	0	0	1.0	1.0
TLE4	2	0	0	1.0	1.0
TGFBR1	1	0	0	1.0	1.0
TESK1	1	0	0	1.0	1.0
SVEP1	4	0	0	1.0	1.0
SSNA1	1	0	0	1.0	1.0
SPTLC1	2	0	0	1.0	1.0
SPTAN1	1	0	0	1.0	1.0
SPATA31E1	4	0	0	1.0	1.0
SPATA31A6	2	0	0	1.0	1.0
SNAPC4	1	0	0	1.0	1.0
SMU1	1	0	0	1.0	1.0
PRDM12	1	0	0	1.0	1.0
ITGAX	1	0	0	1.0	1.0
PPP1R26	1	0	0	1.0	1.0
PAPPA	1	0	0	1.0	1.0
HSPA5	1	0	0	1.0	1.0
GRIN3A	1	0	0	1.0	1.0
GRIN1	1	0	0	1.0	1.0
GRHPR	1	0	0	1.0	1.0
GOLGA1	1	0	0	1.0	1.0
GBGT1	1	0	0	1.0	1.0
GALNT12	1	0	0	1.0	1.0
GABBR2	1	0	0	1.0	1.0
FRMPD1	3	0	0	1.0	1.0
FRMD3	1	0	0	1.0	1.0
FREM1	1	0	0	1.0	1.0
IARS	1	0	0	1.0	1.0
FOCAD	1	0	0	1.0	1.0
FCN2	1	0	0	1.0	1.0
FBXO10	1	0	0	1.0	1.0
FBP2	1	0	0	1.0	1.0
FAM206A	1	0	0	1.0	1.0
FAM154A	1	0	0	1.0	1.0
EXD3	2	0	0	1.0	1.0
EPB41L4B	1	0	0	1.0	1.0
DNAJB5	1	0	0	1.0	1.0
DMRT2	1	0	0	1.0	1.0
DFNB31	1	0	0	1.0	1.0
DENND1A	1	0	0	1.0	1.0
FIBCD1	1	0	0	1.0	1.0
IKBKAP	1	0	0	1.0	1.0
INPP5E	1	0	0	1.0	1.0
JAK2	1	0	0	1.0	1.0
PALM2-AKAP2	1	0	0	1.0	1.0
OR1J4	1	0	0	1.0	1.0
OR1B1	1	0	0	1.0	1.0
OR13D1	1	0	0	1.0	1.0
OR13C3	2	0	0	1.0	1.0
OMD	1	0	0	1.0	1.0
NTMT1	1	0	0	1.0	1.0
NFIL3	1	0	0	1.0	1.0
NELFB	1	0	0	1.0	1.0
NAA35	1	0	0	1.0	1.0
MUSK	1	0	0	1.0	1.0
MURC	2	0	0	1.0	1.0
MTAP	1	0	0	1.0	1.0
MPDZ	1	0	0	1.0	1.0
MEGF9	1	0	0	1.0	1.0
MAPKAP1	1	0	0	1.0	1.0
LHX6	1	0	0	1.0	1.0
KIF27	1	0	0	1.0	1.0
KIF24	2	0	0	1.0	1.0
KIAA2026	1	0	0	1.0	1.0
CCDC183	1	0	0	1.0	1.0
KIAA1958	1	0	0	1.0	1.0
KDM4C	2	0	0	1.0	1.0
KCNT1	2	0	0	1.0	1.0
KANK1	2	0	0	1.0	1.0
PNPLA7	1	0	0	1.0	1.0
ITGAM	1	0	0	1.0	1.0
ITFG3	1	0	0	1.0	1.0
IL21R	1	0	0	1.0	1.0
GSC	1	0	0	1.0	1.0
GPR68	1	0	0	1.0	1.0
GOLGA5	1	0	0	1.0	1.0
GALNT16	1	0	0	1.0	1.0
FRMD6	1	0	0	1.0	1.0
FOXG1	1	0	0	1.0	1.0
FLRT2	2	0	0	1.0	1.0
FANCM	3	0	0	1.0	1.0
FAM161B	1	0	0	1.0	1.0
ELMSAN1	1	0	0	1.0	1.0
EFS	1	0	0	1.0	1.0
HAUS4	1	0	0	1.0	1.0
DYNC1H1	4	0	0	1.0	1.0
DACT1	3	0	0	1.0	1.0
DAAM1	2	0	0	1.0	1.0
CTAGE5	1	0	0	1.0	1.0
CPNE6	1	0	0	1.0	1.0
CMA1	1	0	0	1.0	1.0
CEP128	2	0	0	1.0	1.0
BDKRB2	1	0	0	1.0	1.0
BCL2L2-PABPN1	1	0	0	1.0	1.0
BCL11B	2	0	0	1.0	1.0
BAZ1A	1	0	0	1.0	1.0
ASPG	1	0	0	1.0	1.0
DCAF11	1	0	0	1.0	1.0
HSPA2	1	0	0	1.0	1.0
IGHA1	1	0	0	1.0	1.0
IGHD	1	0	0	1.0	1.0
OR4K15	1	0	0	1.0	1.0
OR11G2	1	0	0	1.0	1.0
NUMB	1	0	0	1.0	1.0
NOVA1	1	0	0	1.0	1.0
NID2	2	0	0	1.0	1.0
NDRG2	1	0	0	1.0	1.0
MYH7	1	0	0	1.0	1.0
MYH6	3	0	0	1.0	1.0
MPP5	1	0	0	1.0	1.0
MIS18BP1	1	0	0	1.0	1.0
MDGA2	1	0	0	1.0	1.0
LRRC16B	1	0	0	1.0	1.0
LRP10	1	0	0	1.0	1.0
LRFN5	2	0	0	1.0	1.0
CEP170B	2	0	0	1.0	1.0
KCNK10	2	0	0	1.0	1.0
JKAMP	1	0	0	1.0	1.0
IL25	1	0	0	1.0	1.0
IGHV4-61	2	0	0	1.0	1.0
IGHV3-33	1	0	0	1.0	1.0
IGHV3-23	1	0	0	1.0	1.0
IGHV1-8	1	0	0	1.0	1.0
IGHV1-69	1	0	0	1.0	1.0
IGHG4	1	0	0	1.0	1.0
IGHE	1	0	0	1.0	1.0
ASB2	1	0	0	1.0	1.0
OR4K2	2	0	0	1.0	1.0
APEX1	1	0	0	1.0	1.0
AHNAK2	6	0	0	1.0	1.0
SLC6A19	1	0	0	1.0	1.0
SLC6A18	1	0	0	1.0	1.0
SLC34A1	2	0	0	1.0	1.0
SLC30A5	1	0	0	1.0	1.0
SLC26A2	1	0	0	1.0	1.0
SLC23A1	1	0	0	1.0	1.0
SLC1A3	2	0	0	1.0	1.0
SLC12A7	2	0	0	1.0	1.0
SLC12A2	1	0	0	1.0	1.0
SIL1	1	0	0	1.0	1.0
SGTB	1	0	0	1.0	1.0
SLCO6A1	2	0	0	1.0	1.0
SETD9	1	0	0	1.0	1.0
SEPT8	1	0	0	1.0	1.0
SEMA6A	3	0	0	1.0	1.0
SDHA	1	0	0	1.0	1.0
RNF145	1	0	0	1.0	1.0
RNF130	1	0	0	1.0	1.0
RBM27	3	0	0	1.0	1.0
RASGRF2	1	0	0	1.0	1.0
RAPGEF6	1	0	0	1.0	1.0
RANBP17	1	0	0	1.0	1.0
RAD17	1	0	0	1.0	1.0
PROP1	1	0	0	1.0	1.0
SERINC5	1	0	0	1.0	1.0
SLIT3	1	0	0	1.0	1.0
SNCAIP	1	0	0	1.0	1.0
SNX18	1	0	0	1.0	1.0
ADSSL1	2	0	0	1.0	1.0
ADCY4	1	0	0	1.0	1.0
ADAM21	1	0	0	1.0	1.0
ACTN1	2	0	0	1.0	1.0
ACOT4	1	0	0	1.0	1.0
ZSWIM6	1	0	0	1.0	1.0
ZRSR1	1	0	0	1.0	1.0
ZNF608	1	0	0	1.0	1.0
ZNF474	1	0	0	1.0	1.0
ZNF454	1	0	0	1.0	1.0
ZNF354C	1	0	0	1.0	1.0
ZNF354B	1	0	0	1.0	1.0
ZFR	1	0	0	1.0	1.0
ZFP2	1	0	0	1.0	1.0
VCAN	2	0	0	1.0	1.0
UBTD2	1	0	0	1.0	1.0
TTC1	1	0	0	1.0	1.0
TRPC7	2	0	0	1.0	1.0
TRIO	1	0	0	1.0	1.0
TLX3	1	0	0	1.0	1.0
TGFBI	2	0	0	1.0	1.0
TCOF1	1	0	0	1.0	1.0
STC2	1	0	0	1.0	1.0
SPEF2	1	0	0	1.0	1.0
SPATA9	1	0	0	1.0	1.0
AKAP6	1	0	0	1.0	1.0
EP400	1	0	0	1.0	1.0
OR4Q3	1	0	0	1.0	1.0
OTX2	1	0	0	1.0	1.0
CRAMP1L	1	0	0	1.0	1.0
CPNE7	2	0	0	1.0	1.0
COX4I1	1	0	0	1.0	1.0
COG8	1	0	0	1.0	1.0
COG7	2	0	0	1.0	1.0
CNTNAP4	1	0	0	1.0	1.0
CLEC16A	1	0	0	1.0	1.0
CLDN9	2	0	0	1.0	1.0
CHST5	1	0	0	1.0	1.0
CEMP1	1	0	0	1.0	1.0
CDT1	1	0	0	1.0	1.0
CSNK2A2	1	0	0	1.0	1.0
CDH8	2	0	0	1.0	1.0
CDH3	1	0	0	1.0	1.0
CDH13	2	0	0	1.0	1.0
CD19	2	0	0	1.0	1.0
CALB2	1	0	0	1.0	1.0
CACNG3	1	0	0	1.0	1.0
CACNA1H	1	0	0	1.0	1.0
C16orf90	2	0	0	1.0	1.0
C16orf89	2	0	0	1.0	1.0
C16orf86	1	0	0	1.0	1.0
C16orf59	1	0	0	1.0	1.0
BRD7	1	0	0	1.0	1.0
CDH5	1	0	0	1.0	1.0
CTRB2	1	0	0	1.0	1.0
DDX28	1	0	0	1.0	1.0
DECR2	1	0	0	1.0	1.0
IL17C	2	0	0	1.0	1.0
HYDIN	2	0	0	1.0	1.0
HPR	1	0	0	1.0	1.0
HMOX2	1	0	0	1.0	1.0
GTF3C1	5	0	0	1.0	1.0
GPRC5B	1	0	0	1.0	1.0
GP2	1	0	0	1.0	1.0
GLG1	1	0	0	1.0	1.0
GGA2	1	0	0	1.0	1.0
GALNS	1	0	0	1.0	1.0
FUK	1	0	0	1.0	1.0
FOXC2	1	0	0	1.0	1.0
FBRS	1	1	0	1.0	1.0
FA2H	1	0	0	1.0	1.0
ERN2	2	0	0	1.0	1.0
ERI2	1	0	0	1.0	1.0
ERCC4	1	0	0	1.0	1.0
ENKD1	1	0	0	1.0	1.0
ELMO3	1	0	0	1.0	1.0
EARS2	2	0	0	1.0	1.0
DOK4	1	0	0	1.0	1.0
DNAJA3	1	0	0	1.0	1.0
DNAJA2	1	0	0	1.0	1.0
DHODH	1	0	0	1.0	1.0
DEF8	1	0	0	1.0	1.0
BAIAP3	1	0	0	1.0	1.0
OR6S1	1	0	0	1.0	1.0
ATXN2L	1	0	0	1.0	1.0
ATP2C2	2	0	0	1.0	1.0
STON2	1	0	0	1.0	1.0
SPTLC2	1	0	0	1.0	1.0
SLC25A47	1	0	0	1.0	1.0
SLC24A4	3	0	0	1.0	1.0
SLC22A17	2	0	0	1.0	1.0
SGPP1	1	0	0	1.0	1.0
SERPINA6	1	0	0	1.0	1.0
SERPINA3	2	0	0	1.0	1.0
SERPINA12	1	0	0	1.0	1.0
SERPINA1	1	0	0	1.0	1.0
SEL1L	1	0	0	1.0	1.0
SYNE3	2	0	0	1.0	1.0
SAMD4A	1	0	0	1.0	1.0
SALL2	2	0	0	1.0	1.0
RPL10L	1	0	0	1.0	1.0
REM2	1	0	0	1.0	1.0
RDH12	2	0	0	1.0	1.0
PSMB5	1	0	0	1.0	1.0
PPP4R4	1	0	0	1.0	1.0
PPP2R3C	1	0	0	1.0	1.0
PPP1R13B	2	0	0	1.0	1.0
POTEM	1	0	0	1.0	1.0
PCNX	2	0	0	1.0	1.0
PAX9	1	0	0	1.0	1.0
SAMD15	1	0	0	1.0	1.0
TDP1	1	0	0	1.0	1.0
TDRD9	1	0	0	1.0	1.0
TECPR2	1	0	0	1.0	1.0
ATP2A1	2	0	0	1.0	1.0
ARMC5	2	0	0	1.0	1.0
APOBR	1	0	0	1.0	1.0
ANKRD11	3	0	0	1.0	1.0
AMDHD2	1	0	0	1.0	1.0
ADAMTS18	1	0	0	1.0	1.0
ABCC6	2	0	0	1.0	1.0
ABCC12	1	0	0	1.0	1.0
ABCC1	1	0	0	1.0	1.0
ABCA3	1	0	0	1.0	1.0
ZNF839	1	0	0	1.0	1.0
ZFYVE26	1	0	0	1.0	1.0
ZFP36L1	1	0	0	1.0	1.0
ZC3H14	1	0	0	1.0	1.0
VSX2	1	0	0	1.0	1.0
UNC79	1	0	0	1.0	1.0
TXNDC16	2	0	0	1.0	1.0
TTLL5	2	0	0	1.0	1.0
TSHR	1	0	0	1.0	1.0
TRMT61A	1	0	0	1.0	1.0
TNFAIP2	1	0	0	1.0	1.0
TMEM63C	1	0	0	1.0	1.0
TMEM121	1	0	0	1.0	1.0
TMED10	1	0	0	1.0	1.0
TGM1	1	0	0	1.0	1.0
ATP6V0C	1	0	0	1.0	1.0
EEA1	2	0	0	1.0	1.0
