Gene	ID	gene length	non-silent snv	silent snv	nonsense	lost stop	splice site	lost start	missense	recurrent missense	normalized missense position entropy	frameshift indel	inframe indel	normalized mutation entropy
ADAM30	NA	2373	1	0	0	0	0	0	1	0	1.0	0.0	0.0	1.0
ANGEL2	NA	1635	2	0	0	0	0	0	2	0	1.0	0.0	0.0	-0.0
ANKRD13C	NA	1626	1	0	0	0	0	0	1	0	1.0	0.0	0.0	1.0
ANKRD34A	NA	1491	1	0	0	0	0	0	1	0	1.0	0.0	0.0	1.0
ARL8A	NA	561	1	0	0	0	0	0	1	0	1.0	0.0	0.0	1.0
ASH1L	NA	8895	1	0	0	0	0	0	1	0	1.0	0.0	0.0	1.0
ATAD3A	NA	1905	1	0	0	0	0	0	1	0	1.0	0.0	0.0	1.0
ATAD3C	NA	1236	1	0	0	0	0	0	1	0	1.0	0.0	0.0	1.0
BCAN	NA	2736	1	0	0	0	0	0	1	0	1.0	0.0	0.0	1.0
BTBD8	NA	1137	1	0	0	0	1	0	0	0	1.0	0.0	0.0	1.0
C1orf174	NA	732	0	1	0	0	0	0	0	0	1.0	0.0	0.0	1.0
C1orf94	NA	1797	2	0	0	0	0	0	2	0	1.0	0.0	0.0	-0.0
C8B	NA	1776	0	1	0	0	0	0	0	0	1.0	0.0	0.0	1.0
CA6	NA	942	2	0	0	0	0	0	2	0	1.0	0.0	0.0	-0.0
CACNA1E	NA	6942	2	2	0	0	0	0	2	0	1.0	0.0	0.0	0.75
CELF3	NA	1398	1	0	0	0	0	0	1	0	1.0	0.0	0.0	1.0
CEP350	NA	9354	2	0	0	0	0	0	2	0	1.0	0.0	0.0	-0.0
CFHR5	NA	1710	1	0	0	0	0	0	1	0	1.0	0.0	0.0	1.0
CHI3L1	NA	1152	0	2	0	0	0	0	0	0	1.0	0.0	0.0	1.0
CKS1B	NA	240	1	0	0	0	0	0	1	0	1.0	0.0	0.0	1.0
CLCC1	NA	1656	1	0	0	0	0	0	1	0	1.0	0.0	0.0	1.0
CNTN2	NA	3123	2	0	0	0	0	0	2	0	1.0	0.0	0.0	1.0
COL24A1	NA	5145	1	0	0	0	0	0	1	0	1.0	0.0	0.0	1.0
COL8A2	NA	2112	1	0	0	0	0	0	1	0	1.0	0.0	0.0	1.0
COPA	NA	3702	1	0	0	0	0	0	1	0	1.0	0.0	0.0	1.0
CR2	NA	3279	1	0	0	0	0	0	1	0	1.0	0.0	0.0	1.0
CSMD2	NA	10464	2	0	0	0	0	0	2	0	1.0	0.0	0.0	1.0
DDX59	NA	1860	1	0	0	0	0	0	1	0	1.0	0.0	0.0	1.0
DHX9	NA	3813	2	0	0	0	0	0	2	0	1.0	0.0	0.0	-0.0
DISP1	NA	4575	2	0	0	0	0	0	2	0	1.0	0.0	0.0	-0.0
DLGAP3	NA	2940	0	1	0	0	0	0	0	0	1.0	0.0	0.0	1.0
DNAJC11	NA	1680	1	0	0	0	0	0	1	0	1.0	0.0	0.0	1.0
DNAJC16	NA	2349	0	1	0	0	0	0	0	0	1.0	0.0	0.0	1.0
DOCK7	NA	6390	1	0	0	0	0	0	1	0	1.0	0.0	0.0	1.0
DPH2	NA	1470	1	0	0	0	0	0	1	0	1.0	0.0	0.0	1.0
DRAM2	NA	801	2	0	2	0	0	0	0	0	1.0	0.0	0.0	-0.0
AGO3	NA	2583	0	1	0	0	0	0	0	0	1.0	0.0	0.0	1.0
ELF3	NA	1116	2	0	0	0	0	0	2	0	1.0	0.0	0.0	-0.0
EPHA2	NA	2931	3	0	1	0	0	0	2	0	1.0	1.0	0.0	0.5
EPHA8	NA	3018	1	0	0	0	0	0	1	0	1.0	0.0	0.0	1.0
EPRS	NA	4539	2	0	0	0	0	0	2	0	1.0	0.0	0.0	-0.0
ESPN	NA	2565	1	0	0	0	0	0	1	0	1.0	0.0	0.0	1.0
BRINP3	NA	2301	1	0	0	0	0	0	1	0	1.0	0.0	0.0	1.0
FBXO28	NA	1107	0	1	0	0	0	0	0	0	1.0	0.0	0.0	1.0
FBXO6	NA	882	1	0	0	0	0	0	1	0	1.0	0.0	0.0	1.0
FMN2	NA	5169	3	0	0	0	0	0	3	0	1.0	0.0	0.0	0.579380164285695
GBP4	NA	1923	0	1	0	0	0	0	0	0	1.0	0.0	0.0	1.0
GPATCH2	NA	1587	1	0	0	0	0	0	1	0	1.0	0.0	0.0	1.0
GPN2	NA	933	1	0	0	0	0	0	1	0	1.0	0.0	0.0	1.0
HMGCL	NA	978	1	0	0	0	0	0	1	0	1.0	0.0	0.0	1.0
HMGCS2	NA	1527	0	1	0	0	0	0	0	0	1.0	0.0	0.0	1.0
HNRNPU	NA	2478	1	0	0	0	0	0	1	0	1.0	0.0	0.0	1.0
HOOK1	NA	2187	1	0	0	0	0	0	1	0	1.0	0.0	0.0	1.0
INTS7	NA	2889	1	0	0	0	0	0	1	0	1.0	0.0	0.0	1.0
IRF6	NA	1404	2	0	0	0	0	0	2	0	1.0	0.0	0.0	1.0
IVL	NA	1758	2	0	2	0	0	0	0	0	1.0	0.0	0.0	-0.0
JMJD4	NA	1392	2	0	0	0	0	0	2	0	1.0	0.0	0.0	-0.0
KCNT2	NA	3408	2	0	0	0	0	0	2	0	1.0	0.0	0.0	-0.0
KIAA0319L	NA	3150	1	0	0	0	0	0	1	0	1.0	0.0	0.0	1.0
KIAA0754	NA	4284	2	0	0	0	0	0	2	0	1.0	0.0	0.0	1.0
KIF14	NA	4947	1	0	0	0	0	0	1	0	1.0	0.0	0.0	1.0
KIF1B	NA	5313	2	0	0	0	0	0	2	0	1.0	0.0	0.0	1.0
KLHL20	NA	1830	2	1	0	0	0	0	2	0	1.0	0.0	0.0	0.579380164285695
KMO	NA	1461	1	0	0	0	0	0	1	0	1.0	0.0	0.0	1.0
KTI12	NA	1065	2	0	0	0	0	0	2	0	1.0	0.0	0.0	-0.0
LAMB3	NA	3519	1	0	0	0	0	0	1	0	1.0	0.0	0.0	1.0
LDLRAD1	NA	618	2	0	0	0	0	0	2	0	1.0	0.0	0.0	-0.0
LIX1L	NA	1014	0	1	0	0	0	0	0	0	1.0	0.0	0.0	1.0
LRRC52	NA	942	2	0	0	0	0	0	2	0	1.0	0.0	0.0	-0.0
LRRC71	NA	1680	1	0	0	0	0	0	1	0	1.0	0.0	0.0	1.0
LRRC8B	NA	2412	0	1	0	0	0	0	0	0	1.0	0.0	0.0	1.0
MAP10	NA	3144	1	0	0	0	0	0	1	0	1.0	0.0	0.0	1.0
MEF2D	NA	1566	0	1	0	0	0	0	0	0	1.0	0.0	0.0	1.0
MNDA	NA	1224	1	0	0	0	0	0	1	0	1.0	0.0	0.0	1.0
MRTO4	NA	720	0	1	0	0	0	0	0	0	1.0	0.0	0.0	1.0
NBPF10	NA	10881	0	1	0	0	0	0	0	0	1.0	0.0	0.0	1.0
NES	NA	4866	0	1	0	0	0	0	0	0	1.0	0.0	0.0	1.0
NID1	NA	3744	2	0	0	0	1	0	1	0	1.0	0.0	0.0	1.0
NVL	NA	2571	1	0	0	0	0	0	1	0	1.0	0.0	0.0	1.0
OBSCN	NA	26772	2	0	0	0	0	0	2	0	1.0	0.0	0.0	-0.0
OR10J3	NA	990	1	0	0	0	0	0	1	0	1.0	0.0	0.0	1.0
OR2L2	NA	939	0	2	0	0	0	0	0	0	1.0	0.0	0.0	1.0
OR2T12	NA	963	1	0	0	0	0	0	1	0	1.0	0.0	0.0	1.0
OR6P1	NA	954	1	0	0	0	0	0	1	0	1.0	0.0	0.0	1.0
PAPPA2	NA	5376	1	0	0	0	0	0	1	0	1.0	0.0	0.0	1.0
PDE4DIP	NA	7089	2	0	0	0	0	0	2	0	1.0	0.0	0.0	1.0
PDIK1L	NA	1026	1	0	0	0	0	0	1	0	1.0	0.0	0.0	1.0
PEX11B	NA	780	1	0	0	0	0	0	1	0	1.0	0.0	0.0	1.0
PGBD2	NA	1779	1	0	0	0	0	0	1	0	1.0	0.0	0.0	1.0
PKP1	NA	2244	0	1	0	0	0	0	0	0	1.0	0.0	0.0	1.0
PLEKHA6	NA	3147	1	0	0	0	0	0	1	0	1.0	0.0	0.0	1.0
PLK3	NA	1941	1	0	0	0	0	0	1	0	1.0	0.0	0.0	1.0
PLOD1	NA	2184	2	0	0	0	0	0	2	0	1.0	0.0	0.0	-0.0
PLXNA2	NA	5685	1	0	0	0	0	0	1	0	1.0	0.0	0.0	1.0
PRDM2	NA	5157	0	1	0	0	0	0	0	0	1.0	0.0	0.0	1.0
PRG4	NA	4215	1	0	0	0	0	0	1	0	1.0	0.0	0.0	1.0
PRKAB2	NA	819	0	1	0	0	0	0	0	0	1.0	0.0	0.0	1.0
PRRC2C	NA	8454	1	0	0	0	0	0	1	0	1.0	0.0	0.0	1.0
PSEN2	NA	1347	2	0	0	0	0	0	2	0	1.0	0.0	0.0	-0.0
PSMA5	NA	726	1	0	1	0	0	0	0	0	1.0	0.0	0.0	1.0
PTGER3	NA	1257	0	2	0	0	0	0	0	0	1.0	0.0	0.0	1.0
PTPN14	NA	3564	0	1	0	0	0	0	0	0	1.0	0.0	0.0	1.0
PTPRC	NA	3921	2	0	0	0	2	0	0	0	1.0	0.0	0.0	-0.0
PTPRF	NA	5724	2	0	0	0	0	0	2	0	1.0	0.0	0.0	-0.0
PUM1	NA	3567	2	0	0	0	0	0	2	0	1.0	0.0	0.0	1.0
RALGPS2	NA	1752	0	1	0	0	0	0	0	0	1.0	0.0	0.0	1.0
RD3	NA	588	1	0	0	0	0	0	1	0	1.0	0.0	0.0	1.0
RIT1	NA	711	1	0	0	0	0	0	1	0	1.0	0.0	0.0	1.0
RNF19B	NA	2199	1	0	0	0	0	0	1	0	1.0	0.0	0.0	1.0
RNF220	NA	1701	2	0	0	0	0	0	2	0	1.0	0.0	0.0	-0.0
ROR1	NA	2814	2	0	0	0	0	0	2	0	1.0	0.0	0.0	-0.0
RYR2	NA	14904	0	1	0	0	0	0	0	0	1.0	0.0	0.0	1.0
SASS6	NA	1974	2	0	0	0	0	0	2	0	1.0	0.0	0.0	-0.0
SDCCAG8	NA	2142	0	1	0	0	0	0	0	0	1.0	0.0	0.0	1.0
SELENBP1	NA	1545	2	0	0	0	0	0	2	0	1.0	0.0	0.0	-0.0
SF3A3	NA	1506	0	1	0	0	0	0	0	0	1.0	0.0	0.0	1.0
SLC5A9	NA	2121	0	2	0	0	0	0	0	0	1.0	0.0	0.0	1.0
SMYD2	NA	1302	0	1	0	0	0	0	0	0	1.0	0.0	0.0	1.0
SOAT1	NA	1653	0	1	0	0	0	0	0	0	1.0	0.0	0.0	1.0
SPTA1	NA	7260	1	0	0	0	0	0	1	0	1.0	0.0	0.0	1.0
ST6GALNAC3	NA	918	2	0	0	0	0	0	2	0	1.0	0.0	0.0	-0.0
ST7L	NA	1728	1	0	0	0	0	0	1	0	1.0	0.0	0.0	1.0
STPG1	NA	1005	1	0	0	0	0	0	1	0	1.0	0.0	0.0	1.0
SUCO	NA	3765	1	0	0	0	0	0	1	0	1.0	0.0	0.0	1.0
SYDE2	NA	3585	1	0	0	0	0	1	0	0	1.0	0.0	0.0	1.0
TAS1R2	NA	2520	1	0	0	0	0	0	1	0	1.0	0.0	0.0	1.0
TIE1	NA	3417	1	0	0	0	0	0	1	0	1.0	0.0	0.0	1.0
TMCO1	NA	720	0	1	0	0	0	0	0	0	1.0	0.0	0.0	1.0
TMEM39B	NA	1479	1	0	0	0	0	0	1	0	1.0	0.0	0.0	1.0
TTC39A	NA	1746	0	1	0	0	0	0	0	0	1.0	0.0	0.0	1.0
TUFT1	NA	1173	1	0	0	0	0	0	1	0	1.0	0.0	0.0	1.0
UBE4B	NA	3909	2	0	2	0	0	0	0	0	1.0	0.0	0.0	-0.0
UHMK1	NA	1260	1	0	0	0	0	0	1	0	1.0	0.0	0.0	1.0
UROD	NA	1104	1	0	0	0	0	0	1	0	1.0	0.0	0.0	1.0
USP48	NA	3108	0	2	0	0	0	0	0	0	1.0	0.0	0.0	1.0
VANGL2	NA	1566	1	0	0	0	0	0	1	0	1.0	0.0	0.0	1.0
VAV3	NA	2544	2	0	0	0	2	0	0	0	1.0	0.0	0.0	-0.0
VWA5B1	NA	3648	0	1	0	0	0	0	0	0	1.0	0.0	0.0	1.0
WNT3A	NA	1059	1	0	0	0	0	0	1	0	1.0	0.0	0.0	1.0
ZFYVE9	NA	4278	2	0	0	0	0	0	2	0	1.0	0.0	0.0	1.0
ZMPSTE24	NA	1428	0	1	0	0	0	0	0	0	1.0	0.0	0.0	1.0
ZMYM4	NA	4647	1	0	0	0	0	0	1	0	1.0	0.0	0.0	1.0
ZNF281	NA	2688	1	0	0	0	0	0	1	0	1.0	0.0	0.0	1.0
ZNF691	NA	948	1	0	0	0	0	0	1	0	1.0	0.0	0.0	1.0
ZP4	NA	1623	1	0	0	0	0	0	1	0	1.0	0.0	0.0	1.0
ZZZ3	NA	2712	1	0	0	0	0	0	1	0	1.0	0.0	0.0	1.0
ABCA7	NA	6441	0	2	0	0	0	0	0	0	1.0	0.0	0.0	1.0
ARMC6	NA	1506	0	1	0	0	0	0	0	0	1.0	0.0	0.0	1.0
ATF5	NA	849	0	1	0	0	0	0	0	0	1.0	0.0	0.0	1.0
ATP1A3	NA	3081	1	0	0	0	0	0	1	0	1.0	0.0	0.0	1.0
ATP8B3	NA	3903	0	1	0	0	0	0	0	0	1.0	0.0	0.0	1.0
BCL3	NA	1365	3	0	2	0	0	0	1	0	1.0	0.0	0.0	0.579380164285695
BEST2	NA	1530	0	1	0	0	0	0	0	0	1.0	0.0	0.0	1.0
C19orf54	NA	1056	0	1	0	0	0	0	0	0	1.0	0.0	0.0	1.0
C2CD4C	NA	1266	1	0	0	0	0	0	1	0	1.0	0.0	0.0	1.0
C3	NA	4992	1	0	0	0	0	0	1	0	1.0	0.0	0.0	1.0
CADM4	NA	1167	1	0	0	0	0	0	1	0	1.0	0.0	0.0	1.0
CAMSAP3	NA	3831	1	0	0	0	0	0	1	0	1.0	0.0	0.0	1.0
CEACAM5	NA	2109	1	0	0	0	0	0	1	0	1.0	0.0	0.0	1.0
CHAF1A	NA	2871	1	0	0	0	0	0	1	0	1.0	0.0	0.0	1.0
CYP2F1	NA	1476	0	1	0	0	0	0	0	0	1.0	0.0	0.0	1.0
CYP2S1	NA	1515	1	0	0	0	0	0	1	0	1.0	0.0	0.0	1.0
CYP4F22	NA	1596	0	1	0	0	0	0	0	0	1.0	0.0	0.0	1.0
CYP4F3	NA	1563	1	0	0	0	0	0	1	0	1.0	0.0	0.0	1.0
DKKL1	NA	729	0	1	0	0	0	0	0	0	1.0	0.0	0.0	1.0
DPY19L3	NA	2151	1	0	0	0	0	0	1	0	1.0	0.0	0.0	1.0
ELAVL1	NA	981	0	1	0	0	0	0	0	0	1.0	0.0	0.0	1.0
EMR2	NA	2472	1	0	0	0	0	0	1	0	1.0	0.0	0.0	1.0
ERCC2	NA	2283	1	0	0	0	0	0	1	0	1.0	0.0	0.0	1.0
FBN3	NA	8430	3	0	0	0	0	0	3	0	1.0	0.0	0.0	0.579380164285695
FFAR3	NA	1041	0	1	0	0	0	0	0	0	1.0	0.0	0.0	1.0
FKBP8	NA	1242	0	1	0	0	0	0	0	0	1.0	0.0	0.0	1.0
FKRP	NA	1488	0	1	0	0	0	0	0	0	1.0	0.0	0.0	1.0
FPR1	NA	1053	2	0	0	0	0	0	2	0	1.0	0.0	0.0	-0.0
FUZ	NA	1257	1	0	0	0	0	0	1	0	1.0	0.0	0.0	1.0
GATAD2A	NA	1902	2	0	0	0	0	0	2	0	1.0	0.0	0.0	-0.0
GIPC3	NA	939	1	0	0	0	0	0	1	0	1.0	0.0	0.0	1.0
GLTSCR1	NA	4683	2	0	0	0	2	0	0	0	1.0	0.0	0.0	-0.0
GMFG	NA	429	1	0	0	0	0	0	1	0	1.0	0.0	0.0	1.0
GRIK5	NA	2943	1	0	0	0	0	0	1	0	1.0	0.0	0.0	1.0
HAMP	NA	255	1	0	0	0	0	0	1	0	1.0	0.0	0.0	1.0
HNRNPM	NA	2193	1	0	0	0	0	0	1	0	1.0	0.0	0.0	1.0
HNRNPUL1	NA	2571	2	0	0	0	0	0	2	0	1.0	0.0	0.0	-0.0
HSD17B14	NA	813	1	0	0	0	0	0	1	0	1.0	0.0	0.0	1.0
KCNJ14	NA	1311	0	1	0	0	0	0	0	0	1.0	0.0	0.0	1.0
LIM2	NA	648	1	0	0	0	0	0	1	0	1.0	0.0	0.0	1.0
MARCH2	NA	741	0	1	0	0	0	0	0	0	1.0	0.0	0.0	1.0
MAST1	NA	4713	1	0	0	0	0	0	1	0	1.0	0.0	0.0	1.0
MCOLN1	NA	1743	1	0	0	0	0	0	1	0	1.0	0.0	0.0	1.0
MED16	NA	2634	1	0	0	0	0	0	1	0	1.0	0.0	0.0	1.0
MUC16	NA	43524	2	0	0	0	0	0	2	0	1.0	0.0	0.0	-0.0
MYH14	NA	6111	1	0	0	0	0	0	1	0	1.0	0.0	0.0	1.0
NLRP11	NA	3102	0	2	0	0	0	0	0	0	1.0	0.0	0.0	1.0
NLRP5	NA	3603	1	2	0	0	0	0	1	0	1.0	0.0	0.0	1.0
NLRP7	NA	3114	1	0	1	0	0	0	0	0	1.0	0.0	0.0	1.0
NLRP8	NA	3147	0	2	0	0	0	0	0	0	1.0	0.0	0.0	1.0
NUMBL	NA	1830	0	1	0	0	0	0	0	0	1.0	0.0	0.0	1.0
OR10H1	NA	957	1	0	0	0	0	0	1	0	1.0	0.0	0.0	1.0
OR10H4	NA	951	1	0	0	0	0	0	1	0	1.0	0.0	0.0	1.0
OR7C1	NA	963	0	1	0	0	0	0	0	0	1.0	0.0	0.0	1.0
PCSK4	NA	2268	1	0	0	0	0	0	1	0	1.0	0.0	0.0	1.0
PDCD2L	NA	1077	2	0	0	0	0	0	2	0	1.0	0.0	0.0	-0.0
PDE4A	NA	2661	2	0	0	0	0	0	2	0	1.0	0.0	0.0	-0.0
PEPD	NA	1482	2	0	0	0	0	0	2	0	1.0	0.0	0.0	-0.0
PPP5C	NA	1500	1	0	0	0	0	0	1	0	1.0	0.0	0.0	1.0
PRR22	NA	1269	1	0	0	0	0	0	1	0	1.0	0.0	0.0	1.0
PSG5	NA	1008	1	0	0	0	0	0	1	0	1.0	0.0	0.0	1.0
PVR	NA	1254	2	0	0	0	0	0	2	0	1.0	0.0	0.0	-0.0
RAB11B	NA	657	2	1	0	0	0	0	2	0	1.0	0.0	0.0	0.579380164285695
RTBDN	NA	786	0	1	0	0	0	0	0	0	1.0	0.0	0.0	1.0
RUVBL2	NA	1392	1	0	0	0	0	0	1	0	1.0	0.0	0.0	1.0
RYR1	NA	15117	1	0	0	0	0	0	1	0	1.0	0.0	0.0	1.0
S1PR5	NA	1197	2	0	0	0	0	0	2	0	1.0	0.0	0.0	-0.0
SERTAD1	NA	711	0	2	0	0	0	0	0	0	1.0	0.0	0.0	1.0
SIGLEC10	NA	2094	1	0	0	0	0	0	1	0	1.0	0.0	0.0	1.0
SIPA1L3	NA	5346	1	0	0	0	0	0	1	0	1.0	0.0	0.0	1.0
SLC27A5	NA	2073	1	0	0	0	0	0	1	0	1.0	0.0	0.0	1.0
SPHK2	NA	1965	2	0	1	0	0	0	1	0	1.0	0.0	0.0	1.0
STAP2	NA	1350	0	1	0	0	0	0	0	0	1.0	0.0	0.0	1.0
TIMM50	NA	1371	0	1	0	0	0	0	0	0	1.0	0.0	0.0	1.0
TMC4	NA	2139	2	1	0	0	0	0	2	0	1.0	0.0	0.0	1.0
TYK2	NA	3564	1	0	0	0	0	0	1	0	1.0	0.0	0.0	1.0
U2AF1L4	NA	609	0	1	0	0	0	0	0	0	1.0	0.0	0.0	1.0
ZNF100	NA	1629	2	0	0	0	0	0	2	0	1.0	0.0	0.0	-0.0
ZNF134	NA	1284	1	0	0	0	0	0	1	0	1.0	0.0	0.0	1.0
ZNF136	NA	1623	2	0	0	0	0	0	2	0	1.0	0.0	0.0	1.0
ZNF14	NA	1929	2	0	0	0	0	0	2	0	1.0	0.0	0.0	-0.0
ZNF177	NA	1446	0	1	0	0	0	0	0	0	1.0	0.0	0.0	1.0
ZNF208	NA	3843	1	0	1	0	0	0	0	0	1.0	0.0	0.0	1.0
ZNF345	NA	1467	2	1	0	0	0	0	2	0	1.0	0.0	0.0	1.0
ZNF431	NA	1731	2	0	0	0	0	0	2	0	1.0	0.0	0.0	-0.0
ZNF529	NA	1692	1	0	0	0	0	0	1	0	1.0	0.0	0.0	1.0
ZNF534	NA	2025	2	0	0	0	0	0	2	0	1.0	0.0	0.0	-0.0
ZNF536	NA	3903	2	0	0	0	0	0	2	0	1.0	0.0	0.0	-0.0
ZNF547	NA	1209	0	2	0	0	0	0	0	0	1.0	0.0	0.0	1.0
ZNF569	NA	2061	0	1	0	0	0	0	0	0	1.0	0.0	0.0	1.0
ZNF583	NA	1710	1	0	0	0	0	0	1	0	1.0	0.0	0.0	1.0
ZNF606	NA	2379	1	0	0	0	0	0	1	0	1.0	0.0	0.0	1.0
ZNF610	NA	1389	1	0	0	0	0	0	1	0	1.0	0.0	0.0	1.0
ZNF649	NA	1518	1	0	0	0	0	0	1	0	1.0	0.0	0.0	1.0
ZNF653	NA	1848	1	0	0	0	0	0	1	0	1.0	0.0	0.0	1.0
ZNF69	NA	450	0	1	0	0	0	0	0	0	1.0	0.0	0.0	1.0
ZNF699	NA	1929	1	0	0	0	0	0	1	0	1.0	0.0	0.0	1.0
ZNF728	NA	1869	2	0	0	0	0	0	2	0	1.0	0.0	0.0	-0.0
ZNF850	NA	3273	1	0	0	0	0	0	1	0	1.0	0.0	0.0	1.0
ZNF91	NA	3576	1	1	0	0	0	0	1	0	1.0	0.0	0.0	1.0
ZSCAN18	NA	1701	0	1	0	0	0	0	0	0	1.0	0.0	0.0	1.0
ADRBK1	NA	2070	0	2	0	0	0	0	0	0	1.0	0.0	0.0	1.0
AHNAK	NA	17673	1	0	0	0	0	0	1	0	1.0	0.0	0.0	1.0
AMBRA1	NA	3906	2	0	0	0	0	0	2	0	1.0	0.0	0.0	-0.0
ANKRD42	NA	1170	1	0	0	0	0	0	1	0	1.0	0.0	0.0	1.0
ANO1	NA	2961	1	0	0	0	0	0	1	0	1.0	0.0	0.0	1.0
APOA4	NA	1191	1	0	0	0	0	0	1	0	1.0	0.0	0.0	1.0
ART5	NA	876	1	0	1	0	0	0	0	0	1.0	0.0	0.0	1.0
ATG2A	NA	5817	1	0	0	0	0	0	1	0	1.0	0.0	0.0	1.0
BIRC2	NA	1857	1	0	0	0	0	0	1	0	1.0	0.0	0.0	1.0
BIRC3	NA	1815	1	0	0	0	0	0	1	0	1.0	0.0	0.0	1.0
C11orf31	NA	369	1	0	0	0	0	0	1	0	1.0	0.0	0.0	1.0
C11orf52	NA	372	3	0	2	0	0	0	1	0	1.0	0.0	0.0	0.579380164285695
C11orf88	NA	591	0	1	0	0	0	0	0	0	1.0	0.0	0.0	1.0
C2CD2L	NA	2124	1	0	0	0	0	0	1	0	1.0	0.0	0.0	1.0
CALCB	NA	384	1	0	0	0	0	0	1	0	1.0	0.0	0.0	1.0
CAPN1	NA	2145	1	0	0	0	0	0	1	0	1.0	0.0	0.0	1.0
CAPRIN1	NA	2130	2	1	0	0	0	0	2	0	1.0	0.0	0.0	0.579380164285695
CARNS1	NA	2853	1	0	0	0	0	0	1	0	1.0	0.0	0.0	1.0
CCDC83	NA	1335	1	0	0	0	0	0	1	0	1.0	0.0	0.0	1.0
CD81	NA	711	0	2	0	0	0	0	0	0	1.0	0.0	0.0	1.0
CTNND1	NA	2907	1	0	0	0	0	0	1	0	1.0	0.0	0.0	1.0
CTR9	NA	3522	1	1	0	0	0	0	1	0	1.0	0.0	0.0	1.0
DCHS1	NA	9897	2	0	0	0	0	0	2	0	1.0	0.0	0.0	-0.0
DDB2	NA	1284	3	1	0	0	0	0	3	0	1.0	0.0	0.0	0.75
DLAT	NA	1944	0	1	0	0	0	0	0	0	1.0	0.0	0.0	1.0
DNAJB13	NA	951	0	1	0	0	0	0	0	0	1.0	0.0	0.0	1.0
DPP3	NA	2214	0	2	0	0	0	0	0	0	1.0	0.0	0.0	1.0
DSCAML1	NA	6342	2	0	0	0	0	0	2	0	1.0	0.0	0.0	-0.0
FADS1	NA	1506	1	0	0	0	0	0	1	0	1.0	0.0	0.0	1.0
FAT3	NA	13674	0	2	0	0	0	0	0	0	1.0	0.0	0.0	1.0
FEN1	NA	1143	1	0	0	0	0	0	1	0	1.0	0.0	0.0	1.0
FEZ1	NA	1179	2	0	0	0	0	0	2	0	1.0	0.0	0.0	-0.0
FSHB	NA	390	1	0	0	0	0	0	1	0	1.0	0.0	0.0	1.0
GDPD4	NA	1563	0	1	0	0	0	0	0	0	1.0	0.0	0.0	1.0
HSPA8	NA	1941	1	0	0	0	0	0	1	0	1.0	0.0	0.0	1.0
IGSF9B	NA	4050	0	1	0	0	0	0	0	0	1.0	0.0	0.0	1.0
INPPL1	NA	3777	1	0	0	0	0	0	1	0	1.0	0.0	0.0	1.0
KBTBD4	NA	1605	1	0	0	0	0	0	1	0	1.0	0.0	0.0	1.0
KCNK4	NA	1182	0	1	0	0	0	0	0	0	1.0	0.0	0.0	1.0
LRFN4	NA	1908	2	0	0	0	0	0	2	0	1.0	0.0	0.0	-0.0
MAP3K11	NA	2544	1	0	0	0	0	0	1	0	1.0	0.0	0.0	1.0
KMT2A	NA	11919	1	0	0	0	0	0	1	0	1.0	0.0	0.0	1.0
MRGPRX1	NA	969	0	2	0	0	0	0	0	0	1.0	0.0	0.0	1.0
MRPL11	NA	579	1	0	0	0	0	0	1	0	1.0	0.0	0.0	1.0
MRVI1	NA	2739	1	0	0	0	0	0	1	0	1.0	0.0	0.0	1.0
MUC5B	NA	17289	6	1	0	0	0	0	6	0	1.0	0.0	0.0	0.796453035938273
MYO7A	NA	6648	1	0	0	0	0	0	1	0	1.0	0.0	0.0	1.0
NAV2	NA	7467	0	2	0	0	0	0	0	0	1.0	0.0	0.0	1.0
NDUFV1	NA	1395	1	0	0	0	0	0	1	0	1.0	0.0	0.0	1.0
NUDT22	NA	912	0	1	0	0	0	0	0	0	1.0	0.0	0.0	1.0
NUP98	NA	5403	2	0	0	0	0	0	2	0	1.0	0.0	1.0	1.0
OR2D3	NA	993	1	0	0	0	0	0	1	0	1.0	0.0	0.0	1.0
OR51G2	NA	945	1	0	0	0	0	0	1	0	1.0	0.0	0.0	1.0
OR51S1	NA	972	1	0	0	0	0	0	1	0	1.0	0.0	0.0	1.0
OR52I1	NA	975	2	0	0	0	0	0	2	0	1.0	0.0	0.0	-0.0
OR5D16	NA	987	1	0	0	0	0	0	1	0	1.0	0.0	0.0	1.0
OR5L2	NA	936	1	0	0	0	0	0	1	0	1.0	0.0	0.0	1.0
OR6T1	NA	972	2	0	0	0	0	0	2	0	1.0	0.0	0.0	-0.0
PAFAH1B2	NA	690	1	0	0	0	0	0	1	0	1.0	0.0	0.0	1.0
PANX1	NA	1281	1	0	0	0	0	0	1	0	1.0	0.0	0.0	1.0
PCF11	NA	4668	5	0	0	0	0	0	5	0	1.0	0.0	0.0	1.0
PPFIBP2	NA	2631	3	0	0	0	0	0	3	0	1.0	0.0	0.0	0.579380164285695
PRDM10	NA	3483	0	1	0	0	0	0	0	0	1.0	0.0	0.0	1.0
PRMT3	NA	1596	1	0	0	0	0	0	1	0	1.0	0.0	0.0	1.0
PTDSS2	NA	1464	0	1	0	0	0	0	0	0	1.0	0.0	0.0	1.0
PYGM	NA	2529	1	0	0	0	0	0	1	0	1.0	0.0	0.0	1.0
RAB6A	NA	627	1	0	0	0	0	0	1	0	1.0	0.0	0.0	1.0
RAPSN	NA	1239	0	1	0	0	0	0	0	0	1.0	0.0	0.0	1.0
RBM14-RBM4	NA	1020	1	0	0	0	0	0	1	0	1.0	0.0	0.0	1.0
RBM4	NA	1095	2	0	0	0	0	0	2	0	1.0	0.0	0.0	-0.0
RDX	NA	1815	1	0	0	0	0	0	1	0	1.0	0.0	0.0	1.0
RPS3	NA	780	1	0	0	0	0	0	1	0	1.0	0.0	0.0	1.0
RRM1	NA	2379	1	0	0	0	0	0	1	0	1.0	0.0	0.0	1.0
SCUBE2	NA	2916	1	0	0	0	0	0	1	0	1.0	0.0	0.0	1.0
SF3B2	NA	2688	1	0	0	0	0	0	1	0	1.0	0.0	0.0	1.0
SHANK2	NA	5359	1	0	0	0	0	0	1	0	1.0	0.0	0.0	1.0
SIPA1	NA	3129	1	0	0	0	0	0	1	0	1.0	0.0	0.0	1.0
SLC22A10	NA	1626	2	0	0	0	0	0	2	0	1.0	0.0	0.0	-0.0
SLC3A2	NA	1896	2	0	0	0	0	0	2	0	1.0	0.0	0.0	1.0
SLC43A3	NA	1476	0	2	0	0	0	0	0	0	1.0	0.0	0.0	1.0
SPTBN2	NA	7173	0	2	0	0	0	0	0	0	1.0	0.0	0.0	1.0
SSRP1	NA	2130	1	0	0	0	0	0	1	0	1.0	0.0	0.0	1.0
STX3	NA	870	1	0	1	0	0	0	0	0	1.0	0.0	0.0	1.0
TAF1D	NA	837	1	0	0	0	0	0	1	0	1.0	0.0	0.0	1.0
TBCEL	NA	1275	0	1	0	0	0	0	0	0	1.0	0.0	0.0	1.0
TCP11L1	NA	1530	1	0	0	0	0	0	1	0	1.0	0.0	0.0	1.0
TENM4	NA	8310	0	2	0	0	0	0	0	0	1.0	0.0	0.0	1.0
TPP1	NA	1692	0	1	0	0	0	0	0	0	1.0	0.0	0.0	1.0
TRPC6	NA	2796	1	0	0	0	0	0	1	0	1.0	0.0	0.0	1.0
TSSC4	NA	990	0	1	0	0	0	0	0	0	1.0	0.0	0.0	1.0
TTC12	NA	2118	1	0	0	0	0	0	1	0	1.0	0.0	0.0	1.0
USP2	NA	1818	0	1	0	0	0	0	0	0	1.0	0.0	0.0	1.0
USP28	NA	3234	2	0	0	0	0	0	2	0	1.0	0.0	0.0	-0.0
VPS26B	NA	1011	0	1	0	0	0	0	0	0	1.0	0.0	0.0	1.0
ZBTB16	NA	2022	0	1	0	0	0	0	0	0	1.0	0.0	0.0	1.0
ABCB11	NA	3966	0	1	0	0	0	0	0	0	1.0	0.0	0.0	1.0
ABHD1	NA	1218	2	0	0	0	0	0	2	0	1.0	0.0	0.0	-0.0
ACVR2A	NA	1542	1	0	0	0	0	0	1	0	1.0	0.0	0.0	1.0
ADCY3	NA	3435	0	1	0	0	0	0	0	0	1.0	0.0	0.0	1.0
AGFG1	NA	1755	1	0	0	0	0	0	1	0	1.0	0.0	0.0	1.0
ALMS1	NA	12504	2	0	0	0	0	0	2	0	1.0	0.0	0.0	-0.0
AMMECR1L	NA	933	0	2	0	0	0	0	0	0	1.0	0.0	0.0	1.0
ANKMY1	NA	2826	1	0	0	0	0	0	1	0	1.0	0.0	0.0	1.0
ANKRD36	NA	5826	1	0	0	0	0	0	1	0	1.0	0.0	0.0	1.0
ANO7	NA	2802	1	0	0	0	0	0	1	0	1.0	0.0	0.0	1.0
AOX1	NA	4017	2	0	0	0	0	0	2	0	1.0	0.0	0.0	1.0
APOB	NA	13692	2	0	0	0	0	0	2	0	1.0	2.0	0.0	0.75
ARID5A	NA	1785	1	0	0	0	0	0	1	0	1.0	0.0	0.0	1.0
ASIC4	NA	1944	1	0	0	0	0	0	1	0	1.0	0.0	0.0	1.0
ASPRV1	NA	1032	1	0	0	0	0	0	1	0	1.0	0.0	0.0	1.0
ATAD2B	NA	4377	2	0	1	0	0	0	1	0	1.0	0.0	0.0	1.0
BIN1	NA	1782	0	1	0	0	0	0	0	0	1.0	0.0	0.0	1.0
BIRC6	NA	14574	2	1	0	0	0	0	2	0	1.0	0.0	0.0	1.0
C2orf71	NA	3867	1	0	0	0	0	0	1	0	1.0	0.0	0.0	1.0
CCDC74A	NA	1137	1	0	0	0	0	0	1	0	1.0	0.0	0.0	1.0
CCT4	NA	1620	0	1	0	0	0	0	0	0	1.0	0.0	0.0	1.0
CLHC1	NA	1761	2	0	0	0	0	0	2	0	1.0	0.0	0.0	-0.0
COL4A3	NA	5013	1	0	0	0	0	0	1	0	1.0	0.0	0.0	1.0
COL6A3	NA	9534	2	0	0	0	0	0	2	0	1.0	0.0	0.0	-0.0
CRYGA	NA	525	1	0	1	0	0	0	0	0	1.0	0.0	0.0	1.0
CTNNA2	NA	2718	2	0	0	0	0	0	2	0	1.0	0.0	0.0	-0.0
CYP20A1	NA	1389	1	0	0	0	0	0	1	0	1.0	0.0	0.0	1.0
DARS	NA	1506	0	2	0	0	0	0	0	0	1.0	0.0	0.0	1.0
DFNB59	NA	1059	1	0	0	0	0	0	1	0	1.0	0.0	0.0	1.0
DNAH6	NA	12477	1	0	0	0	0	0	1	0	1.0	0.0	0.0	1.0
DNAH7	NA	12075	1	1	0	0	0	0	1	0	1.0	0.0	0.0	1.0
DOCK10	NA	6561	2	0	0	0	0	0	2	0	1.0	0.0	0.0	1.0
EGR4	NA	1770	1	0	0	0	0	0	1	0	1.0	0.0	0.0	1.0
EIF4E2	NA	738	0	1	0	0	0	0	0	0	1.0	0.0	0.0	1.0
EML6	NA	5877	2	0	0	0	0	0	2	0	1.0	0.0	0.0	-0.0
ERBB4	NA	3927	2	0	0	0	0	0	2	0	1.0	0.0	0.0	-0.0
ERLEC1	NA	1452	2	0	0	0	0	0	2	0	1.0	0.0	0.0	-0.0
FAM179A	NA	3060	0	2	0	0	0	0	0	0	1.0	0.0	0.0	1.0
FARP2	NA	3165	1	0	0	0	0	0	1	0	1.0	0.0	0.0	1.0
FSIP2	NA	20991	2	0	0	0	0	0	2	0	1.0	0.0	0.0	-0.0
GAL3ST2	NA	1197	2	0	0	0	0	0	2	0	1.0	0.0	0.0	-0.0
GALNT14	NA	1674	0	3	0	0	0	0	0	0	1.0	0.0	0.0	1.0
GALNT5	NA	2823	1	0	0	0	0	0	1	0	1.0	0.0	0.0	1.0
GPR155	NA	2613	1	0	0	0	0	0	1	0	1.0	0.0	0.0	1.0
GPR17	NA	1104	0	1	0	0	0	0	0	0	1.0	0.0	0.0	1.0
GRB14	NA	1623	2	0	0	0	0	0	2	0	1.0	0.0	0.0	-0.0
HDAC4	NA	3255	1	0	0	0	0	0	1	0	1.0	0.0	0.0	1.0
HK2	NA	2754	1	0	0	0	0	0	1	0	1.0	0.0	0.0	1.0
IDH1	NA	1245	5	0	0	0	0	0	5	5	0.0	0.0	0.0	-0.0
IGKV1-9	NA	351	2	0	0	0	0	0	2	0	1.0	0.0	0.0	-0.0
IL1F10	NA	459	1	0	0	0	0	0	1	0	1.0	0.0	0.0	1.0
INPP5D	NA	3485	1	0	0	0	0	0	1	0	1.0	0.0	0.0	1.0
IRS1	NA	3729	3	0	0	0	0	0	3	0	1.0	0.0	0.0	0.579380164285695
ITGB6	NA	2367	0	2	0	0	0	0	0	0	1.0	0.0	0.0	1.0
KDM3A	NA	3966	1	0	0	0	0	0	1	0	1.0	0.0	0.0	1.0
KHK	NA	897	0	1	0	0	0	0	0	0	1.0	0.0	0.0	1.0
KIAA1211L	NA	2889	0	2	0	0	0	0	0	0	1.0	0.0	0.0	1.0
KLHL29	NA	2628	0	1	0	0	0	0	0	0	1.0	0.0	0.0	1.0
KYNU	NA	1398	1	0	0	0	0	0	1	0	1.0	0.0	0.0	1.0
LRP2	NA	13968	1	0	0	0	0	0	1	0	1.0	0.0	0.0	1.0
MAP3K2	NA	1860	1	0	0	0	0	0	1	0	1.0	0.0	0.0	1.0
MARCO	NA	1563	2	0	0	0	0	0	2	0	1.0	0.0	0.0	-0.0
METTL8	NA	1224	2	0	0	0	0	0	2	0	1.0	0.0	0.0	-0.0
MREG	NA	645	1	0	0	0	0	0	1	0	1.0	0.0	0.0	1.0
MRPL44	NA	999	1	0	0	0	0	0	1	0	1.0	0.0	0.0	1.0
NAB1	NA	1464	1	0	0	0	0	0	1	0	1.0	0.0	0.0	1.0
NCK2	NA	1143	0	2	0	0	0	0	0	0	1.0	0.0	0.0	1.0
NEUROD1	NA	1071	0	2	0	0	0	0	0	0	1.0	0.0	0.0	1.0
NYAP2	NA	1962	2	0	2	0	0	0	0	0	1.0	0.0	0.0	-0.0
OTOF	NA	5994	2	0	0	0	0	0	2	0	1.0	0.0	0.0	-0.0
PASK	NA	3993	0	1	0	0	0	0	0	0	1.0	0.0	0.0	1.0
PAX8	NA	1353	1	0	0	0	0	0	1	0	1.0	0.0	0.0	1.0
PIKFYVE	NA	6297	1	0	0	0	0	0	1	0	1.0	0.0	0.0	1.0
PLCL1	NA	3288	1	0	0	0	0	0	1	0	1.0	0.0	0.0	1.0
PPP1CB	NA	984	2	0	0	0	0	0	2	0	1.0	0.0	0.0	-0.0
PRPF40A	NA	2793	2	0	0	0	0	0	2	0	1.0	0.0	0.0	-0.0
PTPN4	NA	2781	2	0	0	0	0	0	2	0	1.0	0.0	0.0	-0.0
PUM2	NA	3195	1	0	0	0	0	0	1	0	1.0	0.0	0.0	1.0
REL	NA	1860	0	1	0	0	0	0	0	0	1.0	0.0	0.0	1.0
RGPD3	NA	5277	1	0	0	0	0	0	1	0	1.0	0.0	0.0	1.0
RGPD8	NA	5298	2	0	0	0	0	0	2	0	1.0	0.0	0.0	-0.0
RNF103	NA	2058	1	0	0	0	0	0	1	0	1.0	0.0	0.0	1.0
SCLY	NA	1362	4	0	0	0	0	0	4	0	1.0	0.0	0.0	0.5
SCN7A	NA	5049	1	0	0	0	0	0	1	0	1.0	0.0	0.0	1.0
SF3B1	NA	3915	2	1	0	0	0	0	2	0	1.0	0.0	0.0	0.579380164285695
SMARCAL1	NA	2865	2	0	0	0	0	0	2	0	1.0	0.0	0.0	-0.0
SNED1	NA	4242	1	0	0	0	0	0	1	0	1.0	0.0	0.0	1.0
SPATS2L	NA	1677	0	1	0	0	0	0	0	0	1.0	0.0	0.0	1.0
SPEG	NA	9804	2	0	0	0	0	0	2	0	1.0	0.0	0.0	-0.0
SPTBN1	NA	7095	1	0	0	0	0	0	1	0	1.0	0.0	0.0	1.0
SRBD1	NA	2988	0	2	0	0	0	0	0	0	1.0	0.0	0.0	1.0
STAT1	NA	2253	2	0	0	0	0	0	2	0	1.0	0.0	0.0	1.0
STK39	NA	1638	1	0	0	0	0	0	1	0	1.0	0.0	0.0	1.0
STON1-GTF2A1L	NA	3549	2	0	0	0	0	0	2	0	1.0	0.0	0.0	-0.0
TANC1	NA	5586	0	2	0	0	0	0	0	0	1.0	0.0	0.0	1.0
TBC1D8	NA	3423	1	0	0	0	0	0	1	0	1.0	0.0	0.0	1.0
TBR1	NA	2049	0	1	0	0	0	0	0	0	1.0	0.0	0.0	1.0
THAP4	NA	1734	0	1	0	0	0	0	0	0	1.0	0.0	0.0	1.0
TRIP12	NA	5979	2	0	0	0	0	0	2	0	1.0	0.0	0.0	-0.0
TTL	NA	1134	1	0	0	0	0	0	1	0	1.0	0.0	0.0	1.0
TTLL4	NA	3600	1	0	0	0	0	0	1	0	1.0	0.0	0.0	1.0
TTN	NA	107976	4	0	0	0	0	0	4	0	1.0	0.0	0.0	0.5
UBE2F	NA	558	0	1	0	0	0	0	0	0	1.0	0.0	0.0	1.0
UBR3	NA	5667	1	0	0	0	0	0	1	0	1.0	0.0	0.0	1.0
UBXN4	NA	1527	1	0	0	0	0	0	1	0	1.0	0.0	0.0	1.0
UGGT1	NA	4668	2	0	0	0	0	0	2	0	1.0	0.0	0.0	-0.0
UNC80	NA	9777	2	0	0	0	0	0	2	0	1.0	0.0	0.0	-0.0
UPP2	NA	1125	1	0	0	0	0	0	1	0	1.0	0.0	0.0	1.0
USP34	NA	10641	1	0	0	0	0	0	1	0	1.0	0.0	0.0	1.0
VAMP5	NA	351	1	0	0	0	0	0	1	0	1.0	0.0	0.0	1.0
WDFY1	NA	1233	1	0	0	0	0	0	1	0	1.0	0.0	0.0	1.0
WDR33	NA	4011	1	0	0	0	0	0	1	0	1.0	0.0	0.0	1.0
WDR92	NA	1074	4	0	0	0	2	0	2	0	1.0	0.0	0.0	0.5
ZC3H15	NA	1281	0	1	0	0	0	0	0	0	1.0	0.0	0.0	1.0
ZC3H6	NA	3570	1	0	0	0	0	0	1	0	1.0	0.0	0.0	1.0
ZFAND2B	NA	774	1	0	0	0	0	0	1	0	1.0	0.0	0.0	1.0
ZNF513	NA	1626	0	1	0	0	0	0	0	0	1.0	0.0	0.0	1.0
ABCA8	NA	4746	0	2	0	0	0	0	0	0	1.0	0.0	0.0	1.0
ABCC3	NA	4584	0	2	0	0	0	0	0	0	1.0	0.0	0.0	1.0
ABI3	NA	1101	1	0	0	0	0	0	1	0	1.0	0.0	0.0	1.0
ACLY	NA	3306	0	1	0	0	0	0	0	0	1.0	0.0	0.0	1.0
ALDH3A1	NA	1362	1	0	0	0	0	0	1	0	1.0	0.0	0.0	1.0
ALOX12B	NA	2106	0	1	0	0	0	0	0	0	1.0	0.0	0.0	1.0
ANKFY1	NA	3636	1	1	0	0	0	0	1	0	1.0	0.0	0.0	1.0
ATAD5	NA	5535	1	0	1	0	0	0	0	0	1.0	0.0	0.0	1.0
ATP6V0A1	NA	2517	1	0	0	0	0	0	1	0	1.0	0.0	0.0	1.0
AXIN2	NA	2532	0	1	0	0	0	0	0	0	1.0	0.0	0.0	1.0
C17orf70	NA	2646	0	1	0	0	0	0	0	0	1.0	0.0	0.0	1.0
C1QBP	NA	849	1	0	0	0	0	0	1	0	1.0	0.0	0.0	1.0
CACNA1G	NA	7134	1	0	0	0	0	0	1	0	1.0	0.0	0.0	1.0
CDK12	NA	4473	1	0	0	0	0	0	1	0	1.0	0.0	0.0	1.0
CDR2L	NA	1398	1	0	0	0	0	0	1	0	1.0	0.0	0.0	1.0
CEP95	NA	2466	1	0	0	0	0	0	1	0	1.0	0.0	0.0	1.0
CHRNB1	NA	1506	0	1	0	0	0	0	0	0	1.0	0.0	0.0	1.0
CNTROB	NA	2778	0	1	0	0	0	0	0	0	1.0	0.0	0.0	1.0
CPD	NA	4143	2	0	0	0	0	0	2	0	1.0	0.0	0.0	-0.0
CTC1	NA	3654	1	0	1	0	0	0	0	0	1.0	0.0	0.0	1.0
DHX40	NA	2340	1	0	0	0	0	0	1	0	1.0	0.0	0.0	1.0
DNAH17	NA	13389	1	0	1	0	0	0	0	0	1.0	0.0	0.0	1.0
DNAH2	NA	13284	2	0	0	0	2	0	0	0	1.0	0.0	0.0	-0.0
DRG2	NA	1095	1	0	0	0	0	0	1	0	1.0	0.0	0.0	1.0
EFCAB5	NA	4512	1	0	0	0	0	0	1	0	1.0	0.0	0.0	1.0
ERBB2	NA	3768	1	0	0	0	0	0	1	0	1.0	0.0	0.0	1.0
ERN1	NA	2934	0	1	0	0	0	0	0	0	1.0	0.0	0.0	1.0
FAM64A	NA	747	1	0	0	0	0	0	1	0	1.0	0.0	0.0	1.0
FLII	NA	3810	1	0	0	0	0	0	1	0	1.0	0.0	0.0	1.0
GHDC	NA	1593	1	0	1	0	0	0	0	0	1.0	0.0	0.0	1.0
GSDMA	NA	1338	1	0	0	0	0	0	1	0	1.0	0.0	0.0	1.0
HSF5	NA	1791	2	0	0	0	0	0	2	0	1.0	0.0	0.0	-0.0
INTS2	NA	3615	1	0	0	0	0	0	1	0	1.0	0.0	0.0	1.0
ITGB4	NA	5469	2	0	0	0	0	0	2	0	1.0	0.0	0.0	1.0
KIAA0100	NA	6708	2	0	0	0	0	0	2	0	1.0	0.0	0.0	-0.0
KIF19	NA	2997	3	0	0	0	0	0	3	0	1.0	0.0	0.0	0.579380164285695
KLHL11	NA	2127	2	0	0	0	0	0	2	0	1.0	0.0	0.0	-0.0
KRT10	NA	1755	1	0	0	0	0	0	1	0	1.0	0.0	0.0	1.0
MGAT5B	NA	2406	1	1	0	0	0	0	1	0	1.0	0.0	0.0	1.0
MPRIP	NA	3117	1	0	0	0	0	0	1	0	1.0	0.0	0.0	1.0
MYO18A	NA	6165	1	0	0	0	0	0	1	0	1.0	0.0	0.0	1.0
NCOR1	NA	7323	1	0	0	0	0	0	1	0	1.0	0.0	0.0	1.0
NDEL1	NA	1038	1	0	0	0	0	0	1	0	1.0	0.0	0.0	1.0
NEURL4	NA	4689	1	0	1	0	0	0	0	0	1.0	0.0	0.0	1.0
NPLOC4	NA	1827	1	0	0	0	0	0	1	0	1.0	0.0	0.0	1.0
PER1	NA	3873	2	0	0	0	0	0	2	0	1.0	0.0	0.0	1.0
PLEKHH3	NA	2382	1	0	0	0	0	0	1	0	1.0	0.0	0.0	1.0
PRR11	NA	1083	1	0	0	0	0	0	1	0	1.0	0.0	0.0	1.0
RNF112	NA	1896	1	0	0	0	0	0	1	0	1.0	0.0	0.0	1.0
RUNDC3A	NA	1341	1	0	0	0	0	0	1	0	1.0	0.0	0.0	1.0
SGCA	NA	1164	1	0	0	0	0	0	1	0	1.0	0.0	0.0	1.0
SHBG	NA	1209	1	0	0	0	0	1	0	0	1.0	0.0	0.0	1.0
SLC47A2	NA	1809	1	0	0	0	0	0	1	0	1.0	0.0	0.0	1.0
SLC5A10	NA	1839	0	1	0	0	0	0	0	0	1.0	0.0	0.0	1.0
SMG6	NA	4260	2	0	0	0	0	0	2	0	1.0	0.0	0.0	-0.0
SPPL2C	NA	2055	2	0	0	0	0	0	2	0	1.0	0.0	0.0	-0.0
SREBF1	NA	3534	0	1	0	0	0	0	0	0	1.0	0.0	0.0	1.0
SRSF1	NA	747	0	1	0	0	0	0	0	0	1.0	0.0	0.0	1.0
SUPT6H	NA	5181	1	0	0	0	0	0	1	0	1.0	0.0	0.0	1.0
TEX14	NA	4494	2	0	0	0	0	0	2	0	1.0	0.0	0.0	-0.0
TMEM132E	NA	2955	1	0	0	0	0	0	1	0	1.0	0.0	0.0	1.0
TMIGD1	NA	789	2	0	0	0	2	0	0	0	1.0	0.0	0.0	-0.0
TOP2A	NA	4596	1	0	0	0	0	0	1	0	1.0	0.0	0.0	1.0
TP53	NA	1182	3	0	0	0	0	0	3	0	1.0	2.0	0.0	0.6554587535412855
TRAF4	NA	1413	2	0	0	0	0	0	2	0	1.0	0.0	0.0	-0.0
TVP23B	NA	618	1	0	0	0	0	0	1	0	1.0	0.0	0.0	1.0
UBTF	NA	2295	1	2	0	0	0	0	1	0	1.0	0.0	0.0	1.0
WBP2	NA	786	1	0	1	0	0	0	0	0	1.0	0.0	0.0	1.0
WRAP53	NA	1647	0	1	0	0	0	0	0	0	1.0	0.0	0.0	1.0
YPEL2	NA	360	2	0	2	0	0	0	0	0	1.0	0.0	0.0	-0.0
ZNF18	NA	1650	0	1	0	0	0	0	0	0	1.0	0.0	0.0	1.0
ATP13A3	NA	3681	3	0	1	0	0	0	2	0	1.0	0.0	0.0	1.0
BAP1	NA	2190	1	0	0	0	0	0	1	0	1.0	0.0	0.0	1.0
BOC	NA	3345	1	0	0	0	0	0	1	0	1.0	0.0	0.0	1.0
C3orf56	NA	729	1	0	0	0	0	0	1	0	1.0	0.0	0.0	1.0
CADM2	NA	1314	2	0	0	0	0	0	2	0	1.0	0.0	0.0	-0.0
CD96	NA	1758	1	0	0	0	0	0	1	0	1.0	0.0	0.0	1.0
CGGBP1	NA	504	4	0	0	0	0	0	4	0	1.0	0.0	0.0	0.5
COL6A6	NA	6792	2	0	0	0	0	0	2	0	1.0	0.0	0.0	-0.0
COL7A1	NA	8835	1	0	0	0	0	0	1	0	1.0	0.0	0.0	1.0
CP	NA	3198	1	1	0	0	0	0	1	0	1.0	0.0	0.0	1.0
CPNE9	NA	1662	1	0	0	0	0	0	1	0	1.0	0.0	0.0	1.0
CRYBG3	NA	8913	1	0	0	0	0	0	1	0	1.0	0.0	0.0	1.0
DNAJB8	NA	699	1	0	0	0	0	0	1	0	1.0	0.0	0.0	1.0
DZIP3	NA	3627	2	0	0	0	0	0	2	0	1.0	0.0	0.0	-0.0
EEFSEC	NA	1791	0	2	0	0	0	0	0	0	1.0	0.0	0.0	1.0
EIF4G1	NA	4821	2	0	0	0	0	0	2	0	1.0	0.0	0.0	1.0
FILIP1L	NA	3408	0	2	0	0	0	0	0	0	1.0	0.0	0.0	1.0
GNL3	NA	1650	1	0	0	0	0	0	1	0	1.0	0.0	0.0	1.0
GPR149	NA	2196	0	2	0	0	0	0	0	0	1.0	0.0	0.0	1.0
HEG1	NA	4146	1	0	0	0	0	0	1	0	1.0	0.0	0.0	1.0
HTR1F	NA	1101	2	0	0	0	0	0	2	0	1.0	0.0	0.0	-0.0
IGF2BP2	NA	1800	0	1	0	0	0	0	0	0	1.0	0.0	0.0	1.0
ISY1	NA	924	2	0	0	0	0	0	2	0	1.0	0.0	0.0	-0.0
ITIH1	NA	2736	1	0	0	0	0	0	1	0	1.0	0.0	0.0	1.0
KBTBD8	NA	1806	1	0	0	0	0	0	1	0	1.0	0.0	0.0	1.0
KCNH8	NA	3324	1	0	0	0	0	0	1	0	1.0	0.0	0.0	1.0
KCNMB2	NA	708	0	2	0	0	0	0	0	0	1.0	0.0	0.0	1.0
KIAA1407	NA	2811	2	0	0	0	0	0	2	0	1.0	0.0	0.0	-0.0
LIMD1	NA	2031	1	0	0	0	0	0	1	0	1.0	0.0	0.0	1.0
LMLN	NA	2079	1	0	0	0	0	0	1	0	1.0	0.0	0.0	1.0
LPP	NA	1839	2	0	0	0	0	0	2	0	1.0	0.0	0.0	-0.0
NRROS	NA	2079	1	0	0	0	0	0	1	0	1.0	0.0	0.0	1.0
MCCC1	NA	2178	0	1	0	0	0	0	0	0	1.0	0.0	0.0	1.0
MME	NA	2253	3	0	0	0	0	0	3	0	1.0	0.0	0.0	0.579380164285695
MUC4	NA	16239	1	0	0	0	0	0	1	0	1.0	0.0	0.0	1.0
MYH15	NA	5841	2	0	0	0	0	0	2	0	1.0	0.0	0.0	-0.0
MYRIP	NA	2580	1	0	0	0	0	0	1	0	1.0	0.0	0.0	1.0
NXPE3	NA	1680	1	0	0	0	0	0	1	0	1.0	0.0	0.0	1.0
OR5H14	NA	933	1	0	0	0	0	0	1	0	1.0	0.0	0.0	1.0
PAQR9	NA	1134	1	0	0	0	0	0	1	0	1.0	0.0	0.0	1.0
PBRM1	NA	4749	3	0	3	0	0	0	0	0	1.0	1.0	2.0	0.355245321275764
PHC3	NA	2988	1	0	0	0	0	0	1	0	1.0	0.0	0.0	1.0
PIK3CA	NA	3207	1	0	0	0	0	0	1	0	1.0	0.0	0.0	1.0
PIK3CB	NA	3213	1	0	0	0	0	0	1	0	1.0	0.0	0.0	1.0
PIK3R4	NA	4077	0	1	0	0	0	0	0	0	1.0	0.0	0.0	1.0
PLD1	NA	3225	1	0	0	0	1	0	0	0	1.0	0.0	0.0	1.0
PTPRG	NA	4338	2	0	0	0	0	0	2	0	1.0	0.0	0.0	-0.0
RTP4	NA	741	1	0	0	0	0	0	1	0	1.0	0.0	0.0	1.0
SELT	NA	588	1	0	1	0	0	0	0	0	1.0	0.0	0.0	1.0
SENP5	NA	2268	1	0	0	0	0	0	1	0	1.0	0.0	0.0	1.0
SLC12A8	NA	2145	1	0	0	0	0	0	1	0	1.0	0.0	0.0	1.0
SLC2A2	NA	1575	1	0	0	0	0	0	1	0	1.0	0.0	0.0	1.0
ST6GAL1	NA	1221	1	0	0	0	0	0	1	0	1.0	0.0	0.0	1.0
STAB1	NA	7713	2	0	2	0	0	0	0	0	1.0	0.0	0.0	-0.0
STAG1	NA	3777	0	1	0	0	0	0	0	0	1.0	0.0	0.0	1.0
TBCCD1	NA	1674	1	0	0	0	0	0	1	0	1.0	0.0	0.0	1.0
TGFBR2	NA	1779	1	0	0	0	0	0	1	0	1.0	0.0	0.0	1.0
TIMMDC1	NA	858	1	0	0	0	0	0	1	0	1.0	0.0	0.0	1.0
TMCC1	NA	1962	1	0	0	0	0	0	1	0	1.0	0.0	0.0	1.0
TNK2	NA	3261	1	0	0	0	0	0	1	0	1.0	0.0	0.0	1.0
UROC1	NA	2211	0	1	0	0	0	0	0	0	1.0	0.0	0.0	1.0
VPRBP	NA	4365	1	0	0	0	1	0	0	0	1.0	0.0	0.0	1.0
XYLB	NA	1611	1	0	0	0	0	0	1	0	1.0	0.0	0.0	1.0
YEATS2	NA	4269	1	0	0	1	0	0	0	0	1.0	0.0	0.0	1.0
ZBTB11	NA	3162	1	0	0	0	0	0	1	0	1.0	0.0	0.0	1.0
ZBTB38	NA	3588	1	0	0	0	0	0	1	0	1.0	0.0	0.0	1.0
AIM1	NA	5172	1	0	0	0	0	0	1	0	1.0	0.0	0.0	1.0
ANKS1A	NA	3405	2	0	0	0	0	0	2	0	1.0	0.0	0.0	-0.0
ARID1B	NA	6750	1	0	0	0	0	0	1	0	1.0	0.0	0.0	1.0
BCLAF1	NA	2763	1	0	0	0	0	0	1	0	1.0	0.0	0.0	1.0
BMP5	NA	1365	1	0	0	0	0	0	1	0	1.0	0.0	0.0	1.0
BMP6	NA	1542	1	0	0	0	0	0	1	0	1.0	0.0	0.0	1.0
BTN3A1	NA	1542	0	1	0	0	0	0	0	0	1.0	0.0	0.0	1.0
ERMARD	NA	2037	0	2	0	0	0	0	0	0	1.0	0.0	0.0	1.0
CCDC170	NA	2148	1	0	0	0	0	0	1	0	1.0	0.0	0.0	1.0
COL9A1	NA	2766	1	0	0	0	0	0	1	0	1.0	0.0	0.0	1.0
DLL1	NA	2172	1	0	0	0	1	0	0	0	1.0	0.0	0.0	1.0
DNAH8	NA	14124	2	0	0	0	0	0	2	0	1.0	0.0	0.0	-0.0
DXO	NA	1191	1	0	1	0	0	0	0	0	1.0	0.0	0.0	1.0
EEF1A1	NA	1389	1	0	0	0	0	0	1	0	1.0	0.0	0.0	1.0
EHMT2	NA	3633	1	0	0	0	0	0	1	0	1.0	0.0	0.0	1.0
EPHA7	NA	2997	2	0	0	0	0	0	2	0	1.0	0.0	0.0	-0.0
EYS	NA	9435	2	0	0	0	0	0	2	0	1.0	0.0	0.0	-0.0
EZR	NA	1761	1	0	0	0	0	0	1	0	1.0	0.0	0.0	1.0
F13A1	NA	2199	2	0	0	0	0	0	2	0	1.0	0.0	0.0	-0.0
FBXO5	NA	1344	1	1	0	0	0	0	1	0	1.0	0.0	0.0	1.0
FGFR1OP	NA	1200	1	0	0	0	0	0	1	0	1.0	0.0	0.0	1.0
CMTR1	NA	2508	0	1	0	0	0	0	0	0	1.0	0.0	0.0	1.0
GCNT2	NA	1209	0	1	0	0	0	0	0	0	1.0	0.0	0.0	1.0
GJA10	NA	1632	1	0	0	0	0	0	1	0	1.0	0.0	0.0	1.0
GMPR	NA	1038	2	0	0	0	0	0	2	0	1.0	0.0	0.0	-0.0
GRIK2	NA	2727	2	0	0	0	0	0	2	0	1.0	0.0	0.0	-0.0
HIST1H3G	NA	411	1	0	0	0	0	0	1	0	1.0	0.0	0.0	1.0
HLA-F	NA	1329	0	1	0	0	0	0	0	0	1.0	0.0	0.0	1.0
HSP90AB1	NA	2175	1	1	0	0	0	0	1	0	1.0	0.0	0.0	1.0
IGF2R	NA	7476	0	1	0	0	0	0	0	0	1.0	0.0	0.0	1.0
ITPR3	NA	8016	1	0	0	0	0	0	1	0	1.0	0.0	0.0	1.0
MDN1	NA	16791	1	0	0	0	0	0	1	0	1.0	0.0	0.0	1.0
MLLT4	NA	5232	1	1	0	0	0	0	1	0	1.0	0.0	0.0	1.0
MRPL2	NA	918	1	0	0	0	0	0	1	0	1.0	0.0	0.0	1.0
NOTCH4	NA	6012	1	0	0	0	0	0	1	0	1.0	0.0	0.0	1.0
OR2J3	NA	936	2	0	0	0	0	0	2	0	1.0	0.0	0.0	-0.0
PHF3	NA	6120	1	1	0	0	0	0	1	0	1.0	0.0	0.0	1.0
PKHD1	NA	12225	1	0	1	0	0	0	0	0	1.0	0.0	0.0	1.0
PNLDC1	NA	1563	1	0	0	0	0	0	1	0	1.0	0.0	0.0	1.0
PRDM1	NA	2478	1	0	0	0	0	0	1	0	1.0	0.0	0.0	1.0
PRDM13	NA	2124	0	1	0	0	0	0	0	0	1.0	0.0	0.0	1.0
PRICKLE4	NA	1155	1	0	0	0	0	0	1	0	1.0	0.0	0.0	1.0
PTPRK	NA	4341	2	0	2	0	0	0	0	0	1.0	0.0	0.0	-0.0
REV3L	NA	9393	1	0	0	0	0	0	1	0	1.0	0.0	0.0	1.0
RHAG	NA	1230	0	1	0	0	0	0	0	0	1.0	0.0	0.0	1.0
RNF146	NA	1080	1	0	0	0	1	0	0	0	1.0	0.0	0.0	1.0
ROS1	NA	7044	1	0	0	0	0	0	1	0	1.0	0.0	0.0	1.0
RPS12	NA	399	1	0	0	0	0	0	1	0	1.0	0.0	0.0	1.0
RREB1	NA	5229	3	0	0	0	0	0	3	0	1.0	0.0	0.0	0.579380164285695
SCUBE3	NA	2982	0	1	0	0	0	0	0	0	1.0	0.0	0.0	1.0
SLC16A10	NA	1548	0	1	0	0	0	0	0	0	1.0	0.0	0.0	1.0
SLC17A3	NA	1497	1	0	0	0	1	0	0	0	1.0	0.0	0.0	1.0
SLC25A27	NA	972	0	1	0	0	0	0	0	0	1.0	0.0	0.0	1.0
SNX14	NA	2841	2	0	0	0	0	0	2	0	1.0	0.0	0.0	1.0
SOBP	NA	2622	2	0	0	0	0	0	2	0	1.0	0.0	0.0	-0.0
SYCP2L	NA	2439	1	0	0	0	0	0	1	0	1.0	0.0	0.0	1.0
SYNCRIP	NA	1872	0	1	0	0	0	0	0	0	1.0	0.0	0.0	1.0
TAP1	NA	2427	1	0	0	0	0	0	1	0	1.0	0.0	0.0	1.0
TUBB	NA	1335	0	2	0	0	0	0	0	0	1.0	0.0	0.0	1.0
TUBB2A	NA	1338	2	0	0	0	0	0	2	0	1.0	0.0	0.0	-0.0
UBR2	NA	5268	0	1	0	0	0	0	0	0	1.0	0.0	0.0	1.0
UNC93A	NA	1374	1	0	0	0	0	0	1	0	1.0	0.0	0.0	1.0
UTRN	NA	10302	1	0	0	0	0	0	1	0	1.0	0.0	0.0	1.0
VNN1	NA	1542	1	1	0	0	0	0	1	0	1.0	0.0	0.0	1.0
ZNF184	NA	2256	1	0	0	0	0	0	1	0	1.0	0.0	0.0	1.0
ZSCAN16	NA	1047	2	0	0	0	0	0	2	0	1.0	0.0	0.0	-0.0
ZUFSP	NA	1737	1	0	0	0	0	0	1	0	1.0	0.0	0.0	1.0
A2M	NA	4425	1	0	1	0	0	0	0	0	1.0	0.0	0.0	1.0
ABCC9	NA	4650	0	1	0	0	0	0	0	0	1.0	0.0	0.0	1.0
ACVR1B	NA	1641	0	1	0	0	0	0	0	0	1.0	0.0	0.0	1.0
ADAMTS20	NA	5733	2	0	0	0	0	0	2	0	1.0	0.0	0.0	-0.0
AGAP2	NA	3579	2	0	0	0	0	0	2	0	1.0	0.0	0.0	-0.0
ANKRD33	NA	1359	1	0	0	0	0	0	1	0	1.0	0.0	0.0	1.0
APAF1	NA	3747	0	2	0	0	0	0	0	0	1.0	0.0	0.0	1.0
ATP5G2	NA	597	1	0	0	0	0	0	1	0	1.0	0.0	0.0	1.0
ATXN7L3B	NA	294	2	0	0	0	0	0	2	0	1.0	0.0	0.0	1.0
B4GALNT3	NA	2997	2	0	0	0	0	0	2	0	1.0	0.0	0.0	-0.0
C12orf49	NA	618	0	1	0	0	0	0	0	0	1.0	0.0	0.0	1.0
C1S	NA	2067	1	0	0	0	0	0	1	0	1.0	0.0	0.0	1.0
CAND1	NA	3693	2	0	2	0	0	0	0	0	1.0	0.0	0.0	-0.0
CDK2	NA	897	1	0	0	0	0	0	1	0	1.0	0.0	0.0	1.0
DDX11	NA	2913	0	1	0	0	0	0	0	0	1.0	0.0	0.0	1.0
DGKA	NA	2208	2	0	0	0	0	0	2	0	1.0	0.0	0.0	-0.0
DHH	NA	1191	1	0	0	0	0	0	1	0	1.0	0.0	0.0	1.0
DNAJC14	NA	2109	1	0	0	0	0	0	1	0	1.0	0.0	0.0	1.0
EP400	NA	9372	2	0	0	0	0	0	2	0	1.0	0.0	0.0	-0.0
ESYT1	NA	3345	0	1	0	0	0	0	0	0	1.0	0.0	0.0	1.0
GALNT4	NA	1737	2	0	1	0	0	0	1	0	1.0	0.0	0.0	1.0
GALNT9	NA	1812	0	2	0	0	0	0	0	0	1.0	0.0	0.0	1.0
GXYLT1	NA	1323	2	0	0	0	0	0	2	0	1.0	0.0	0.0	-0.0
ITPR2	NA	8106	1	0	0	0	0	0	1	0	1.0	0.0	0.0	1.0
KRAS	NA	570	1	0	0	0	0	0	1	0	1.0	0.0	0.0	1.0
KRT1	NA	1935	2	0	0	0	2	0	0	0	1.0	0.0	0.0	-0.0
KRT85	NA	1524	1	1	0	0	0	0	1	0	1.0	0.0	0.0	1.0
LARP4	NA	2175	1	0	0	0	0	0	1	0	1.0	0.0	0.0	1.0
LRP1	NA	13635	1	0	0	0	0	0	1	0	1.0	0.0	0.0	1.0
LRP6	NA	4842	3	0	0	0	0	0	3	0	1.0	0.0	0.0	1.0
KMT2D	NA	16614	4	0	0	0	0	0	4	4	0.0	0.0	0.0	-0.0
MUCL1	NA	273	2	0	0	0	2	0	0	0	1.0	0.0	0.0	-0.0
NR2C1	NA	1812	1	0	1	0	0	0	0	0	1.0	0.0	0.0	1.0
NTF3	NA	813	2	0	0	0	0	0	2	0	1.0	0.0	0.0	-0.0
NXPH4	NA	927	1	0	0	0	0	0	1	0	1.0	0.0	0.0	1.0
OR6C3	NA	936	2	0	0	0	0	0	2	0	1.0	0.0	0.0	-0.0
OVCH1	NA	3405	1	0	0	0	0	0	1	0	1.0	0.0	0.0	1.0
PFKM	NA	2556	1	0	0	0	0	0	1	0	1.0	0.0	0.0	1.0
POC1B	NA	1437	1	0	0	0	0	0	1	0	1.0	0.0	0.0	1.0
POLE	NA	6861	1	0	0	0	0	0	1	0	1.0	0.0	0.0	1.0
PRDM4	NA	2406	1	0	0	0	0	0	1	0	1.0	0.0	0.0	1.0
PSMD9	NA	672	0	1	0	0	0	0	0	0	1.0	0.0	0.0	1.0
RAN	NA	651	0	1	0	0	0	0	0	0	1.0	0.0	0.0	1.0
RAPGEF3	NA	2772	0	1	0	0	0	0	0	0	1.0	0.0	0.0	1.0
SCN8A	NA	5943	3	0	0	0	0	0	3	0	1.0	0.0	0.0	0.579380164285695
SCNN1A	NA	2187	1	0	0	0	0	0	1	0	1.0	0.0	0.0	1.0
SETD1B	NA	5772	1	0	0	0	0	0	1	0	1.0	0.0	0.0	1.0
SMARCC2	NA	3645	0	1	0	0	0	0	0	0	1.0	0.0	0.0	1.0
SPATS2	NA	1638	2	0	0	0	0	0	2	0	1.0	0.0	0.0	-0.0
SRGAP1	NA	3258	0	1	0	0	0	0	0	0	1.0	0.0	0.0	1.0
STAT2	NA	2556	1	0	0	0	0	0	1	0	1.0	0.0	0.0	1.0
STAT6	NA	2544	1	0	0	0	0	0	1	0	1.0	0.0	0.0	1.0
SYT1	NA	1269	1	0	0	0	0	0	1	0	1.0	0.0	0.0	1.0
TAS2R31	NA	930	2	0	0	0	0	0	2	0	1.0	0.0	0.0	-0.0
TAS2R9	NA	939	1	1	0	0	0	0	1	0	1.0	0.0	0.0	1.0
TBX3	NA	2232	1	0	0	0	0	0	1	0	1.0	0.0	0.0	1.0
TIMELESS	NA	3627	1	0	0	0	0	0	1	0	1.0	0.0	0.0	1.0
TMEM132D	NA	3300	3	2	0	0	0	0	3	0	1.0	0.0	0.0	0.8277293767706428
TPCN1	NA	2667	1	0	0	0	0	0	1	0	1.0	0.0	0.0	1.0
TRHDE	NA	3075	1	0	0	0	0	0	1	0	1.0	0.0	0.0	1.0
UTP20	NA	8358	1	0	0	0	0	0	1	0	1.0	0.0	0.0	1.0
VWF	NA	8442	1	0	0	0	0	0	1	0	1.0	0.0	0.0	1.0
WNK1	NA	7929	2	0	0	0	0	0	2	0	1.0	0.0	0.0	-0.0
ZCCHC8	NA	2124	1	0	0	0	0	0	1	0	1.0	0.0	0.0	1.0
ZFC3H1	NA	5970	1	1	0	0	0	0	1	0	1.0	0.0	0.0	1.0
ZNF268	NA	2844	2	0	0	0	0	0	2	0	1.0	0.0	0.0	-0.0
ABCA13	NA	15177	1	1	0	0	0	0	1	0	1.0	0.0	0.0	1.0
ACHE	NA	1854	1	0	0	0	0	0	1	0	1.0	0.0	0.0	1.0
ACTR3C	NA	633	0	2	0	0	0	0	0	0	1.0	0.0	0.0	1.0
BCAP29	NA	1047	1	0	0	0	0	0	1	0	1.0	0.0	0.0	1.0
BRAF	NA	2301	2	0	0	0	0	0	2	0	1.0	0.0	0.0	-0.0
CALCR	NA	1527	1	0	0	0	0	0	1	0	1.0	0.0	0.0	1.0
CALD1	NA	2382	1	0	0	0	0	0	1	0	1.0	0.0	0.0	1.0
CALN1	NA	786	0	1	0	0	0	0	0	0	1.0	0.0	0.0	1.0
CARD11	NA	3465	1	0	0	0	0	0	1	0	1.0	0.0	0.0	1.0
CHRM2	NA	1401	0	1	0	0	0	0	0	0	1.0	0.0	0.0	1.0
COL28A1	NA	3378	0	1	0	0	0	0	0	0	1.0	0.0	0.0	1.0
CYP3A5	NA	1509	0	1	0	0	0	0	0	0	1.0	1.0	0.0	1.0
DGKB	NA	2415	1	0	0	0	0	0	1	0	1.0	0.0	0.0	1.0
DNAH11	NA	13551	0	1	0	0	0	0	0	0	1.0	0.0	0.0	1.0
DNAJB6	NA	981	1	0	0	0	0	0	1	0	1.0	0.0	0.0	1.0
EGFR	NA	3633	0	2	0	0	0	0	0	0	1.0	0.0	0.0	1.0
ELN	NA	2175	2	0	0	0	0	0	2	0	1.0	0.0	0.0	-0.0
EZH2	NA	2256	1	0	0	0	0	0	1	0	1.0	0.0	0.0	1.0
FAM71F2	NA	930	0	2	0	0	0	0	0	0	1.0	0.0	0.0	1.0
FBXO24	NA	1857	1	0	0	0	0	0	1	0	1.0	0.0	0.0	1.0
FSCN1	NA	1482	1	0	0	0	0	0	1	0	1.0	0.0	0.0	1.0
GATAD1	NA	810	1	0	0	0	0	0	1	0	1.0	0.0	0.0	1.0
GPR85	NA	1113	2	0	0	0	0	0	2	0	1.0	0.0	0.0	-0.0
GSTK1	NA	849	1	0	0	0	0	0	1	0	1.0	0.0	0.0	1.0
GTF2IRD1	NA	2931	2	0	0	0	2	0	0	0	1.0	0.0	0.0	-0.0
GUSB	NA	1956	0	1	0	0	0	0	0	0	1.0	1.0	0.0	1.0
HDAC9	NA	3210	2	0	0	0	0	0	2	0	1.0	0.0	0.0	-0.0
HNRNPA2B1	NA	1062	1	0	0	0	0	0	1	0	1.0	0.0	0.0	1.0
HOXA6	NA	702	1	0	0	0	0	0	1	0	1.0	0.0	0.0	1.0
HTR5A	NA	1074	1	0	0	0	0	0	1	0	1.0	0.0	0.0	1.0
INHBA	NA	1281	1	0	0	0	0	0	1	0	1.0	0.0	0.0	1.0
KIAA1324L	NA	3090	2	0	0	0	0	0	2	0	1.0	0.0	0.0	-0.0
KPNA7	NA	1551	0	2	0	0	0	0	0	0	1.0	0.0	0.0	1.0
LMBR1	NA	1473	1	0	0	0	0	0	1	0	1.0	0.0	0.0	1.0
KMT2C	NA	14736	3	0	0	0	1	0	2	0	1.0	1.0	0.0	0.5
NACAD	NA	4689	1	1	0	0	0	0	1	0	1.0	0.0	0.0	1.0
NOM1	NA	2583	3	0	0	0	0	0	3	0	1.0	0.0	0.0	0.579380164285695
NOS3	NA	3612	1	0	0	0	0	0	1	0	1.0	0.0	0.0	1.0
NUB1	NA	1920	0	1	0	0	0	0	0	0	1.0	0.0	0.0	1.0
OR6V1	NA	942	1	0	1	0	0	0	0	0	1.0	0.0	0.0	1.0
PARP12	NA	2106	1	0	0	0	0	0	1	0	1.0	0.0	0.0	1.0
PCLO	NA	15429	3	0	0	0	0	0	3	0	1.0	0.0	0.0	0.579380164285695
PLXNA4	NA	5685	1	0	0	0	0	0	1	0	1.0	0.0	0.0	1.0
RFC2	NA	1065	1	0	0	0	0	0	1	0	1.0	0.0	0.0	1.0
SND1	NA	2733	2	0	0	0	0	0	2	0	1.0	0.0	0.0	-0.0
TECPR1	NA	3498	0	2	0	0	0	0	0	0	1.0	0.0	0.0	1.0
THSD7A	NA	4974	1	0	0	0	0	0	1	0	1.0	0.0	0.0	1.0
TMEM184A	NA	1242	0	1	0	0	0	0	0	0	1.0	0.0	0.0	1.0
TMUB1	NA	741	2	0	0	0	0	0	2	0	1.0	0.0	0.0	-0.0
TRBV5-1	NA	343	2	0	0	0	0	0	2	0	1.0	0.0	0.0	-0.0
TSPAN12	NA	918	1	0	0	0	0	0	1	0	1.0	0.0	0.0	1.0
UBN2	NA	4044	0	3	0	0	0	0	0	0	1.0	0.0	0.0	1.0
ZFAND2A	NA	438	1	0	0	0	0	0	1	0	1.0	0.0	0.0	1.0
ZNF12	NA	2094	1	0	0	0	0	0	1	0	1.0	0.0	0.0	1.0
ZNF736	NA	1284	2	0	0	0	0	0	2	0	1.0	0.0	0.0	-0.0
ZYX	NA	1719	2	0	0	0	0	0	2	0	1.0	0.0	0.0	-0.0
ADAMTS16	NA	3675	2	0	0	0	0	0	2	0	1.0	0.0	0.0	-0.0
ANKHD1	NA	7629	2	0	0	0	0	0	2	0	1.0	0.0	0.0	-0.0
APBB3	NA	1482	1	0	0	0	0	0	1	0	1.0	0.0	1.0	1.0
BTNL9	NA	1608	0	1	0	0	0	0	0	0	1.0	0.0	0.0	1.0
C5orf60	NA	834	1	0	0	0	0	0	1	0	1.0	0.0	0.0	1.0
CDC20B	NA	1560	1	0	0	0	0	0	1	0	1.0	0.0	0.0	1.0
CDH12	NA	2385	2	0	0	0	0	0	2	0	1.0	0.0	0.0	-0.0
CHD1	NA	5133	1	0	0	0	0	0	1	0	1.0	0.0	0.0	1.0
CSF1R	NA	2919	0	1	0	0	0	0	0	0	1.0	0.0	0.0	1.0
DMXL1	NA	9084	1	0	0	0	0	0	1	0	1.0	0.0	0.0	1.0
DNAH5	NA	13875	4	0	2	0	0	0	2	0	1.0	0.0	0.0	0.5
ELL2	NA	1923	0	1	0	0	0	0	0	0	1.0	0.0	0.0	1.0
EPB41L4A	NA	2061	0	1	0	0	0	0	0	0	1.0	0.0	0.0	1.0
EXOC3	NA	2238	1	0	0	0	0	0	1	0	1.0	0.0	0.0	1.0
FAM169A	NA	2013	2	0	0	0	0	0	2	0	1.0	0.0	0.0	-0.0
FAXDC2	NA	1002	1	0	0	0	0	0	1	0	1.0	0.0	0.0	1.0
FBN2	NA	8739	2	0	2	0	0	0	0	0	1.0	0.0	0.0	-0.0
FCHO2	NA	2433	0	1	0	0	0	0	0	0	1.0	0.0	0.0	1.0
FST	NA	1035	1	0	0	0	0	0	1	0	1.0	0.0	0.0	1.0
FSTL4	NA	2529	0	1	0	0	0	0	0	0	1.0	0.0	0.0	1.0
GPR98	NA	18921	3	1	0	0	0	0	3	0	1.0	0.0	0.0	0.75
IL12B	NA	987	1	0	0	0	0	0	1	0	1.0	0.0	0.0	1.0
IPO11	NA	3048	1	0	0	0	0	0	1	0	1.0	0.0	0.0	1.0
IQGAP2	NA	4728	2	0	0	0	0	0	2	0	1.0	0.0	0.0	-0.0
ITK	NA	1863	1	0	0	0	0	0	1	0	1.0	0.0	0.0	1.0
KIAA0825	NA	3828	2	0	0	0	0	0	2	0	1.0	0.0	0.0	-0.0
KIF4B	NA	3705	2	0	0	0	0	0	2	0	1.0	0.0	0.0	-0.0
MAP3K1	NA	4539	0	1	0	0	0	0	0	0	1.0	0.0	0.0	1.0
MARCH6	NA	2733	2	0	1	0	0	0	1	0	1.0	0.0	0.0	1.0
MAST4	NA	7872	2	0	0	0	0	0	2	0	1.0	0.0	0.0	-0.0
MYOT	NA	1497	1	0	0	0	0	0	1	0	1.0	0.0	0.0	1.0
NSD1	NA	8091	0	2	0	0	0	0	0	0	1.0	0.0	0.0	1.0
PAIP2	NA	384	2	0	0	0	0	0	2	0	1.0	0.0	0.0	1.0
PCDHA11	NA	2850	2	0	0	0	0	0	2	0	1.0	0.0	0.0	-0.0
PCDHA5	NA	2811	2	0	0	0	0	0	2	0	1.0	0.0	0.0	-0.0
PCDHB7	NA	2382	1	0	0	0	0	0	1	0	1.0	0.0	0.0	1.0
PCDHGA3	NA	2799	1	0	0	0	0	0	1	0	1.0	0.0	0.0	1.0
PCDHGA4	NA	2889	3	0	0	0	0	0	3	0	1.0	0.0	0.0	0.579380164285695
PCDHGA6	NA	2799	1	0	0	0	0	0	1	0	1.0	0.0	0.0	1.0
PCDHGB1	NA	2784	1	0	0	0	0	0	1	0	1.0	0.0	0.0	1.0
PIK3R1	NA	2175	2	0	0	0	0	0	2	0	1.0	0.0	0.0	1.0
PJA2	NA	2127	1	0	0	0	0	0	1	0	1.0	0.0	0.0	1.0
PLCXD3	NA	966	2	0	0	0	0	0	2	0	1.0	0.0	0.0	-0.0
PPAP2A	NA	858	1	0	0	0	0	0	1	0	1.0	0.0	0.0	1.0
PTCD2	NA	1167	2	0	0	0	0	0	2	0	1.0	0.0	0.0	-0.0
PTGER4	NA	1467	1	0	0	0	0	0	1	0	1.0	0.0	0.0	1.0
RAD17	NA	2046	1	0	0	0	0	0	1	0	1.0	0.0	0.0	1.0
RAD50	NA	3939	0	1	0	0	0	0	0	0	1.0	0.0	0.0	1.0
RASA1	NA	3144	1	0	1	0	0	0	0	0	1.0	0.0	0.0	1.0
RIOK2	NA	1659	2	2	0	0	0	0	2	0	1.0	0.0	0.0	0.75
SAP30L	NA	552	1	0	0	0	0	0	1	0	1.0	0.0	0.0	1.0
SGTB	NA	915	0	1	0	0	0	0	0	0	1.0	0.0	0.0	1.0
SKP2	NA	1275	0	1	0	0	0	0	0	0	1.0	0.0	0.0	1.0
SLC22A5	NA	1674	1	0	0	0	0	0	1	0	1.0	0.0	0.0	1.0
SLC6A18	NA	1887	1	0	0	0	0	0	1	0	1.0	0.0	0.0	1.0
SLC9A3	NA	2505	2	0	0	0	0	0	2	0	1.0	0.0	0.0	-0.0
SPINK5	NA	3285	1	0	0	0	0	0	1	0	1.0	0.0	0.0	1.0
SPRY4	NA	969	1	0	0	0	0	0	1	0	1.0	0.0	0.0	1.0
SREK1IP1	NA	468	1	0	0	0	0	0	1	0	1.0	0.0	0.0	1.0
SRFBP1	NA	1290	0	2	0	0	0	0	0	0	1.0	0.0	0.0	1.0
SSBP2	NA	1110	1	0	0	0	0	0	1	0	1.0	0.0	0.0	1.0
TENM2	NA	8298	1	3	0	0	0	0	1	0	1.0	0.0	0.0	1.0
WDR55	NA	1152	1	0	0	0	0	0	1	0	1.0	0.0	0.0	1.0
ZFP2	NA	1386	1	0	0	0	0	0	1	0	1.0	0.0	0.0	1.0
ZFR	NA	3225	1	0	0	0	0	0	1	0	1.0	0.0	0.0	1.0
ZNF354A	NA	1818	0	1	0	0	0	0	0	0	1.0	0.0	0.0	1.0
ZNF354C	NA	1665	1	0	0	0	0	0	1	0	1.0	0.0	0.0	1.0
ADAM21	NA	2169	1	0	0	0	0	0	1	0	1.0	0.0	0.0	1.0
ANGEL1	NA	2013	2	0	0	0	0	0	2	0	1.0	0.0	0.0	-0.0
ASB2	NA	1908	1	0	0	0	0	0	1	0	1.0	0.0	0.0	1.0
ATP5S	NA	648	1	0	0	0	0	0	1	0	1.0	0.0	0.0	1.0
BMP4	NA	1227	1	0	0	0	0	0	1	0	1.0	0.0	0.0	1.0
CDC42BPB	NA	5136	1	0	0	0	0	0	1	0	1.0	0.0	0.0	1.0
CIDEB	NA	660	1	0	0	0	0	0	1	0	1.0	0.0	0.0	1.0
CMA1	NA	744	2	0	0	0	0	0	2	0	1.0	0.0	0.0	-0.0
DICER1	NA	5769	2	0	0	0	0	0	2	0	1.0	0.0	0.0	-0.0
DLK1	NA	1152	2	0	0	0	0	0	2	0	1.0	0.0	0.0	-0.0
DNAAF2	NA	2514	2	0	0	0	0	0	2	0	1.0	0.0	0.0	-0.0
DPF3	NA	1074	1	0	0	0	0	0	1	0	1.0	0.0	0.0	1.0
ELMSAN1	NA	3138	1	0	0	0	0	0	1	0	1.0	0.0	0.0	1.0
EML5	NA	5934	3	0	0	0	0	0	3	0	1.0	0.0	0.0	0.579380164285695
GPX2	NA	573	1	0	0	0	0	0	1	0	1.0	0.0	0.0	1.0
HAUS4	NA	1092	1	0	0	0	0	0	1	0	1.0	0.0	0.0	1.0
IGHV3-48	NA	351	0	1	0	0	0	0	0	0	1.0	0.0	0.0	1.0
KCNK13	NA	1227	0	1	0	0	0	0	0	0	1.0	0.0	0.0	1.0
AREL1	NA	2472	1	0	0	0	0	0	1	0	1.0	0.0	0.0	1.0
LRRC16B	NA	4119	1	0	0	0	0	0	1	0	1.0	0.0	0.0	1.0
NRXN3	NA	3186	2	0	0	0	0	0	2	0	1.0	0.0	0.0	-0.0
OR4N2	NA	924	1	0	0	0	0	0	1	0	1.0	0.0	0.0	1.0
OR4Q3	NA	942	1	0	0	0	0	0	1	0	1.0	0.0	0.0	1.0
OTX2	NA	894	1	0	0	0	0	0	1	0	1.0	0.0	0.0	1.0
POTEG	NA	1527	1	0	0	0	0	0	1	0	1.0	0.0	0.0	1.0
PRPF39	NA	2010	1	0	0	0	0	0	1	0	1.0	0.0	0.0	1.0
PTGER2	NA	1077	1	0	0	0	0	0	1	0	1.0	0.0	0.0	1.0
RTN1	NA	2331	0	1	0	0	0	0	0	0	1.0	0.0	0.0	1.0
SAMD4A	NA	2157	1	0	0	0	0	0	1	0	1.0	0.0	0.0	1.0
SCFD1	NA	1929	1	0	0	0	0	0	1	0	1.0	0.0	0.0	1.0
SLC8A3	NA	2784	2	0	0	0	0	0	2	0	1.0	0.0	0.0	-0.0
SOCS4	NA	1323	0	1	0	0	0	0	0	0	1.0	0.0	0.0	1.0
SRP54	NA	1515	1	0	0	0	0	0	1	0	1.0	0.0	0.0	1.0
SYNE2	NA	20724	1	0	0	0	0	0	1	0	1.0	0.0	0.0	1.0
SYNJ2BP	NA	438	0	1	0	0	0	0	0	0	1.0	0.0	0.0	1.0
TGM1	NA	2454	2	0	2	0	0	0	0	0	1.0	0.0	0.0	-0.0
TMED8	NA	978	0	1	0	0	0	0	0	0	1.0	0.0	0.0	1.0
TRIP11	NA	5940	2	0	2	0	0	0	0	0	1.0	0.0	0.0	-0.0
TTC8	NA	1548	1	0	0	0	0	0	1	0	1.0	0.0	0.0	1.0
ZNF410	NA	1551	1	0	0	0	0	0	1	0	1.0	0.0	0.0	1.0
ACSM2B	NA	1734	1	0	0	0	0	0	1	0	1.0	0.0	0.0	1.0
ACSM5	NA	1740	0	1	0	0	0	0	0	0	1.0	0.0	0.0	1.0
ADAMTS18	NA	3666	1	0	0	0	0	0	1	0	1.0	0.0	0.0	1.0
ATXN1L	NA	2070	1	0	0	0	0	0	1	0	1.0	0.0	0.0	1.0
C16orf86	NA	954	1	0	0	0	0	0	1	0	1.0	0.0	0.0	1.0
CASKIN1	NA	4296	1	0	0	0	0	0	1	0	1.0	0.0	0.0	1.0
CDH13	NA	2283	1	2	0	0	0	0	1	0	1.0	0.0	0.0	1.0
CDIPT	NA	642	1	0	0	0	0	0	1	0	1.0	0.0	0.0	1.0
CNOT1	NA	7131	1	0	0	0	0	0	1	0	1.0	0.0	0.0	1.0
COG8	NA	1839	1	0	0	0	0	0	1	0	1.0	0.0	0.0	1.0
DDX19A	NA	1437	1	0	0	0	0	0	1	0	1.0	0.0	0.0	1.0
EEF2K	NA	2178	1	0	0	0	0	0	1	0	1.0	0.0	0.0	1.0
FUS	NA	1581	1	0	0	0	0	0	1	0	1.0	0.0	0.0	1.0
GLG1	NA	3612	1	0	0	0	0	0	1	0	1.0	0.0	0.0	1.0
GPR97	NA	1650	0	1	0	0	0	0	0	0	1.0	0.0	0.0	1.0
GRIN2A	NA	4395	1	0	1	0	0	0	0	0	1.0	0.0	0.0	1.0
HYDIN	NA	15366	0	1	0	0	0	0	0	0	1.0	0.0	0.0	1.0
ITGAX	NA	3492	2	0	0	0	0	0	2	0	1.0	0.0	0.0	-0.0
MVD	NA	1203	2	0	0	0	0	0	2	0	1.0	0.0	0.0	-0.0
NDUFB10	NA	519	1	0	0	0	0	0	1	0	1.0	0.0	0.0	1.0
NOD2	NA	3123	1	0	0	0	0	0	1	0	1.0	0.0	0.0	1.0
NOXO1	NA	1131	1	0	0	0	0	0	1	0	1.0	0.0	0.0	1.0
NPIPB7	NA	1245	0	1	0	0	0	0	0	0	1.0	0.0	0.0	1.0
OGFOD1	NA	1629	1	0	0	0	0	0	1	0	1.0	0.0	0.0	1.0
PDIA2	NA	1578	1	0	0	0	0	0	1	0	1.0	0.0	0.0	1.0
PKD1L2	NA	7379	0	1	0	0	0	0	0	0	1.0	0.0	0.0	1.0
PLEKHG4	NA	3576	1	0	0	0	0	0	1	0	1.0	0.0	0.0	1.0
POLR3E	NA	2127	2	0	0	0	0	0	2	0	1.0	0.0	0.0	-0.0
PRMT7	NA	2079	0	1	0	0	0	0	0	0	1.0	0.0	0.0	1.0
QPRT	NA	894	1	0	0	0	0	0	1	0	1.0	0.0	0.0	1.0
RFWD3	NA	2325	1	0	0	0	0	0	1	0	1.0	0.0	0.0	1.0
RNPS1	NA	918	1	0	0	0	0	0	1	0	1.0	0.0	0.0	1.0
SALL1	NA	3975	2	0	0	0	0	0	2	0	1.0	0.0	0.0	-0.0
SEC14L5	NA	2091	2	0	0	0	0	0	2	0	1.0	0.0	0.0	-0.0
SLX4	NA	5505	1	0	0	0	0	0	1	0	1.0	0.0	0.0	1.0
SMG1	NA	10986	1	0	0	0	0	0	1	0	1.0	0.0	0.0	1.0
SMPD3	NA	1968	1	0	0	0	0	0	1	0	1.0	0.0	0.0	1.0
SPNS1	NA	1587	2	0	0	0	0	0	2	0	1.0	0.0	0.0	-0.0
SRCAP	NA	9693	1	0	0	0	0	0	1	0	1.0	0.0	0.0	1.0
TEPP	NA	897	1	0	0	0	0	0	1	0	1.0	0.0	0.0	1.0
TNRC6A	NA	5889	0	1	0	0	0	0	0	0	1.0	0.0	0.0	1.0
TRAP1	NA	2115	2	0	0	0	0	0	2	0	1.0	0.0	0.0	-0.0
UBFD1	NA	930	1	0	0	0	0	0	1	0	1.0	0.0	0.0	1.0
WWP2	NA	2613	1	0	0	0	0	0	1	0	1.0	0.0	0.0	1.0
ZFHX3	NA	11112	1	0	0	0	0	0	1	0	1.0	0.0	0.0	1.0
ZNF423	NA	3855	2	0	0	0	0	0	2	0	1.0	0.0	0.0	-0.0
ZSCAN32	NA	2094	0	1	0	0	0	0	0	0	1.0	0.0	0.0	1.0
ZNF469	NA	11778	2	0	0	0	0	0	2	0	1.0	0.0	0.0	-0.0
ZNF500	NA	1443	2	0	0	0	0	0	2	0	1.0	0.0	0.0	1.0
ZNF598	NA	2715	1	0	0	0	0	0	1	0	1.0	0.0	0.0	1.0
ZNF821	NA	1239	0	1	0	0	0	0	0	0	1.0	0.0	0.0	1.0
ZSCAN10	NA	2178	0	1	0	0	0	0	0	0	1.0	0.0	0.0	1.0
ADAMTS13	NA	4284	0	2	0	0	0	0	0	0	1.0	0.0	0.0	1.0
ADAMTSL1	NA	5289	0	1	0	0	0	0	0	0	1.0	0.0	0.0	1.0
AK3	NA	684	2	0	0	0	0	0	2	0	1.0	0.0	0.0	-0.0
AKNA	NA	4320	0	2	0	0	0	0	0	0	1.0	0.0	0.0	1.0
AMBP	NA	1059	0	1	0	0	0	0	0	0	1.0	0.0	0.0	1.0
ATP6V1G1	NA	357	1	0	0	0	0	0	1	0	1.0	0.0	0.0	1.0
C9orf152	NA	720	1	0	0	0	0	0	1	0	1.0	0.0	0.0	1.0
C9orf85	NA	474	0	1	0	0	0	0	0	0	1.0	0.0	0.0	1.0
CAMSAP1	NA	4809	1	0	1	0	0	0	0	0	1.0	0.0	0.0	1.0
CDC37L1	NA	1014	2	0	0	0	0	0	2	0	1.0	0.0	0.0	-0.0
CDKN2A	NA	504	1	0	0	0	0	0	1	0	1.0	0.0	0.0	1.0
CNTLN	NA	4221	1	1	0	0	0	0	1	0	1.0	0.0	0.0	1.0
CNTNAP3	NA	3867	2	0	0	0	0	0	2	0	1.0	0.0	0.0	-0.0
CNTRL	NA	6978	0	1	0	0	0	0	0	0	1.0	0.0	0.0	1.0
COL5A1	NA	5517	0	1	0	0	0	0	0	0	1.0	0.0	0.0	1.0
CRAT	NA	1881	1	0	0	0	0	0	1	0	1.0	0.0	0.0	1.0
DAPK1	NA	4293	3	0	0	0	0	0	3	0	1.0	0.0	0.0	0.579380164285695
DENND1A	NA	3030	1	0	0	0	0	0	1	0	1.0	0.0	0.0	1.0
DENND4C	NA	5730	1	0	0	0	0	0	1	0	1.0	0.0	0.0	1.0
DNAI1	NA	2100	1	0	0	0	0	0	1	0	1.0	0.0	0.0	1.0
ECM2	NA	2100	1	0	0	0	0	0	1	0	1.0	0.0	0.0	1.0
ABHD17B	NA	882	1	0	0	0	0	0	1	0	1.0	0.0	0.0	1.0
GCNT1	NA	1287	1	0	0	0	0	0	1	0	1.0	0.0	0.0	1.0
GPR21	NA	1050	1	0	0	0	0	0	1	0	1.0	0.0	0.0	1.0
HAUS6	NA	2868	2	0	0	0	0	0	2	0	1.0	0.0	0.0	-0.0
IARS	NA	3789	1	0	0	0	0	0	1	0	1.0	0.0	0.0	1.0
IL33	NA	813	1	0	0	0	0	0	1	0	1.0	0.0	0.0	1.0
KCNV2	NA	1638	1	0	1	0	0	0	0	0	1.0	0.0	0.0	1.0
KIAA2026	NA	6312	0	2	0	0	0	0	0	0	1.0	0.0	0.0	1.0
LCN12	NA	579	1	0	0	0	0	0	1	0	1.0	0.0	0.0	1.0
MPDZ	NA	6126	3	1	0	0	0	0	3	0	1.0	0.0	1.0	0.8277293767706428
NAA35	NA	2178	1	0	0	0	0	0	1	0	1.0	0.0	0.0	1.0
NEK6	NA	1044	1	0	0	0	0	0	1	0	1.0	0.0	0.0	1.0
NOTCH1	NA	7668	1	0	0	0	0	0	1	0	1.0	0.0	0.0	1.0
NPR2	NA	3144	3	0	0	0	0	0	3	0	1.0	0.0	0.0	0.579380164285695
ODF2	NA	2682	2	0	0	0	0	0	2	0	1.0	0.0	0.0	1.0
ORM1	NA	606	1	0	0	0	0	0	1	0	1.0	0.0	0.0	1.0
PDCL	NA	906	2	0	2	0	0	0	0	0	1.0	0.0	0.0	-0.0
PTCH1	NA	4344	2	0	0	0	0	0	2	0	1.0	0.0	0.0	-0.0
PTPN3	NA	2742	1	0	0	0	0	0	1	0	1.0	0.0	0.0	1.0
RABGAP1	NA	3210	5	1	0	0	0	0	5	4	0.3109175070825711	0.0	0.0	0.4841962570206112
RABL6	NA	2193	1	0	0	1	0	0	0	0	1.0	0.0	0.0	1.0
RECK	NA	2916	0	1	0	0	0	0	0	0	1.0	0.0	0.0	1.0
ROR2	NA	2832	2	0	0	0	0	0	2	0	1.0	0.0	0.0	-0.0
SETX	NA	8034	1	0	0	0	0	0	1	0	1.0	0.0	0.0	1.0
SNX30	NA	1314	1	0	0	0	0	0	1	0	1.0	0.0	0.0	1.0
SPATA31D1	NA	4731	2	0	0	0	0	0	2	0	1.0	0.0	0.0	-0.0
SVEP1	NA	10716	0	1	0	0	0	0	0	0	1.0	0.0	0.0	1.0
TLE4	NA	2322	1	0	0	0	0	0	1	0	1.0	0.0	0.0	1.0
TMEM2	NA	4152	0	2	0	0	0	0	0	0	1.0	0.0	0.0	1.0
TMEM245	NA	2640	0	1	0	0	0	0	0	0	1.0	0.0	0.0	1.0
TSC1	NA	3495	1	0	0	0	0	0	1	0	1.0	0.0	0.0	1.0
TYRP1	NA	1614	0	1	0	0	0	0	0	0	1.0	0.0	0.0	1.0
UBAP2	NA	3360	1	0	0	0	0	0	1	0	1.0	0.0	0.0	1.0
AGTR2	NA	1092	0	2	0	0	0	0	0	0	1.0	0.0	0.0	1.0
ARSE	NA	1770	0	1	0	0	0	0	0	0	1.0	0.0	0.0	1.0
ARSF	NA	1773	1	0	0	0	0	0	1	0	1.0	0.0	0.0	1.0
ATP11C	NA	3399	0	1	0	0	0	0	0	0	1.0	0.0	0.0	1.0
BCOR	NA	5268	3	0	0	0	0	0	3	0	1.0	0.0	0.0	0.579380164285695
BMP15	NA	1179	1	0	0	0	0	0	1	0	1.0	0.0	0.0	1.0
BRWD3	NA	5409	1	0	0	0	0	0	1	0	1.0	0.0	0.0	1.0
CACNA1F	NA	5934	1	2	1	0	0	0	0	0	1.0	0.0	0.0	1.0
CCNB3	NA	4188	1	0	0	0	0	0	1	0	1.0	0.0	0.0	1.0
CENPI	NA	2271	1	0	0	0	0	0	1	0	1.0	0.0	0.0	1.0
CXorf57	NA	2568	3	0	0	0	0	0	3	0	1.0	0.0	0.0	0.579380164285695
CYBB	NA	1713	1	0	0	0	0	0	1	0	1.0	0.0	0.0	1.0
CYSLTR1	NA	1014	1	0	0	0	0	0	1	0	1.0	0.0	0.0	1.0
DMD	NA	11058	2	0	2	0	0	0	0	0	1.0	0.0	0.0	-0.0
ELF4	NA	1992	2	0	2	0	0	0	0	0	1.0	0.0	0.0	-0.0
ELK1	NA	1287	1	0	0	0	0	0	1	0	1.0	0.0	0.0	1.0
F9	NA	1386	0	1	0	0	0	0	0	0	1.0	0.0	0.0	1.0
FAM127A	NA	342	2	0	0	0	0	0	2	0	1.0	0.0	0.0	-0.0
FAM47C	NA	3108	2	0	0	0	0	0	2	0	1.0	0.0	0.0	-0.0
FLNA	NA	7944	1	0	0	0	0	0	1	0	1.0	0.0	0.0	1.0
GLRA2	NA	1359	0	2	0	0	0	0	0	0	1.0	0.0	0.0	1.0
GUCY2F	NA	3327	0	2	0	0	0	0	0	0	1.0	0.0	0.0	1.0
GYG2	NA	1506	2	0	0	0	0	0	2	0	1.0	0.0	0.0	-0.0
HDX	NA	2073	1	0	0	0	0	0	1	0	1.0	0.0	0.0	1.0
MAGEA1	NA	930	2	0	1	0	0	0	1	0	1.0	2.0	0.0	0.4056390622295664
MAGEC1	NA	3429	3	0	0	0	0	0	3	0	1.0	0.0	0.0	0.579380164285695
MAGED1	NA	2505	3	1	2	0	0	0	1	0	1.0	0.0	0.0	0.75
MAGEE1	NA	2874	1	0	0	0	0	0	1	0	1.0	0.0	0.0	1.0
MAGEH1	NA	660	0	1	0	0	0	0	0	0	1.0	0.0	0.0	1.0
MAOB	NA	1563	2	0	0	0	0	0	2	0	1.0	0.0	0.0	-0.0
NONO	NA	1416	2	0	2	0	0	0	0	0	1.0	0.0	0.0	-0.0
NRK	NA	4749	1	0	0	0	0	0	1	0	1.0	0.0	0.0	1.0
NXF5	NA	1098	1	0	0	0	0	0	1	0	1.0	0.0	0.0	1.0
PCDH11X	NA	4044	2	0	0	0	0	0	2	0	1.0	0.0	0.0	-0.0
PHKA1	NA	3672	4	0	2	0	0	0	2	0	1.0	0.0	0.0	0.5
PHKA2	NA	3708	0	1	0	0	0	0	0	0	1.0	0.0	0.0	1.0
PJA1	NA	1932	1	0	0	0	0	0	1	0	1.0	0.0	0.0	1.0
RBMX	NA	1176	0	1	0	0	0	0	0	0	1.0	0.0	0.0	1.0
RBMXL3	NA	3204	1	0	0	0	0	0	1	0	1.0	0.0	0.0	1.0
RPL36A-HNRNPH2	NA	465	2	0	2	0	0	0	0	0	1.0	0.0	0.0	-0.0
RPS6KA3	NA	2223	1	2	0	0	0	0	1	0	1.0	0.0	0.0	1.0
SRPX2	NA	1398	2	0	0	0	0	0	2	0	1.0	0.0	0.0	-0.0
STAG2	NA	3807	1	0	0	0	0	0	1	0	1.0	0.0	0.0	1.0
TENM1	NA	8199	3	0	0	0	0	0	3	0	1.0	0.0	0.0	0.579380164285695
USP9X	NA	7713	4	0	2	0	0	0	2	0	1.0	0.0	0.0	0.5
ZCCHC5	NA	1428	0	2	0	0	0	0	0	0	1.0	0.0	0.0	1.0
ZFP92	NA	1251	0	1	0	0	0	0	0	0	1.0	0.0	0.0	1.0
ZNF449	NA	1557	2	0	2	0	0	0	0	0	1.0	0.0	0.0	-0.0
ZNF630	NA	1974	1	0	0	0	0	0	1	0	1.0	0.0	0.0	1.0
A1CF	NA	1809	1	0	0	0	0	0	1	0	1.0	0.0	0.0	1.0
ABCC2	NA	4638	1	0	0	0	0	0	1	0	1.0	0.0	0.0	1.0
ACSL5	NA	2220	1	0	0	0	0	0	1	0	1.0	0.0	0.0	1.0
AGAP5	NA	2061	1	0	0	0	0	0	1	0	1.0	0.0	0.0	1.0
ARMC4	NA	3135	1	0	0	0	0	0	1	0	1.0	0.0	0.0	1.0
ASCC1	NA	1203	1	0	1	0	0	0	0	0	1.0	0.0	0.0	1.0
ATE1	NA	1557	1	0	0	0	0	0	1	0	1.0	0.0	0.0	1.0
C10orf62	NA	672	0	1	0	0	0	0	0	0	1.0	0.0	0.0	1.0
CDH23	NA	10065	0	1	0	0	0	0	0	0	1.0	0.0	0.0	1.0
CUBN	NA	10872	0	1	0	0	0	0	0	0	1.0	0.0	0.0	1.0
CUZD1	NA	1824	0	1	0	0	0	0	0	0	1.0	0.0	0.0	1.0
DIP2C	NA	4671	0	1	0	0	0	0	0	0	1.0	0.0	0.0	1.0
DLG5	NA	5760	1	0	0	0	0	0	1	0	1.0	0.0	0.0	1.0
DNAJC9	NA	783	1	0	0	0	0	0	1	0	1.0	0.0	0.0	1.0
DRGX	NA	792	1	0	0	0	0	0	1	0	1.0	0.0	0.0	1.0
EPC1	NA	2511	1	0	0	0	0	0	1	0	1.0	0.0	0.0	1.0
FAM208B	NA	7293	1	0	0	0	0	0	1	0	1.0	0.0	0.0	1.0
FGFR2	NA	2469	1	0	0	0	0	0	1	0	1.0	0.0	2.0	0.579380164285695
IDE	NA	3060	1	0	0	0	0	0	1	0	1.0	0.0	0.0	1.0
IKZF5	NA	1260	1	0	0	0	0	0	1	0	1.0	0.0	0.0	1.0
INPP5F	NA	3399	0	1	0	0	0	0	0	0	1.0	0.0	0.0	1.0
JMJD1C	NA	7623	1	2	0	0	0	0	1	0	1.0	0.0	0.0	1.0
KCNIP2	NA	858	1	0	0	0	0	0	1	0	1.0	0.0	0.0	1.0
KCNMA1	NA	3711	1	0	0	0	0	0	1	0	1.0	0.0	0.0	1.0
KIAA1462	NA	4080	1	0	0	0	0	0	1	0	1.0	0.0	0.0	1.0
LRRTM3	NA	1746	0	1	0	0	0	0	0	0	1.0	0.0	0.0	1.0
MGEA5	NA	2751	1	0	0	0	0	0	1	0	1.0	0.0	0.0	1.0
MKI67	NA	9771	1	0	0	0	0	0	1	0	1.0	0.0	0.0	1.0
MRPS16	NA	414	1	0	0	0	0	0	1	0	1.0	0.0	0.0	1.0
MSRB2	NA	549	1	0	0	0	0	0	1	0	1.0	0.0	0.0	1.0
MYPN	NA	3963	2	0	0	0	0	0	2	0	1.0	0.0	0.0	-0.0
NET1	NA	1791	0	1	0	0	0	0	0	0	1.0	0.0	0.0	1.0
NHLRC2	NA	2181	1	0	0	0	0	0	1	0	1.0	0.0	0.0	1.0
PAOX	NA	1536	1	0	0	0	0	0	1	0	1.0	0.0	0.0	1.0
PCGF5	NA	771	1	0	0	0	0	0	1	0	1.0	0.0	0.0	1.0
PHYH	NA	1017	2	0	0	0	0	0	2	0	1.0	0.0	0.0	-0.0
PPP1R3C	NA	954	1	0	0	0	0	0	1	0	1.0	0.0	0.0	1.0
PPP3CB	NA	1578	0	1	0	0	0	0	0	0	1.0	0.0	0.0	1.0
PRKCQ	NA	2121	1	0	0	0	0	0	1	0	1.0	0.0	0.0	1.0
PRKG1	NA	2061	1	0	0	0	0	0	1	0	1.0	0.0	0.0	1.0
RET	NA	3345	1	0	0	0	0	0	1	0	1.0	0.0	0.0	1.0
RHOBTB1	NA	2091	2	0	0	0	0	0	2	0	1.0	0.0	0.0	-0.0
RPS24	NA	870	1	0	0	0	0	0	1	0	1.0	0.0	0.0	1.0
SKIDA1	NA	2727	1	0	0	0	0	0	1	0	1.0	0.0	0.0	1.0
SLC25A16	NA	999	1	0	0	0	0	0	1	0	1.0	0.0	0.0	1.0
SMC3	NA	3654	2	0	2	0	0	0	0	0	1.0	0.0	0.0	-0.0
SORBS1	NA	3879	0	2	0	0	0	0	0	0	1.0	0.0	0.0	1.0
STK32C	NA	1461	1	0	0	0	0	0	1	0	1.0	0.0	0.0	1.0
TCF7L2	NA	1809	0	1	0	0	0	0	0	0	1.0	0.0	0.0	1.0
TIMM23	NA	630	1	0	0	0	0	0	1	0	1.0	0.0	0.0	1.0
TM9SF3	NA	1770	2	0	0	0	0	0	2	0	1.0	0.0	0.0	-0.0
TRUB1	NA	1050	1	0	1	0	0	0	0	0	1.0	0.0	0.0	1.0
VENTX	NA	777	0	1	0	0	0	0	0	0	1.0	0.0	0.0	1.0
WDFY4	NA	9555	2	0	1	0	1	0	0	0	1.0	0.0	0.0	-0.0
XPNPEP1	NA	2001	3	0	0	0	0	0	3	0	1.0	0.0	0.0	0.579380164285695
ADH6	NA	1128	1	0	0	0	0	0	1	0	1.0	0.0	0.0	1.0
ANK2	NA	11874	2	0	0	0	0	0	2	0	1.0	0.0	0.0	-0.0
ARHGEF38	NA	2334	1	0	1	0	0	0	0	0	1.0	0.0	0.0	1.0
BBS7	NA	2148	2	0	0	0	0	0	2	0	1.0	0.0	0.0	-0.0
CENPE	NA	8106	1	0	0	0	0	0	1	0	1.0	0.0	0.0	1.0
EXOC1	NA	2685	0	1	0	0	0	0	0	0	1.0	0.0	0.0	1.0
FAT1	NA	13767	2	0	0	0	0	0	2	0	1.0	0.0	0.0	-0.0
FGFRL1	NA	1515	2	0	0	0	0	0	2	0	1.0	0.0	0.0	-0.0
FRAS1	NA	12039	1	0	0	0	0	0	1	0	1.0	0.0	0.0	1.0
GABRA4	NA	1665	1	0	0	0	0	0	1	0	1.0	0.0	0.0	1.0
HELQ	NA	3306	2	0	0	0	0	0	2	0	1.0	0.0	0.0	-0.0
KCNIP4	NA	693	1	0	0	0	0	0	1	0	1.0	0.0	0.0	1.0
KIAA1109	NA	15018	0	2	0	0	0	0	0	0	1.0	1.0	0.0	1.0
LAP3	NA	1560	1	0	0	0	0	0	1	0	1.0	0.0	0.0	1.0
LIAS	NA	1119	2	0	0	0	0	0	2	0	1.0	0.0	0.0	-0.0
MED28	NA	537	1	0	0	0	0	0	1	0	1.0	0.0	0.0	1.0
CENPU	NA	1257	0	1	0	0	0	0	0	0	1.0	0.0	0.0	1.0
N4BP2	NA	5313	1	0	0	0	0	0	1	0	1.0	0.0	0.0	1.0
NOA1	NA	2097	0	2	0	0	0	0	0	0	1.0	0.0	0.0	1.0
PALLD	NA	3372	1	0	0	0	0	0	1	0	1.0	0.0	0.0	1.0
PCDH7	NA	3768	2	0	0	0	0	0	2	0	1.0	0.0	0.0	-0.0
RAPGEF2	NA	4500	1	0	0	0	0	0	1	0	1.0	0.0	0.0	1.0
SEC31A	NA	3663	1	0	0	0	0	0	1	0	1.0	0.0	0.0	1.0
SLC10A7	NA	1023	1	0	0	0	0	0	1	0	1.0	0.0	0.0	1.0
SPATA4	NA	918	2	0	0	0	0	0	2	0	1.0	0.0	0.0	-0.0
TACC3	NA	2517	0	2	0	0	0	0	0	0	1.0	0.0	0.0	1.0
TDO2	NA	1221	0	1	0	0	0	0	0	0	1.0	0.0	0.0	1.0
TLR1	NA	2361	2	0	0	0	0	0	2	0	1.0	0.0	0.0	-0.0
TLR3	NA	2715	0	2	0	0	0	0	0	0	1.0	0.0	0.0	1.0
TMEM128	NA	426	0	1	0	0	0	0	0	0	1.0	0.0	0.0	1.0
TMEM150C	NA	750	1	0	0	0	0	0	1	0	1.0	0.0	0.0	1.0
TMPRSS11A	NA	1266	2	0	0	0	0	0	2	0	1.0	0.0	0.0	-0.0
TMPRSS11B	NA	1251	1	0	0	0	0	0	1	0	1.0	0.0	0.0	1.0
UGT2B17	NA	1593	1	0	0	0	0	0	1	0	1.0	0.0	0.0	1.0
WDFY3	NA	10581	1	0	0	0	0	0	1	0	1.0	0.0	0.0	1.0
ZCCHC4	NA	1542	0	1	0	0	0	0	0	0	1.0	0.0	0.0	1.0
ASH2L	NA	1887	1	0	0	0	0	0	1	0	1.0	0.0	0.0	1.0
ATAD2	NA	4173	0	2	0	0	0	0	0	0	1.0	0.0	0.0	1.0
BLK	NA	1518	2	0	0	0	0	0	2	0	1.0	0.0	0.0	-0.0
C8orf33	NA	690	1	0	0	0	0	0	1	0	1.0	0.0	0.0	1.0
CHD7	NA	8994	1	0	1	0	0	0	0	0	1.0	0.0	0.0	1.0
COL22A1	NA	4881	0	1	0	0	0	0	0	0	1.0	0.0	0.0	1.0
CPSF1	NA	4332	0	1	0	0	0	0	0	0	1.0	0.0	0.0	1.0
CSMD1	NA	10695	0	1	0	0	0	0	0	0	1.0	0.0	0.0	1.0
CTSB	NA	1020	1	0	0	0	0	0	1	0	1.0	0.0	0.0	1.0
CYC1	NA	978	1	0	1	0	0	0	0	0	1.0	0.0	0.0	1.0
DCAF4L2	NA	1188	2	0	0	0	0	0	2	0	1.0	0.0	0.0	-0.0
DGAT1	NA	1467	1	0	0	0	0	0	1	0	1.0	0.0	0.0	1.0
EIF3H	NA	1059	2	0	0	0	0	0	2	0	1.0	0.0	0.0	-0.0
FAM83H	NA	3540	1	0	0	0	0	0	1	0	1.0	0.0	0.0	1.0
FER1L6	NA	5574	0	1	0	0	0	0	0	0	1.0	0.0	0.0	1.0
HSF1	NA	1590	1	0	0	0	0	0	1	0	1.0	0.0	0.0	1.0
HTRA4	NA	1431	2	0	0	0	0	0	2	0	1.0	0.0	0.0	-0.0
IMPA1	NA	1011	1	0	0	0	0	0	1	0	1.0	0.0	0.0	1.0
INTS10	NA	2133	1	0	0	0	0	0	1	0	1.0	0.0	0.0	1.0
KCNQ3	NA	2619	2	0	0	0	0	0	2	0	1.0	0.0	0.0	-0.0
LOXL2	NA	2325	0	1	0	0	0	0	0	0	1.0	0.0	0.0	1.0
LRP12	NA	2580	0	2	0	0	0	0	0	0	1.0	0.0	0.0	1.0
MTUS1	NA	3813	1	0	0	0	0	0	1	0	1.0	0.0	0.0	1.0
OC90	NA	1434	0	2	0	0	0	0	0	0	1.0	0.0	0.0	1.0
PARP10	NA	3078	0	1	0	0	0	0	0	0	1.0	0.0	0.0	1.0
PDP1	NA	1689	1	0	0	0	0	0	1	0	1.0	0.0	0.0	1.0
PHF20L1	NA	3054	2	0	1	0	0	0	1	0	1.0	0.0	0.0	1.0
PHYHIP	NA	993	2	0	0	0	0	0	2	0	1.0	0.0	0.0	-0.0
PI15	NA	777	2	2	0	0	0	0	2	0	1.0	0.0	0.0	0.75
PINX1	NA	987	0	1	0	0	0	0	0	0	1.0	0.0	0.0	1.0
PIWIL2	NA	2922	0	1	0	0	0	0	0	0	1.0	0.0	0.0	1.0
PLEC	NA	14055	2	0	2	0	0	0	0	0	1.0	0.0	0.0	-0.0
PPP1R16A	NA	1587	1	0	0	0	0	0	1	0	1.0	0.0	0.0	1.0
PREX2	NA	4821	2	0	0	0	0	0	2	0	1.0	0.0	0.0	-0.0
PSD3	NA	3144	1	0	0	0	0	0	1	0	1.0	0.0	0.0	1.0
PSKH2	NA	1158	1	0	0	0	0	0	1	0	1.0	0.0	0.0	1.0
PTK2	NA	3225	1	0	0	0	0	0	1	0	1.0	0.0	0.0	1.0
PXDNL	NA	4392	1	0	1	0	0	0	0	0	1.0	0.0	0.0	1.0
RB1CC1	NA	4785	0	1	0	0	0	0	0	0	1.0	0.0	0.0	1.0
RHPN1	NA	2013	0	1	0	0	0	0	0	0	1.0	0.0	0.0	1.0
RIPK2	NA	1623	1	0	0	0	0	0	1	0	1.0	0.0	0.0	1.0
RP1	NA	6471	0	1	0	0	0	0	0	0	1.0	0.0	0.0	1.0
SDR16C5	NA	930	1	1	1	0	0	0	0	0	1.0	0.0	0.0	1.0
SLC39A4	NA	1944	2	0	0	0	0	0	2	0	1.0	0.0	0.0	-0.0
SLC7A2	NA	2097	0	2	0	0	0	0	0	0	1.0	0.0	0.0	1.0
TAF2	NA	3600	0	1	0	0	0	0	0	0	1.0	0.0	0.0	1.0
TNFRSF10D	NA	1161	1	0	0	0	0	0	1	0	1.0	0.0	0.0	1.0
TRAM1	NA	1125	1	0	0	0	0	0	1	0	1.0	0.0	0.0	1.0
TRAPPC9	NA	3741	1	0	1	0	0	0	0	0	1.0	0.0	0.0	1.0
TRPS1	NA	3885	0	1	0	0	0	0	0	0	1.0	0.0	0.0	1.0
UBR5	NA	8400	2	0	0	0	0	0	2	0	1.0	0.0	0.0	1.0
UNC5D	NA	2862	1	0	0	0	0	0	1	0	1.0	0.0	0.0	1.0
WHSC1L1	NA	4314	1	0	0	0	0	0	1	0	1.0	0.0	0.0	1.0
WWP1	NA	2769	1	0	0	0	0	0	1	0	1.0	0.0	0.0	1.0
XKR4	NA	1953	2	0	0	0	0	0	2	0	1.0	0.0	0.0	1.0
ZHX2	NA	2514	1	0	0	0	0	0	1	0	1.0	0.0	0.0	1.0
ZNF703	NA	1773	1	0	0	0	0	0	1	0	1.0	0.0	0.0	1.0
ACTC1	NA	1134	2	0	0	0	0	0	2	0	1.0	0.0	0.0	-0.0
ALPK3	NA	5724	1	1	0	0	0	0	1	0	1.0	0.0	0.0	1.0
AP3S2	NA	582	2	0	0	0	0	0	2	0	1.0	0.0	0.0	1.0
ASB7	NA	957	1	0	0	0	0	0	1	0	1.0	0.0	0.0	1.0
B2M	NA	360	1	0	0	0	0	0	1	0	1.0	0.0	0.0	1.0
C15orf52	NA	1605	1	0	0	0	0	0	1	0	1.0	0.0	0.0	1.0
CHRNA5	NA	1407	2	0	0	0	0	0	2	0	1.0	0.0	0.0	-0.0
CSPG4	NA	6969	0	1	0	0	0	0	0	0	1.0	0.0	0.0	1.0
DMXL2	NA	9114	0	1	0	0	0	0	0	0	1.0	0.0	0.0	1.0
EMC4	NA	552	0	1	0	0	0	0	0	0	1.0	0.0	0.0	1.0
EXD1	NA	1545	0	1	0	0	0	0	0	0	1.0	0.0	0.0	1.0
FAH	NA	1260	1	0	0	0	0	0	1	0	1.0	0.0	0.0	1.0
FMN1	NA	3591	1	0	0	0	0	0	1	0	1.0	0.0	0.0	1.0
GABRB3	NA	1422	2	0	0	0	0	0	2	0	1.0	0.0	0.0	-0.0
GOLGA6A	NA	2082	1	0	0	0	0	0	1	0	1.0	0.0	0.0	1.0
IMP3	NA	555	1	0	0	0	0	0	1	0	1.0	0.0	0.0	1.0
ISL2	NA	1080	0	1	0	0	0	0	0	0	1.0	0.0	0.0	1.0
ISLR2	NA	2238	0	1	0	0	0	0	0	0	1.0	0.0	0.0	1.0
KIAA1024	NA	2751	1	1	0	0	0	0	1	0	1.0	0.0	0.0	1.0
LEO1	NA	2001	1	0	0	0	0	0	1	0	1.0	0.0	0.0	1.0
MAGEL2	NA	3750	1	0	0	0	0	0	1	0	1.0	0.0	0.0	1.0
MAP2K1	NA	1182	2	0	0	0	0	0	2	0	1.0	0.0	0.0	-0.0
MEIS2	NA	1434	1	0	0	0	0	0	1	0	1.0	0.0	0.0	1.0
MGA	NA	9198	1	0	1	0	0	0	0	0	1.0	0.0	0.0	1.0
MYO5C	NA	5229	2	0	0	0	0	0	2	0	1.0	0.0	0.0	-0.0
NDN	NA	966	1	0	0	0	0	0	1	0	1.0	0.0	0.0	1.0
NPTN	NA	1197	0	2	0	0	0	0	0	0	1.0	0.0	0.0	1.0
NTRK3	NA	2520	2	0	0	0	0	0	2	0	1.0	0.0	0.0	-0.0
PLA2G4D	NA	2457	1	0	0	0	0	0	1	0	1.0	0.0	0.0	1.0
PLA2G4E	NA	2607	2	0	0	0	0	0	2	0	1.0	0.0	0.0	-0.0
RYR3	NA	14613	1	0	0	0	0	0	1	0	1.0	0.0	0.0	1.0
SCG5	NA	639	2	0	2	0	0	0	0	0	1.0	0.0	0.0	-0.0
SLC12A1	NA	3300	1	0	1	0	0	0	0	0	1.0	0.0	0.0	1.0
SLC12A6	NA	3453	2	0	0	0	0	0	2	0	1.0	0.0	0.0	-0.0
SPTBN5	NA	11025	1	0	0	0	0	0	1	0	1.0	0.0	0.0	1.0
STARD5	NA	642	1	0	0	0	0	0	1	0	1.0	0.0	0.0	1.0
UBR1	NA	5250	4	0	0	0	0	0	4	0	1.0	0.0	0.0	0.5
UNC13C	NA	6645	1	0	0	0	0	0	1	0	1.0	0.0	0.0	1.0
VPS33B	NA	1854	2	0	0	0	0	0	2	0	1.0	0.0	0.0	-0.0
WDR61	NA	918	0	1	0	0	0	0	0	0	1.0	0.0	0.0	1.0
ZFAND6	NA	627	1	0	0	0	0	0	1	0	1.0	0.0	0.0	1.0
ZNF770	NA	2076	0	1	0	0	0	0	0	0	1.0	0.0	0.0	1.0
ADAM33	NA	2442	1	0	0	0	0	0	1	0	1.0	0.0	0.0	1.0
APMAP	NA	1251	0	1	0	0	0	0	0	0	1.0	0.0	0.0	1.0
BFSP1	NA	1998	1	0	0	0	0	0	1	0	1.0	0.0	0.0	1.0
BMP7	NA	1296	0	1	0	0	0	0	0	0	1.0	0.0	0.0	1.0
CDH26	NA	2499	0	2	0	0	0	0	0	0	1.0	0.0	0.0	1.0
CNBD2	NA	1719	1	0	0	0	0	0	1	0	1.0	0.0	0.0	1.0
COL20A1	NA	3855	1	1	0	0	0	0	1	0	1.0	0.0	0.0	1.0
CSE1L	NA	2916	2	0	0	0	0	0	2	0	1.0	0.0	0.0	-0.0
EDEM2	NA	1737	2	0	0	0	0	0	2	0	1.0	0.0	0.0	1.0
FAM209A	NA	516	2	0	2	0	0	0	0	0	1.0	0.0	0.0	-0.0
FOXA2	NA	1392	1	0	0	0	0	0	1	0	1.0	0.0	0.0	1.0
GZF1	NA	2136	1	1	0	0	0	0	1	0	1.0	0.0	0.0	1.0
HRH3	NA	1338	1	0	0	0	0	0	1	0	1.0	0.0	0.0	1.0
HSPA12B	NA	2061	1	0	0	0	0	0	1	0	1.0	0.0	0.0	1.0
KCNG1	NA	1542	1	0	0	0	0	0	1	0	1.0	0.0	0.0	1.0
LAMA5	NA	11088	1	0	0	0	0	0	1	0	1.0	0.0	0.0	1.0
MYH7B	NA	5952	1	0	0	0	0	0	1	0	1.0	0.0	0.0	1.0
NPBWR2	NA	1002	1	0	0	0	0	0	1	0	1.0	0.0	0.0	1.0
PXMP4	NA	639	1	0	0	0	0	0	1	0	1.0	0.0	0.0	1.0
RALGAPB	NA	4485	2	0	1	0	0	0	1	0	1.0	0.0	0.0	1.0
ROMO1	NA	240	0	1	0	0	0	0	0	0	1.0	0.0	0.0	1.0
RPRD1B	NA	981	1	0	0	0	0	0	1	0	1.0	0.0	0.0	1.0
SLC23A2	NA	1953	0	1	0	0	0	0	0	0	1.0	0.0	0.0	1.0
SLC32A1	NA	1578	2	0	0	0	0	0	2	0	1.0	0.0	0.0	-0.0
SLMO2	NA	585	0	1	0	0	0	0	0	0	1.0	0.0	0.0	1.0
SNPH	NA	1485	1	0	0	0	0	0	1	0	1.0	0.0	0.0	1.0
SNX5	NA	1215	1	0	0	0	0	0	1	0	1.0	0.0	0.0	1.0
SPAG4	NA	1314	1	0	0	0	0	0	1	0	1.0	0.0	0.0	1.0
SYCP2	NA	4593	1	0	0	0	1	0	0	0	1.0	0.0	0.0	1.0
SYNDIG1	NA	777	2	0	0	0	0	0	2	0	1.0	0.0	0.0	-0.0
TTLL9	NA	1320	1	0	0	0	0	0	1	0	1.0	0.0	0.0	1.0
UCKL1	NA	1647	2	0	0	0	0	0	2	0	1.0	0.0	0.0	-0.0
ZSWIM3	NA	2091	1	0	0	0	0	0	1	0	1.0	0.0	0.0	1.0
ACO2	NA	2343	2	0	0	0	0	0	2	0	1.0	0.0	0.0	-0.0
AIFM3	NA	1818	1	0	0	0	0	0	1	0	1.0	0.0	0.0	1.0
APOL2	NA	1014	1	0	0	0	0	0	1	0	1.0	0.0	0.0	1.0
ASCC2	NA	2274	1	0	0	0	0	0	1	0	1.0	0.0	0.0	1.0
ATF4	NA	1056	1	0	0	0	0	0	1	0	1.0	0.0	0.0	1.0
CABIN1	NA	6663	1	0	0	0	0	0	1	0	1.0	0.0	0.0	1.0
CACNA1I	NA	6672	1	0	0	0	0	0	1	0	1.0	0.0	0.0	1.0
CACNG2	NA	972	0	1	0	0	0	0	0	0	1.0	0.0	0.0	1.0
CCT8L2	NA	1674	0	2	0	0	0	0	0	0	1.0	0.0	0.0	1.0
CHADL	NA	2289	2	0	0	0	0	0	2	0	1.0	0.0	0.0	-0.0
CHEK2	NA	1761	1	0	0	0	0	0	1	0	1.0	0.0	0.0	1.0
EFCAB6	NA	4506	1	0	0	0	0	0	1	0	1.0	0.0	0.0	1.0
EP300	NA	7245	2	0	0	0	0	0	2	0	1.0	0.0	0.0	1.0
GGT2	NA	1710	0	1	0	0	0	0	0	0	1.0	0.0	0.0	1.0
HIRA	NA	3054	0	2	0	0	0	0	0	0	1.0	0.0	0.0	1.0
ISX	NA	738	1	0	1	0	0	0	0	0	1.0	0.0	0.0	1.0
MEI1	NA	3825	0	1	0	0	0	0	0	0	1.0	0.0	0.0	1.0
MICAL3	NA	6009	0	1	0	0	0	0	0	0	1.0	0.0	0.0	1.0
MICALL1	NA	2592	1	0	0	0	0	0	1	0	1.0	0.0	0.0	1.0
MPPED1	NA	981	1	0	0	0	0	0	1	0	1.0	0.0	0.0	1.0
MYH9	NA	5883	1	0	0	0	1	0	0	0	1.0	0.0	0.0	1.0
PICK1	NA	1248	0	2	0	0	0	0	0	0	1.0	0.0	0.0	1.0
PLXNB2	NA	5517	1	0	0	0	0	0	1	0	1.0	0.0	0.0	1.0
RIMBP3	NA	4920	1	0	0	0	0	0	1	0	1.0	0.0	0.0	1.0
SEC14L4	NA	1221	1	0	0	0	0	0	1	0	1.0	0.0	0.0	1.0
SLC5A1	NA	1995	0	1	0	0	0	0	0	0	1.0	0.0	0.0	1.0
SULT4A1	NA	855	1	0	0	0	0	0	1	0	1.0	0.0	0.0	1.0
THOC5	NA	2052	4	0	0	0	0	0	4	4	0.0	0.0	0.0	-0.0
TOP3B	NA	2589	1	0	0	0	0	0	1	0	1.0	0.0	0.0	1.0
TTC28	NA	7446	1	0	0	0	0	0	1	0	1.0	0.0	0.0	1.0
TYMP	NA	1464	1	0	0	0	0	0	1	0	1.0	0.0	0.0	1.0
UFD1L	NA	924	1	0	0	0	0	0	1	0	1.0	0.0	0.0	1.0
UPK3A	NA	864	0	1	0	0	0	0	0	0	1.0	0.0	0.0	1.0
ZBED4	NA	3516	1	0	0	0	0	0	1	0	1.0	0.0	0.0	1.0
ZNF74	NA	1935	1	0	0	0	0	0	1	0	1.0	0.0	0.0	1.0
ZNRF3	NA	2811	1	0	0	0	0	0	1	0	1.0	0.0	0.0	1.0
AKAP11	NA	5706	2	0	0	0	0	0	2	0	1.0	0.0	0.0	-0.0
ALG11	NA	1479	0	1	0	0	0	0	0	0	1.0	0.0	0.0	1.0
ATP7B	NA	4398	1	0	0	0	0	0	1	0	1.0	0.0	0.0	1.0
BRCA2	NA	10257	2	0	0	0	0	0	2	0	1.0	0.0	0.0	-0.0
CCDC168	NA	21246	1	0	0	0	0	0	1	0	1.0	0.0	0.0	1.0
CHAMP1	NA	2439	3	0	0	0	0	0	3	0	1.0	0.0	0.0	0.579380164285695
DOCK9	NA	6206	2	0	0	0	0	0	2	0	1.0	0.0	0.0	-0.0
ENOX1	NA	1932	0	1	0	0	0	0	0	0	1.0	0.0	0.0	1.0
SUPT20H	NA	2436	2	1	0	0	0	0	2	0	1.0	0.0	0.0	0.579380164285695
FREM2	NA	9510	2	0	0	0	0	0	2	0	1.0	0.0	0.0	-0.0
LRRC63	NA	1746	1	0	0	0	0	0	1	0	1.0	0.0	0.0	1.0
PSPC1	NA	1572	2	0	0	0	0	0	2	0	1.0	0.0	0.0	-0.0
SAP18	NA	519	0	2	0	0	0	0	0	0	1.0	0.0	0.0	1.0
TMTC4	NA	2283	1	0	0	0	0	0	1	0	1.0	0.0	0.0	1.0
TRPC4	NA	2949	2	0	0	0	0	0	2	0	1.0	0.0	0.0	-0.0
TUBGCP3	NA	2724	1	0	0	0	0	0	1	0	1.0	0.0	0.0	1.0
USP12	NA	1113	0	1	0	0	0	0	0	0	1.0	0.0	0.0	1.0
USPL1	NA	3279	1	0	0	0	0	0	1	0	1.0	0.0	0.0	1.0
UTP14C	NA	2301	1	0	0	0	0	0	1	0	1.0	0.0	0.0	1.0
VWA8	NA	5718	1	0	0	0	0	0	1	0	1.0	0.0	0.0	1.0
WBP4	NA	1131	1	0	0	0	0	0	1	0	1.0	0.0	0.0	1.0
ANKRD12	NA	6189	1	0	0	0	0	0	1	0	1.0	0.0	0.0	1.0
ANKRD62	NA	2712	2	1	0	0	0	0	2	0	1.0	0.0	0.0	0.579380164285695
ARHGAP28	NA	1713	2	0	0	0	0	0	2	0	1.0	0.0	0.0	-0.0
ASXL3	NA	6747	1	0	0	0	0	0	1	0	1.0	0.0	0.0	1.0
ATP8B1	NA	3756	1	0	1	0	0	0	0	0	1.0	0.0	0.0	1.0
ATP9B	NA	3444	1	0	0	0	0	0	1	0	1.0	0.0	0.0	1.0
C18orf63	NA	2058	1	0	0	0	0	0	1	0	1.0	0.0	0.0	1.0
CCBE1	NA	1221	1	0	0	0	0	0	1	0	1.0	0.0	0.0	1.0
CDH2	NA	2721	1	0	0	0	0	0	1	0	1.0	0.0	0.0	1.0
CDH20	NA	2406	2	0	0	0	0	0	2	0	1.0	0.0	0.0	-0.0
CDH7	NA	2358	1	0	0	0	0	0	1	0	1.0	0.0	0.0	1.0
CELF4	NA	1461	0	2	0	0	0	0	0	0	1.0	0.0	0.0	1.0
CPLX4	NA	483	2	0	0	0	0	0	2	0	1.0	0.0	0.0	-0.0
CTIF	NA	1803	0	1	0	0	0	0	0	0	1.0	0.0	0.0	1.0
LAMA3	NA	10002	2	0	0	0	0	0	2	0	1.0	0.0	0.0	-0.0
MEX3C	NA	1980	1	0	0	0	0	0	1	0	1.0	0.0	0.0	1.0
MYO5B	NA	5547	2	0	0	0	0	0	2	0	1.0	0.0	0.0	-0.0
MYOM1	NA	5058	3	1	0	0	0	0	3	0	1.0	0.0	0.0	1.0
NOL4	NA	1917	0	1	0	0	0	0	0	0	1.0	0.0	0.0	1.0
PHLPP1	NA	5154	1	0	0	0	0	0	1	0	1.0	0.0	0.0	1.0
PIEZO2	NA	8259	2	0	0	0	0	0	2	0	1.0	0.0	0.0	-0.0
PPP4R1	NA	2853	1	0	0	0	0	0	1	0	1.0	0.0	0.0	1.0
RAB27B	NA	657	1	0	1	0	0	0	0	0	1.0	0.0	0.0	1.0
ROCK1	NA	4065	1	0	0	0	0	0	1	0	1.0	0.0	0.0	1.0
RTTN	NA	6681	2	0	0	0	0	0	2	0	1.0	0.0	0.0	-0.0
TTC39C	NA	1752	1	0	0	0	0	0	1	0	1.0	0.0	0.0	1.0
TTR	NA	444	1	0	0	0	0	0	1	0	1.0	0.0	0.0	1.0
APP	NA	2313	2	0	0	0	0	0	2	0	1.0	0.0	0.0	-0.0
BRWD1	NA	6963	1	0	0	0	0	0	1	0	1.0	0.0	0.0	1.0
BTG3	NA	891	1	0	0	0	0	0	1	0	1.0	0.0	0.0	1.0
PDE9A	NA	1782	1	0	0	0	0	0	1	0	1.0	0.0	0.0	1.0
PFKL	NA	2343	1	0	0	0	0	0	1	0	1.0	0.0	0.0	1.0
PRDM15	NA	4524	0	2	0	0	0	0	0	0	1.0	0.0	0.0	1.0
RIPK4	NA	2355	0	2	0	0	0	0	0	0	1.0	0.0	0.0	1.0
SIK1	NA	2352	1	0	0	0	0	0	1	0	1.0	0.0	0.0	1.0
SYNJ1	NA	4839	2	0	0	0	0	0	2	0	1.0	0.0	0.0	-0.0
ZBTB21	NA	3201	1	0	0	0	0	0	1	0	1.0	0.0	0.0	1.0
