gene	Total SNV Mutations	SNVs Unmapped to Ref Tx	inactivating count	inactivating p-value	inactivating BH q-value
IVL	2	0	2	1e-05	0.00097
GLTSCR1	2	0	2	0.00071	0.034435
KRT1	2	0	2	0.00114	0.036860000000000004
GTF2IRD1	2	0	2	0.00163	0.0395275
ELF4	2	0	2	0.00238	0.044481428571428575
DRAM2	2	0	2	0.00314	0.044481428571428575
UBE4B	2	0	2	0.00321	0.044481428571428575
CAND1	2	0	2	0.00467	0.04453916666666667
C11orf52	3	0	2	0.00477	0.04453916666666667
PTPRK	2	0	2	0.00489	0.04453916666666667
TGM1	2	0	2	0.00526	0.04453916666666667
DNAH2	2	0	2	0.00551	0.04453916666666667
SYDE2	1	0	1	0.00719	0.052186
RPL36A-HNRNPH2	2	0	2	0.00777	0.052186
STAB1	2	0	2	0.00807	0.052186
BCL3	3	0	2	0.00899	0.054501875
TRIP11	2	0	2	0.012087513598452799	0.06534450701948209
DMD	2	0	2	0.012137837280153422	0.06534450701948209
SCG5	2	0	2	0.01312146540525646	0.06534450701948209
PDCL	2	0	2	0.013473094230821051	0.06534450701948209
TMIGD1	2	0	2	0.016611571620791042	0.07228120219287755
PBRM1	3	0	3	0.016728282507234984	0.07228120219287755
VAV3	2	0	2	0.017138841757074058	0.07228120219287755
ZNF208	1	0	1	0.01876348625574632	0.07293781487329874
DLL1	1	0	1	0.01879840589518009	0.07293781487329874
VPRBP	1	0	1	0.02081902025690671	0.07610618774690378
FAM209A	2	0	2	0.02118419658934435	0.07610618774690378
NONO	2	0	2	0.02285087518851972	0.07657747627479787
DNAH17	1	0	1	0.022894297030609675	0.07657747627479787
MAGED1	4	0	2	0.024775165374228872	0.07799766328649989
RAB27B	1	0	1	0.024927088266819553	0.07799766328649989
KCNV2	1	0	1	0.026460626587637596	0.07985734350018853
NYAP2	2	0	2	0.02879106325396597	0.07985734350018853
MUCL1	2	0	2	0.02900063801403631	0.07985734350018853
PSMA5	1	0	1	0.029462891488170648	0.07985734350018853
FBN2	2	0	2	0.030653220120773688	0.07985734350018853
RABL6	1	0	1	0.030693677102516883	0.07985734350018853
OR6V1	1	0	1	0.03166761669516752	0.07985734350018853
YEATS2	1	0	1	0.032701111837802485	0.07985734350018853
WDFY4	2	0	2	0.03327012010513358	0.07985734350018853
ART5	1	0	1	0.033754134881522985	0.07985734350018853
ARHGEF38	1	0	1	0.034737902525445515	0.08022801297543368
WDR92	4	0	2	0.036599202137393406	0.0825609908680735
SHBG	1	0	1	0.0409970482125287	0.090379856286711
NEURL4	1	0	1	0.04328629555882608	0.09234893808241715
A2M	1	0	1	0.04379434177104318	0.09234893808241715
ZNF449	2	0	2	0.05214036185411127	0.10760883191167646
USP9X	4	0	2	0.05589090096132349	0.11294619569267457
MAGEA1	2	0	1	0.06049972775122512	0.11841369594781008
DNAH5	4	0	2	0.061724584902166535	0.11841369594781008
CAMSAP1	1	0	1	0.06225874735400324	0.11841369594781008
PXDNL	1	0	1	0.07118957784580338	0.13279594328928707
SPHK2	2	0	1	0.07442137381856069	0.13620515585661108
TRUB1	1	0	1	0.08034064433196754	0.14237570747516498
ATAD2B	2	0	1	0.08202772537117546	0.14237570747516498
YPEL2	2	0	2	0.0821962847279303	0.14237570747516498
PHKA1	4	0	2	0.08434547908232119	0.14353528896465184
NID1	2	0	1	0.09088430428065074	0.15015689073067584
ISX	1	0	1	0.09133254178463787	0.15015689073067584
RNF146	1	0	1	0.09527439024390244	0.1535159909852878
PLD1	1	0	1	0.09733307377846992	0.1535159909852878
SLC17A3	1	0	1	0.10031096398836392	0.1535159909852878
ATAD5	1	0	1	0.10136847440446022	0.1535159909852878
CRYGA	1	0	1	0.10369141435089174	0.1535159909852878
SYCP2	1	0	1	0.10406910188365075	0.1535159909852878
GALNT4	2	0	1	0.10708931248661384	0.1535159909852878
PKHD1	1	0	1	0.10725010725010725	0.1535159909852878
CTC1	1	0	1	0.1076194575979337	0.1535159909852878
ATP8B1	1	0	1	0.11122233344455566	0.15379249112125826
SLC12A1	1	0	1	0.11431184270690443	0.15379249112125826
TRAPPC9	1	0	1	0.11446886446886446	0.15379249112125826
ASCC1	1	0	1	0.11516756881262237	0.15379249112125826
SELT	1	0	1	0.11574074074074074	0.15379249112125826
PTPRC	2	0	2	0.1198609612849095	0.15711504384643543
CHD7	1	0	1	0.12958403524685758	0.16710078416780363
WBP2	1	0	1	0.13092432573972243	0.16710078416780363
BTBD8	1	0	1	0.1394700139470014	0.1756959915955732
CACNA1F	3	0	1	0.1426126640045636	0.1773516462620855
RASA1	1	0	1	0.1453699665649077	0.17828260549919128
STX3	1	0	1	0.14703720041170415	0.17828260549919128
SMC3	2	0	2	0.163025758069775	0.19481667148687296
MYH9	1	0	1	0.16469038208168643	0.19481667148687296
ATP13A3	3	0	1	0.18099547511312217	0.2115248323611187
SDR16C5	2	0	1	0.19751135690302193	0.22682895459913244
KMT2C	3	0	1	0.19876764062810576	0.22682895459913244
PHF20L1	2	0	1	0.21905805038335158	0.24707710333936167
MARCH6	2	0	1	0.22999080036798528	0.25642652454821346
PLEC	2	0	2	0.23304591004427871	0.25688015084426175
GRIN2A	1	0	1	0.24078979051288224	0.26243381662639975
EPHA2	3	0	1	0.2810567734682406	0.3029167447379926
DXO	1	0	1	0.30111412225233364	0.3204704638562178
NLRP7	1	0	1	0.303951367781155	0.3204704638562178
MGA	1	0	1	0.31026993484331367	0.3236148782774347
NR2C1	1	0	1	0.31665611146295125	0.32465902434942684
RALGAPB	2	0	1	0.3179650238473768	0.32465902434942684
GHDC	1	0	1	0.35739814152966404	0.3611210388372647
CYC1	1	0	1	0.3683241252302026	0.3683241252302026
ANGEL2	2	0	0	1.0	1.0
MRPL44	1	0	0	1.0	1.0
NAB1	1	0	0	1.0	1.0
NCK2	2	0	0	1.0	1.0
NEUROD1	2	0	0	1.0	1.0
OTOF	2	0	0	1.0	1.0
PASK	1	0	0	1.0	1.0
MREG	1	0	0	1.0	1.0
PAX8	1	0	0	1.0	1.0
PLCL1	1	0	0	1.0	1.0
PPP1CB	2	0	0	1.0	1.0
PRPF40A	2	0	0	1.0	1.0
PTPN4	2	0	0	1.0	1.0
PUM2	1	0	0	1.0	1.0
REL	1	0	0	1.0	1.0
PIKFYVE	1	0	0	1.0	1.0
RGPD3	1	0	0	1.0	1.0
METTL8	2	0	0	1.0	1.0
MAP3K2	1	0	0	1.0	1.0
HDAC4	1	0	0	1.0	1.0
HK2	1	0	0	1.0	1.0
IDH1	5	0	0	1.0	1.0
IGKV1-9	2	0	0	1.0	1.0
IL1F10	1	0	0	1.0	1.0
INPP5D	1	0	0	1.0	1.0
MARCO	2	0	0	1.0	1.0
IRS1	3	0	0	1.0	1.0
KDM3A	1	0	0	1.0	1.0
KHK	1	0	0	1.0	1.0
KIAA1211L	2	0	0	1.0	1.0
KLHL29	1	0	0	1.0	1.0
KYNU	1	0	0	1.0	1.0
LRP2	1	0	0	1.0	1.0
ITGB6	2	0	0	1.0	1.0
RGPD8	2	0	0	1.0	1.0
RNF103	1	0	0	1.0	1.0
SCLY	4	0	0	1.0	1.0
UBE2F	1	0	0	1.0	1.0
UBR3	1	0	0	1.0	1.0
UBXN4	1	0	0	1.0	1.0
UGGT1	2	0	0	1.0	1.0
UNC80	2	0	0	1.0	1.0
UPP2	1	0	0	1.0	1.0
TTN	4	0	0	1.0	1.0
USP34	1	0	0	1.0	1.0
WDFY1	1	0	0	1.0	1.0
WDR33	1	0	0	1.0	1.0
ZC3H15	1	0	0	1.0	1.0
ZC3H6	1	0	0	1.0	1.0
ZFAND2B	1	0	0	1.0	1.0
ZNF513	1	0	0	1.0	1.0
VAMP5	1	0	0	1.0	1.0
TTLL4	1	0	0	1.0	1.0
TTL	1	0	0	1.0	1.0
TRIP12	2	0	0	1.0	1.0
SCN7A	1	0	0	1.0	1.0
SF3B1	3	0	0	1.0	1.0
SMARCAL1	2	0	0	1.0	1.0
SNED1	1	0	0	1.0	1.0
SPATS2L	1	0	0	1.0	1.0
SPEG	2	0	0	1.0	1.0
SPTBN1	1	0	0	1.0	1.0
SRBD1	2	0	0	1.0	1.0
STAT1	2	0	0	1.0	1.0
STK39	1	0	0	1.0	1.0
STON1-GTF2A1L	2	0	0	1.0	1.0
TANC1	2	0	0	1.0	1.0
TBC1D8	1	0	0	1.0	1.0
TBR1	1	0	0	1.0	1.0
THAP4	1	0	0	1.0	1.0
GRB14	2	0	0	1.0	1.0
ABCA8	2	0	0	1.0	1.0
GPR17	1	0	0	1.0	1.0
GALNT5	1	0	0	1.0	1.0
TBCEL	1	0	0	1.0	1.0
TCP11L1	1	0	0	1.0	1.0
TENM4	2	0	0	1.0	1.0
TPP1	1	0	0	1.0	1.0
TRPC6	1	0	0	1.0	1.0
TSSC4	1	0	0	1.0	1.0
TAF1D	1	0	0	1.0	1.0
TTC12	1	0	0	1.0	1.0
USP28	2	0	0	1.0	1.0
VPS26B	1	0	0	1.0	1.0
ZBTB16	1	0	0	1.0	1.0
ABCB11	1	0	0	1.0	1.0
ABHD1	2	0	0	1.0	1.0
ACVR2A	1	0	0	1.0	1.0
USP2	1	0	0	1.0	1.0
ADCY3	1	0	0	1.0	1.0
SSRP1	1	0	0	1.0	1.0
SLC43A3	2	0	0	1.0	1.0
PYGM	1	0	0	1.0	1.0
RAB6A	1	0	0	1.0	1.0
RAPSN	1	0	0	1.0	1.0
RBM14-RBM4	1	0	0	1.0	1.0
RBM4	2	0	0	1.0	1.0
RDX	1	0	0	1.0	1.0
SPTBN2	2	0	0	1.0	1.0
RPS3	1	0	0	1.0	1.0
SCUBE2	1	0	0	1.0	1.0
SF3B2	1	0	0	1.0	1.0
SHANK2	1	0	0	1.0	1.0
SIPA1	1	0	0	1.0	1.0
SLC22A10	2	0	0	1.0	1.0
SLC3A2	2	0	0	1.0	1.0
RRM1	1	0	0	1.0	1.0
AGFG1	1	0	0	1.0	1.0
ALMS1	2	0	0	1.0	1.0
AMMECR1L	2	0	0	1.0	1.0
DFNB59	1	0	0	1.0	1.0
DNAH6	1	0	0	1.0	1.0
DNAH7	2	0	0	1.0	1.0
DOCK10	2	0	0	1.0	1.0
EGR4	1	0	0	1.0	1.0
EIF4E2	1	0	0	1.0	1.0
DARS	2	0	0	1.0	1.0
EML6	2	0	0	1.0	1.0
ERLEC1	2	0	0	1.0	1.0
FAM179A	2	0	0	1.0	1.0
FARP2	1	0	0	1.0	1.0
FSIP2	2	0	0	1.0	1.0
GAL3ST2	2	0	0	1.0	1.0
GALNT14	3	0	0	1.0	1.0
ERBB4	2	0	0	1.0	1.0
CYP20A1	1	0	0	1.0	1.0
CTNNA2	2	0	0	1.0	1.0
COL6A3	2	0	0	1.0	1.0
ANKMY1	1	0	0	1.0	1.0
ANKRD36	1	0	0	1.0	1.0
ANO7	1	0	0	1.0	1.0
AOX1	2	0	0	1.0	1.0
APOB	2	0	0	1.0	1.0
ARID5A	1	0	0	1.0	1.0
ASIC4	1	0	0	1.0	1.0
ASPRV1	1	0	0	1.0	1.0
BIN1	1	0	0	1.0	1.0
BIRC6	3	0	0	1.0	1.0
C2orf71	1	0	0	1.0	1.0
CCDC74A	1	0	0	1.0	1.0
CCT4	1	0	0	1.0	1.0
CLHC1	2	0	0	1.0	1.0
COL4A3	1	0	0	1.0	1.0
GPR155	1	0	0	1.0	1.0
ABCC3	2	0	0	1.0	1.0
ABI3	1	0	0	1.0	1.0
ACLY	1	0	0	1.0	1.0
MYRIP	1	0	0	1.0	1.0
NXPE3	1	0	0	1.0	1.0
OR5H14	1	0	0	1.0	1.0
PAQR9	1	0	0	1.0	1.0
PHC3	1	0	0	1.0	1.0
PIK3CA	1	0	0	1.0	1.0
MYH15	2	0	0	1.0	1.0
PIK3CB	1	0	0	1.0	1.0
PTPRG	2	0	0	1.0	1.0
RTP4	1	0	0	1.0	1.0
SENP5	1	0	0	1.0	1.0
SLC12A8	1	0	0	1.0	1.0
SLC2A2	1	0	0	1.0	1.0
ST6GAL1	1	0	0	1.0	1.0
PIK3R4	1	0	0	1.0	1.0
STAG1	1	0	0	1.0	1.0
MUC4	1	0	0	1.0	1.0
MCCC1	1	0	0	1.0	1.0
GPR149	2	0	0	1.0	1.0
HEG1	1	0	0	1.0	1.0
HTR1F	2	0	0	1.0	1.0
IGF2BP2	1	0	0	1.0	1.0
ISY1	2	0	0	1.0	1.0
ITIH1	1	0	0	1.0	1.0
MME	3	0	0	1.0	1.0
KBTBD8	1	0	0	1.0	1.0
KCNMB2	2	0	0	1.0	1.0
KIAA1407	2	0	0	1.0	1.0
LIMD1	1	0	0	1.0	1.0
LMLN	1	0	0	1.0	1.0
LPP	2	0	0	1.0	1.0
NRROS	1	0	0	1.0	1.0
KCNH8	1	0	0	1.0	1.0
TBCCD1	1	0	0	1.0	1.0
TGFBR2	1	0	0	1.0	1.0
TIMMDC1	1	0	0	1.0	1.0
EPHA7	2	0	0	1.0	1.0
EYS	2	0	0	1.0	1.0
EZR	1	0	0	1.0	1.0
F13A1	2	0	0	1.0	1.0
FBXO5	2	0	0	1.0	1.0
FGFR1OP	1	0	0	1.0	1.0
EHMT2	1	0	0	1.0	1.0
CMTR1	1	0	0	1.0	1.0
GJA10	1	0	0	1.0	1.0
GMPR	2	0	0	1.0	1.0
GRIK2	2	0	0	1.0	1.0
HIST1H3G	1	0	0	1.0	1.0
HLA-F	1	0	0	1.0	1.0
HSP90AB1	2	0	0	1.0	1.0
GCNT2	1	0	0	1.0	1.0
EEF1A1	1	0	0	1.0	1.0
DNAH8	2	0	0	1.0	1.0
COL9A1	1	0	0	1.0	1.0
TMCC1	1	0	0	1.0	1.0
TNK2	1	0	0	1.0	1.0
UROC1	1	0	0	1.0	1.0
XYLB	1	0	0	1.0	1.0
ZBTB11	1	0	0	1.0	1.0
ZBTB38	1	0	0	1.0	1.0
AIM1	1	0	0	1.0	1.0
ANKS1A	2	0	0	1.0	1.0
ARID1B	1	0	0	1.0	1.0
BCLAF1	1	0	0	1.0	1.0
BMP5	1	0	0	1.0	1.0
BMP6	1	0	0	1.0	1.0
BTN3A1	1	0	0	1.0	1.0
ERMARD	2	0	0	1.0	1.0
CCDC170	1	0	0	1.0	1.0
GNL3	1	0	0	1.0	1.0
FILIP1L	2	0	0	1.0	1.0
EIF4G1	2	0	0	1.0	1.0
EEFSEC	2	0	0	1.0	1.0
FAM64A	1	0	0	1.0	1.0
FLII	1	0	0	1.0	1.0
GSDMA	1	0	0	1.0	1.0
HSF5	2	0	0	1.0	1.0
INTS2	1	0	0	1.0	1.0
ITGB4	2	0	0	1.0	1.0
ERN1	1	0	0	1.0	1.0
KIAA0100	2	0	0	1.0	1.0
KLHL11	2	0	0	1.0	1.0
KRT10	1	0	0	1.0	1.0
MGAT5B	2	0	0	1.0	1.0
MPRIP	1	0	0	1.0	1.0
MYO18A	1	0	0	1.0	1.0
NCOR1	1	0	0	1.0	1.0
KIF19	3	0	0	1.0	1.0
ERBB2	1	0	0	1.0	1.0
EFCAB5	1	0	0	1.0	1.0
DRG2	1	0	0	1.0	1.0
ALDH3A1	1	0	0	1.0	1.0
ALOX12B	1	0	0	1.0	1.0
ANKFY1	2	0	0	1.0	1.0
ATP6V0A1	1	0	0	1.0	1.0
AXIN2	1	0	0	1.0	1.0
C17orf70	1	0	0	1.0	1.0
C1QBP	1	0	0	1.0	1.0
CACNA1G	1	0	0	1.0	1.0
CDK12	1	0	0	1.0	1.0
CDR2L	1	0	0	1.0	1.0
CEP95	1	0	0	1.0	1.0
CHRNB1	1	0	0	1.0	1.0
CNTROB	1	0	0	1.0	1.0
CPD	2	0	0	1.0	1.0
DHX40	1	0	0	1.0	1.0
NDEL1	1	0	0	1.0	1.0
PTDSS2	1	0	0	1.0	1.0
NPLOC4	1	0	0	1.0	1.0
PLEKHH3	1	0	0	1.0	1.0
ZNF18	1	0	0	1.0	1.0
BAP1	1	0	0	1.0	1.0
BOC	1	0	0	1.0	1.0
C3orf56	1	0	0	1.0	1.0
CADM2	2	0	0	1.0	1.0
CD96	1	0	0	1.0	1.0
WRAP53	1	0	0	1.0	1.0
CGGBP1	4	0	0	1.0	1.0
COL7A1	1	0	0	1.0	1.0
CP	2	0	0	1.0	1.0
CPNE9	1	0	0	1.0	1.0
CRYBG3	1	0	0	1.0	1.0
DNAJB8	1	0	0	1.0	1.0
DZIP3	2	0	0	1.0	1.0
COL6A6	2	0	0	1.0	1.0
UBTF	3	0	0	1.0	1.0
TVP23B	1	0	0	1.0	1.0
TRAF4	2	0	0	1.0	1.0
PRR11	1	0	0	1.0	1.0
RNF112	1	0	0	1.0	1.0
RUNDC3A	1	0	0	1.0	1.0
SGCA	1	0	0	1.0	1.0
SLC47A2	1	0	0	1.0	1.0
SLC5A10	1	0	0	1.0	1.0
SMG6	2	0	0	1.0	1.0
SPPL2C	2	0	0	1.0	1.0
SREBF1	1	0	0	1.0	1.0
SRSF1	1	0	0	1.0	1.0
SUPT6H	1	0	0	1.0	1.0
TEX14	2	0	0	1.0	1.0
TMEM132E	1	0	0	1.0	1.0
TOP2A	1	0	0	1.0	1.0
TP53	3	0	0	1.0	1.0
PER1	2	0	0	1.0	1.0
ADAM30	1	0	0	1.0	1.0
PRMT3	1	0	0	1.0	1.0
PPFIBP2	3	0	0	1.0	1.0
PSEN2	2	0	0	1.0	1.0
PTGER3	2	0	0	1.0	1.0
PTPN14	1	0	0	1.0	1.0
PTPRF	2	0	0	1.0	1.0
PUM1	2	0	0	1.0	1.0
RALGPS2	1	0	0	1.0	1.0
PRRC2C	1	0	0	1.0	1.0
RD3	1	0	0	1.0	1.0
RNF19B	1	0	0	1.0	1.0
RNF220	2	0	0	1.0	1.0
ROR1	2	0	0	1.0	1.0
RYR2	1	0	0	1.0	1.0
SASS6	2	0	0	1.0	1.0
SDCCAG8	1	0	0	1.0	1.0
RIT1	1	0	0	1.0	1.0
SELENBP1	2	0	0	1.0	1.0
PRKAB2	1	0	0	1.0	1.0
PRDM2	1	0	0	1.0	1.0
OR10J3	1	0	0	1.0	1.0
OR2L2	2	0	0	1.0	1.0
OR2T12	1	0	0	1.0	1.0
OR6P1	1	0	0	1.0	1.0
PAPPA2	1	0	0	1.0	1.0
PDE4DIP	2	0	0	1.0	1.0
PRG4	1	0	0	1.0	1.0
PDIK1L	1	0	0	1.0	1.0
PGBD2	1	0	0	1.0	1.0
PKP1	1	0	0	1.0	1.0
PLEKHA6	1	0	0	1.0	1.0
PLK3	1	0	0	1.0	1.0
PLOD1	2	0	0	1.0	1.0
PLXNA2	1	0	0	1.0	1.0
PEX11B	1	0	0	1.0	1.0
SF3A3	1	0	0	1.0	1.0
SLC5A9	2	0	0	1.0	1.0
SMYD2	1	0	0	1.0	1.0
ZMPSTE24	1	0	0	1.0	1.0
ZMYM4	1	0	0	1.0	1.0
ZNF281	1	0	0	1.0	1.0
ZNF691	1	0	0	1.0	1.0
ZP4	1	0	0	1.0	1.0
ZZZ3	1	0	0	1.0	1.0
ZFYVE9	2	0	0	1.0	1.0
ABCA7	2	0	0	1.0	1.0
ATF5	1	0	0	1.0	1.0
ATP1A3	1	0	0	1.0	1.0
ATP8B3	1	0	0	1.0	1.0
BEST2	1	0	0	1.0	1.0
C19orf54	1	0	0	1.0	1.0
C2CD4C	1	0	0	1.0	1.0
ARMC6	1	0	0	1.0	1.0
WNT3A	1	0	0	1.0	1.0
VWA5B1	1	0	0	1.0	1.0
VANGL2	1	0	0	1.0	1.0
SOAT1	1	0	0	1.0	1.0
SPTA1	1	0	0	1.0	1.0
ST6GALNAC3	2	0	0	1.0	1.0
ST7L	1	0	0	1.0	1.0
STPG1	1	0	0	1.0	1.0
SUCO	1	0	0	1.0	1.0
TAS1R2	1	0	0	1.0	1.0
TIE1	1	0	0	1.0	1.0
TMCO1	1	0	0	1.0	1.0
TMEM39B	1	0	0	1.0	1.0
TTC39A	1	0	0	1.0	1.0
TUFT1	1	0	0	1.0	1.0
UHMK1	1	0	0	1.0	1.0
UROD	1	0	0	1.0	1.0
USP48	2	0	0	1.0	1.0
OBSCN	2	0	0	1.0	1.0
C3	1	0	0	1.0	1.0
NVL	1	0	0	1.0	1.0
NBPF10	1	0	0	1.0	1.0
CNTN2	2	0	0	1.0	1.0
COL24A1	1	0	0	1.0	1.0
COL8A2	1	0	0	1.0	1.0
COPA	1	0	0	1.0	1.0
CR2	1	0	0	1.0	1.0
CSMD2	2	0	0	1.0	1.0
CLCC1	1	0	0	1.0	1.0
DDX59	1	0	0	1.0	1.0
DISP1	2	0	0	1.0	1.0
DLGAP3	1	0	0	1.0	1.0
DNAJC11	1	0	0	1.0	1.0
DNAJC16	1	0	0	1.0	1.0
DOCK7	1	0	0	1.0	1.0
DPH2	1	0	0	1.0	1.0
DHX9	2	0	0	1.0	1.0
AGO3	1	0	0	1.0	1.0
CKS1B	1	0	0	1.0	1.0
CFHR5	1	0	0	1.0	1.0
ANKRD13C	1	0	0	1.0	1.0
ANKRD34A	1	0	0	1.0	1.0
ARL8A	1	0	0	1.0	1.0
ASH1L	1	0	0	1.0	1.0
ATAD3A	1	0	0	1.0	1.0
ATAD3C	1	0	0	1.0	1.0
CHI3L1	2	0	0	1.0	1.0
BCAN	1	0	0	1.0	1.0
C1orf94	2	0	0	1.0	1.0
C8B	1	0	0	1.0	1.0
CA6	2	0	0	1.0	1.0
CACNA1E	4	0	0	1.0	1.0
CELF3	1	0	0	1.0	1.0
CEP350	2	0	0	1.0	1.0
C1orf174	1	0	0	1.0	1.0
ELF3	2	0	0	1.0	1.0
EPHA8	1	0	0	1.0	1.0
EPRS	2	0	0	1.0	1.0
KIF1B	2	0	0	1.0	1.0
KLHL20	3	0	0	1.0	1.0
KMO	1	0	0	1.0	1.0
KTI12	2	0	0	1.0	1.0
LAMB3	1	0	0	1.0	1.0
LDLRAD1	2	0	0	1.0	1.0
KIF14	1	0	0	1.0	1.0
LIX1L	1	0	0	1.0	1.0
LRRC71	1	0	0	1.0	1.0
LRRC8B	1	0	0	1.0	1.0
MAP10	1	0	0	1.0	1.0
MEF2D	1	0	0	1.0	1.0
MNDA	1	0	0	1.0	1.0
MRTO4	1	0	0	1.0	1.0
LRRC52	2	0	0	1.0	1.0
KIAA0754	2	0	0	1.0	1.0
KIAA0319L	1	0	0	1.0	1.0
KCNT2	2	0	0	1.0	1.0
ESPN	1	0	0	1.0	1.0
BRINP3	1	0	0	1.0	1.0
FBXO28	1	0	0	1.0	1.0
FBXO6	1	0	0	1.0	1.0
FMN2	3	0	0	1.0	1.0
GBP4	1	0	0	1.0	1.0
GPATCH2	1	0	0	1.0	1.0
GPN2	1	0	0	1.0	1.0
HMGCL	1	0	0	1.0	1.0
HMGCS2	1	0	0	1.0	1.0
HNRNPU	1	0	0	1.0	1.0
HOOK1	1	0	0	1.0	1.0
INTS7	1	0	0	1.0	1.0
IRF6	2	0	0	1.0	1.0
JMJD4	2	0	0	1.0	1.0
NES	1	0	0	1.0	1.0
CADM4	1	0	0	1.0	1.0
CAMSAP3	1	0	0	1.0	1.0
CEACAM5	1	0	0	1.0	1.0
BIRC3	1	0	0	1.0	1.0
C11orf31	1	0	0	1.0	1.0
C11orf88	1	0	0	1.0	1.0
C2CD2L	1	0	0	1.0	1.0
IGF2R	1	0	0	1.0	1.0
CAPN1	1	0	0	1.0	1.0
BIRC2	1	0	0	1.0	1.0
CAPRIN1	3	0	0	1.0	1.0
CCDC83	1	0	0	1.0	1.0
CD81	2	0	0	1.0	1.0
CTNND1	1	0	0	1.0	1.0
CTR9	2	0	0	1.0	1.0
DCHS1	2	0	0	1.0	1.0
DDB2	4	0	0	1.0	1.0
CARNS1	1	0	0	1.0	1.0
DLAT	1	0	0	1.0	1.0
ATG2A	1	0	0	1.0	1.0
ANO1	1	0	0	1.0	1.0
ZNF606	1	0	0	1.0	1.0
ZNF610	1	0	0	1.0	1.0
ZNF649	1	0	0	1.0	1.0
ZNF653	1	0	0	1.0	1.0
ZNF69	1	0	0	1.0	1.0
ZNF699	1	0	0	1.0	1.0
APOA4	1	0	0	1.0	1.0
ZNF728	2	0	0	1.0	1.0
ZNF91	2	0	0	1.0	1.0
ZSCAN18	1	0	0	1.0	1.0
ADRBK1	2	0	0	1.0	1.0
AHNAK	1	0	0	1.0	1.0
AMBRA1	2	0	0	1.0	1.0
ANKRD42	1	0	0	1.0	1.0
ZNF850	1	0	0	1.0	1.0
DNAJB13	1	0	0	1.0	1.0
DPP3	2	0	0	1.0	1.0
DSCAML1	2	0	0	1.0	1.0
NAV2	2	0	0	1.0	1.0
NDUFV1	1	0	0	1.0	1.0
NUDT22	1	0	0	1.0	1.0
NUP98	2	0	0	1.0	1.0
OR2D3	1	0	0	1.0	1.0
OR51G2	1	0	0	1.0	1.0
MYO7A	1	0	0	1.0	1.0
OR51S1	1	0	0	1.0	1.0
OR5D16	1	0	0	1.0	1.0
OR5L2	1	0	0	1.0	1.0
OR6T1	2	0	0	1.0	1.0
PAFAH1B2	1	0	0	1.0	1.0
PANX1	1	0	0	1.0	1.0
PCF11	5	0	0	1.0	1.0
OR52I1	2	0	0	1.0	1.0
MUC5B	7	0	0	1.0	1.0
MRVI1	1	0	0	1.0	1.0
MRPL11	1	0	0	1.0	1.0
FADS1	1	0	0	1.0	1.0
FAT3	2	0	0	1.0	1.0
FEN1	1	0	0	1.0	1.0
FEZ1	2	0	0	1.0	1.0
FSHB	1	0	0	1.0	1.0
GDPD4	1	0	0	1.0	1.0
HSPA8	1	0	0	1.0	1.0
IGSF9B	1	0	0	1.0	1.0
INPPL1	1	0	0	1.0	1.0
KBTBD4	1	0	0	1.0	1.0
KCNK4	1	0	0	1.0	1.0
LRFN4	2	0	0	1.0	1.0
MAP3K11	1	0	0	1.0	1.0
KMT2A	1	0	0	1.0	1.0
MRGPRX1	2	0	0	1.0	1.0
ZNF583	1	0	0	1.0	1.0
ZNF569	1	0	0	1.0	1.0
ZNF547	2	0	0	1.0	1.0
ZNF536	2	0	0	1.0	1.0
GRIK5	1	0	0	1.0	1.0
HAMP	1	0	0	1.0	1.0
HNRNPM	1	0	0	1.0	1.0
HNRNPUL1	2	0	0	1.0	1.0
HSD17B14	1	0	0	1.0	1.0
KCNJ14	1	0	0	1.0	1.0
GMFG	1	0	0	1.0	1.0
LIM2	1	0	0	1.0	1.0
MAST1	1	0	0	1.0	1.0
MCOLN1	1	0	0	1.0	1.0
MED16	1	0	0	1.0	1.0
MUC16	2	0	0	1.0	1.0
MYH14	1	0	0	1.0	1.0
NLRP11	2	0	0	1.0	1.0
MARCH2	1	0	0	1.0	1.0
GIPC3	1	0	0	1.0	1.0
GATAD2A	2	0	0	1.0	1.0
FUZ	1	0	0	1.0	1.0
CHAF1A	1	0	0	1.0	1.0
CYP2F1	1	0	0	1.0	1.0
CYP2S1	1	0	0	1.0	1.0
CYP4F22	1	0	0	1.0	1.0
CYP4F3	1	0	0	1.0	1.0
DKKL1	1	0	0	1.0	1.0
DPY19L3	1	0	0	1.0	1.0
ELAVL1	1	0	0	1.0	1.0
EMR2	1	0	0	1.0	1.0
ERCC2	1	0	0	1.0	1.0
FBN3	3	0	0	1.0	1.0
FFAR3	1	0	0	1.0	1.0
FKBP8	1	0	0	1.0	1.0
FKRP	1	0	0	1.0	1.0
FPR1	2	0	0	1.0	1.0
NLRP5	3	0	0	1.0	1.0
PRDM10	1	0	0	1.0	1.0
NLRP8	2	0	0	1.0	1.0
OR10H1	1	0	0	1.0	1.0
STAP2	1	0	0	1.0	1.0
TIMM50	1	0	0	1.0	1.0
TMC4	3	0	0	1.0	1.0
TYK2	1	0	0	1.0	1.0
U2AF1L4	1	0	0	1.0	1.0
ZNF100	2	0	0	1.0	1.0
SLC27A5	1	0	0	1.0	1.0
ZNF134	1	0	0	1.0	1.0
ZNF14	2	0	0	1.0	1.0
ZNF177	1	0	0	1.0	1.0
ZNF345	3	0	0	1.0	1.0
ZNF431	2	0	0	1.0	1.0
ZNF529	1	0	0	1.0	1.0
ZNF534	2	0	0	1.0	1.0
ZNF136	2	0	0	1.0	1.0
SIPA1L3	1	0	0	1.0	1.0
SIGLEC10	1	0	0	1.0	1.0
SERTAD1	2	0	0	1.0	1.0
OR10H4	1	0	0	1.0	1.0
OR7C1	1	0	0	1.0	1.0
PCSK4	1	0	0	1.0	1.0
PDCD2L	2	0	0	1.0	1.0
PDE4A	2	0	0	1.0	1.0
PEPD	2	0	0	1.0	1.0
PPP5C	1	0	0	1.0	1.0
PRR22	1	0	0	1.0	1.0
PSG5	1	0	0	1.0	1.0
PVR	2	0	0	1.0	1.0
RAB11B	3	0	0	1.0	1.0
RTBDN	1	0	0	1.0	1.0
RUVBL2	1	0	0	1.0	1.0
RYR1	1	0	0	1.0	1.0
S1PR5	2	0	0	1.0	1.0
NUMBL	1	0	0	1.0	1.0
CALCB	1	0	0	1.0	1.0
ZBTB21	1	0	0	1.0	1.0
MLLT4	2	0	0	1.0	1.0
LAP3	1	0	0	1.0	1.0
LIAS	2	0	0	1.0	1.0
MED28	1	0	0	1.0	1.0
CENPU	1	0	0	1.0	1.0
N4BP2	1	0	0	1.0	1.0
NOA1	2	0	0	1.0	1.0
PALLD	1	0	0	1.0	1.0
PCDH7	2	0	0	1.0	1.0
RAPGEF2	1	0	0	1.0	1.0
SEC31A	1	0	0	1.0	1.0
SLC10A7	1	0	0	1.0	1.0
SPATA4	2	0	0	1.0	1.0
TACC3	2	0	0	1.0	1.0
TDO2	1	0	0	1.0	1.0
TLR1	2	0	0	1.0	1.0
TLR3	2	0	0	1.0	1.0
TMEM128	1	0	0	1.0	1.0
KIAA1109	2	0	0	1.0	1.0
TMEM150C	1	0	0	1.0	1.0
KCNIP4	1	0	0	1.0	1.0
GABRA4	1	0	0	1.0	1.0
SKIDA1	1	0	0	1.0	1.0
SLC25A16	1	0	0	1.0	1.0
SORBS1	2	0	0	1.0	1.0
STK32C	1	0	0	1.0	1.0
TCF7L2	1	0	0	1.0	1.0
TIMM23	1	0	0	1.0	1.0
TM9SF3	2	0	0	1.0	1.0
VENTX	1	0	0	1.0	1.0
XPNPEP1	3	0	0	1.0	1.0
ADH6	1	0	0	1.0	1.0
ANK2	2	0	0	1.0	1.0
BBS7	2	0	0	1.0	1.0
CENPE	1	0	0	1.0	1.0
EXOC1	1	0	0	1.0	1.0
FAT1	2	0	0	1.0	1.0
FGFRL1	2	0	0	1.0	1.0
FRAS1	1	0	0	1.0	1.0
HELQ	2	0	0	1.0	1.0
TMPRSS11A	2	0	0	1.0	1.0
TMPRSS11B	1	0	0	1.0	1.0
UGT2B17	1	0	0	1.0	1.0
MTUS1	1	0	0	1.0	1.0
OC90	2	0	0	1.0	1.0
PARP10	1	0	0	1.0	1.0
PDP1	1	0	0	1.0	1.0
PHYHIP	2	0	0	1.0	1.0
PI15	4	0	0	1.0	1.0
PINX1	1	0	0	1.0	1.0
PIWIL2	1	0	0	1.0	1.0
PPP1R16A	1	0	0	1.0	1.0
PREX2	2	0	0	1.0	1.0
PSD3	1	0	0	1.0	1.0
PSKH2	1	0	0	1.0	1.0
PTK2	1	0	0	1.0	1.0
RB1CC1	1	0	0	1.0	1.0
RHPN1	1	0	0	1.0	1.0
RIPK2	1	0	0	1.0	1.0
RP1	1	0	0	1.0	1.0
LRP12	2	0	0	1.0	1.0
LOXL2	1	0	0	1.0	1.0
KCNQ3	2	0	0	1.0	1.0
INTS10	1	0	0	1.0	1.0
WDFY3	1	0	0	1.0	1.0
ZCCHC4	1	0	0	1.0	1.0
ASH2L	1	0	0	1.0	1.0
ATAD2	2	0	0	1.0	1.0
BLK	2	0	0	1.0	1.0
C8orf33	1	0	0	1.0	1.0
COL22A1	1	0	0	1.0	1.0
CPSF1	1	0	0	1.0	1.0
RPS24	1	0	0	1.0	1.0
CSMD1	1	0	0	1.0	1.0
DCAF4L2	2	0	0	1.0	1.0
DGAT1	1	0	0	1.0	1.0
EIF3H	2	0	0	1.0	1.0
FAM83H	1	0	0	1.0	1.0
FER1L6	1	0	0	1.0	1.0
HSF1	1	0	0	1.0	1.0
HTRA4	2	0	0	1.0	1.0
IMPA1	1	0	0	1.0	1.0
CTSB	1	0	0	1.0	1.0
SLC39A4	2	0	0	1.0	1.0
RHOBTB1	2	0	0	1.0	1.0
PRKG1	1	0	0	1.0	1.0
GLRA2	2	0	0	1.0	1.0
GUCY2F	2	0	0	1.0	1.0
GYG2	2	0	0	1.0	1.0
HDX	1	0	0	1.0	1.0
MAGEC1	3	0	0	1.0	1.0
MAGEE1	1	0	0	1.0	1.0
MAGEH1	1	0	0	1.0	1.0
MAOB	2	0	0	1.0	1.0
NRK	1	0	0	1.0	1.0
NXF5	1	0	0	1.0	1.0
PCDH11X	2	0	0	1.0	1.0
PHKA2	1	0	0	1.0	1.0
PJA1	1	0	0	1.0	1.0
RBMX	1	0	0	1.0	1.0
RBMXL3	1	0	0	1.0	1.0
RPS6KA3	3	0	0	1.0	1.0
SRPX2	2	0	0	1.0	1.0
FLNA	1	0	0	1.0	1.0
STAG2	1	0	0	1.0	1.0
FAM47C	2	0	0	1.0	1.0
F9	1	0	0	1.0	1.0
TMEM245	1	0	0	1.0	1.0
TSC1	1	0	0	1.0	1.0
TYRP1	1	0	0	1.0	1.0
UBAP2	1	0	0	1.0	1.0
AGTR2	2	0	0	1.0	1.0
ARSE	1	0	0	1.0	1.0
ARSF	1	0	0	1.0	1.0
ATP11C	1	0	0	1.0	1.0
BCOR	3	0	0	1.0	1.0
BMP15	1	0	0	1.0	1.0
BRWD3	1	0	0	1.0	1.0
CCNB3	1	0	0	1.0	1.0
CENPI	1	0	0	1.0	1.0
CXorf57	3	0	0	1.0	1.0
CYBB	1	0	0	1.0	1.0
CYSLTR1	1	0	0	1.0	1.0
ELK1	1	0	0	1.0	1.0
FAM127A	2	0	0	1.0	1.0
TENM1	3	0	0	1.0	1.0
ZCCHC5	2	0	0	1.0	1.0
ZFP92	1	0	0	1.0	1.0
KCNIP2	1	0	0	1.0	1.0
KCNMA1	1	0	0	1.0	1.0
KIAA1462	1	0	0	1.0	1.0
LRRTM3	1	0	0	1.0	1.0
MGEA5	1	0	0	1.0	1.0
MKI67	1	0	0	1.0	1.0
MRPS16	1	0	0	1.0	1.0
MSRB2	1	0	0	1.0	1.0
MYPN	2	0	0	1.0	1.0
NET1	1	0	0	1.0	1.0
NHLRC2	1	0	0	1.0	1.0
PAOX	1	0	0	1.0	1.0
PCGF5	1	0	0	1.0	1.0
PHYH	2	0	0	1.0	1.0
PPP1R3C	1	0	0	1.0	1.0
PPP3CB	1	0	0	1.0	1.0
PRKCQ	1	0	0	1.0	1.0
JMJD1C	3	0	0	1.0	1.0
INPP5F	1	0	0	1.0	1.0
IKZF5	1	0	0	1.0	1.0
IDE	1	0	0	1.0	1.0
ZNF630	1	0	0	1.0	1.0
A1CF	1	0	0	1.0	1.0
ABCC2	1	0	0	1.0	1.0
ACSL5	1	0	0	1.0	1.0
AGAP5	1	0	0	1.0	1.0
ARMC4	1	0	0	1.0	1.0
ATE1	1	0	0	1.0	1.0
C10orf62	1	0	0	1.0	1.0
RET	1	0	0	1.0	1.0
CDH23	1	0	0	1.0	1.0
CUZD1	1	0	0	1.0	1.0
DIP2C	1	0	0	1.0	1.0
DLG5	1	0	0	1.0	1.0
DNAJC9	1	0	0	1.0	1.0
DRGX	1	0	0	1.0	1.0
EPC1	1	0	0	1.0	1.0
FAM208B	1	0	0	1.0	1.0
FGFR2	1	0	0	1.0	1.0
CUBN	1	0	0	1.0	1.0
SLC7A2	2	0	0	1.0	1.0
TAF2	1	0	0	1.0	1.0
TNFRSF10D	1	0	0	1.0	1.0
UFD1L	1	0	0	1.0	1.0
UPK3A	1	0	0	1.0	1.0
ZBED4	1	0	0	1.0	1.0
ZNF74	1	0	0	1.0	1.0
ZNRF3	1	0	0	1.0	1.0
AKAP11	2	0	0	1.0	1.0
ALG11	1	0	0	1.0	1.0
ATP7B	1	0	0	1.0	1.0
BRCA2	2	0	0	1.0	1.0
CCDC168	1	0	0	1.0	1.0
CHAMP1	3	0	0	1.0	1.0
DOCK9	2	0	0	1.0	1.0
ENOX1	1	0	0	1.0	1.0
SUPT20H	3	0	0	1.0	1.0
FREM2	2	0	0	1.0	1.0
LRRC63	1	0	0	1.0	1.0
PSPC1	2	0	0	1.0	1.0
TYMP	1	0	0	1.0	1.0
SAP18	2	0	0	1.0	1.0
TTC28	1	0	0	1.0	1.0
THOC5	4	0	0	1.0	1.0
CCT8L2	2	0	0	1.0	1.0
CHADL	2	0	0	1.0	1.0
CHEK2	1	0	0	1.0	1.0
EFCAB6	1	0	0	1.0	1.0
EP300	2	0	0	1.0	1.0
GGT2	1	0	0	1.0	1.0
HIRA	2	0	0	1.0	1.0
MEI1	1	0	0	1.0	1.0
MICAL3	1	0	0	1.0	1.0
MICALL1	1	0	0	1.0	1.0
MPPED1	1	0	0	1.0	1.0
PICK1	2	0	0	1.0	1.0
PLXNB2	1	0	0	1.0	1.0
RIMBP3	1	0	0	1.0	1.0
SEC14L4	1	0	0	1.0	1.0
SLC5A1	1	0	0	1.0	1.0
SULT4A1	1	0	0	1.0	1.0
TOP3B	1	0	0	1.0	1.0
TMTC4	1	0	0	1.0	1.0
TRPC4	2	0	0	1.0	1.0
TUBGCP3	1	0	0	1.0	1.0
NOL4	1	0	0	1.0	1.0
PHLPP1	1	0	0	1.0	1.0
PIEZO2	2	0	0	1.0	1.0
PPP4R1	1	0	0	1.0	1.0
ROCK1	1	0	0	1.0	1.0
RTTN	2	0	0	1.0	1.0
TTC39C	1	0	0	1.0	1.0
TTR	1	0	0	1.0	1.0
APP	2	0	0	1.0	1.0
BRWD1	1	0	0	1.0	1.0
BTG3	1	0	0	1.0	1.0
PDE9A	1	0	0	1.0	1.0
PFKL	1	0	0	1.0	1.0
PRDM15	2	0	0	1.0	1.0
RIPK4	2	0	0	1.0	1.0
SIK1	1	0	0	1.0	1.0
SYNJ1	2	0	0	1.0	1.0
MYOM1	4	0	0	1.0	1.0
MYO5B	2	0	0	1.0	1.0
MEX3C	1	0	0	1.0	1.0
LAMA3	2	0	0	1.0	1.0
USP12	1	0	0	1.0	1.0
USPL1	1	0	0	1.0	1.0
UTP14C	1	0	0	1.0	1.0
VWA8	1	0	0	1.0	1.0
WBP4	1	0	0	1.0	1.0
ANKRD12	1	0	0	1.0	1.0
ANKRD62	3	0	0	1.0	1.0
ARHGAP28	2	0	0	1.0	1.0
CACNG2	1	0	0	1.0	1.0
ASXL3	1	0	0	1.0	1.0
C18orf63	1	0	0	1.0	1.0
CCBE1	1	0	0	1.0	1.0
CDH2	1	0	0	1.0	1.0
CDH20	2	0	0	1.0	1.0
CDH7	1	0	0	1.0	1.0
CELF4	2	0	0	1.0	1.0
CPLX4	2	0	0	1.0	1.0
CTIF	1	0	0	1.0	1.0
ATP9B	1	0	0	1.0	1.0
CACNA1I	1	0	0	1.0	1.0
CABIN1	1	0	0	1.0	1.0
ATF4	1	0	0	1.0	1.0
GABRB3	2	0	0	1.0	1.0
GOLGA6A	1	0	0	1.0	1.0
IMP3	1	0	0	1.0	1.0
ISL2	1	0	0	1.0	1.0
ISLR2	1	0	0	1.0	1.0
KIAA1024	2	0	0	1.0	1.0
LEO1	1	0	0	1.0	1.0
MAGEL2	1	0	0	1.0	1.0
MAP2K1	2	0	0	1.0	1.0
MEIS2	1	0	0	1.0	1.0
MYO5C	2	0	0	1.0	1.0
NDN	1	0	0	1.0	1.0
NPTN	2	0	0	1.0	1.0
NTRK3	2	0	0	1.0	1.0
PLA2G4D	1	0	0	1.0	1.0
PLA2G4E	2	0	0	1.0	1.0
RYR3	1	0	0	1.0	1.0
FMN1	1	0	0	1.0	1.0
FAH	1	0	0	1.0	1.0
EXD1	1	0	0	1.0	1.0
EMC4	1	0	0	1.0	1.0
TRAM1	1	0	0	1.0	1.0
TRPS1	1	0	0	1.0	1.0
UBR5	2	0	0	1.0	1.0
UNC5D	1	0	0	1.0	1.0
WHSC1L1	1	0	0	1.0	1.0
WWP1	1	0	0	1.0	1.0
XKR4	2	0	0	1.0	1.0
ZHX2	1	0	0	1.0	1.0
SLC12A6	2	0	0	1.0	1.0
ZNF703	1	0	0	1.0	1.0
ALPK3	2	0	0	1.0	1.0
AP3S2	2	0	0	1.0	1.0
ASB7	1	0	0	1.0	1.0
B2M	1	0	0	1.0	1.0
C15orf52	1	0	0	1.0	1.0
CHRNA5	2	0	0	1.0	1.0
CSPG4	1	0	0	1.0	1.0
DMXL2	1	0	0	1.0	1.0
ACTC1	2	0	0	1.0	1.0
TMEM2	2	0	0	1.0	1.0
SPTBN5	1	0	0	1.0	1.0
UBR1	4	0	0	1.0	1.0
PXMP4	1	0	0	1.0	1.0
ROMO1	1	0	0	1.0	1.0
RPRD1B	1	0	0	1.0	1.0
SLC23A2	1	0	0	1.0	1.0
SLC32A1	2	0	0	1.0	1.0
SLMO2	1	0	0	1.0	1.0
SNPH	1	0	0	1.0	1.0
SNX5	1	0	0	1.0	1.0
SPAG4	1	0	0	1.0	1.0
SYNDIG1	2	0	0	1.0	1.0
TTLL9	1	0	0	1.0	1.0
UCKL1	2	0	0	1.0	1.0
ZSWIM3	1	0	0	1.0	1.0
ACO2	2	0	0	1.0	1.0
AIFM3	1	0	0	1.0	1.0
APOL2	1	0	0	1.0	1.0
ASCC2	1	0	0	1.0	1.0
NPBWR2	1	0	0	1.0	1.0
MYH7B	1	0	0	1.0	1.0
LAMA5	1	0	0	1.0	1.0
KCNG1	1	0	0	1.0	1.0
UNC13C	1	0	0	1.0	1.0
VPS33B	2	0	0	1.0	1.0
WDR61	1	0	0	1.0	1.0
ZFAND6	1	0	0	1.0	1.0
ZNF770	1	0	0	1.0	1.0
ADAM33	1	0	0	1.0	1.0
APMAP	1	0	0	1.0	1.0
BFSP1	1	0	0	1.0	1.0
STARD5	1	0	0	1.0	1.0
BMP7	1	0	0	1.0	1.0
CNBD2	1	0	0	1.0	1.0
COL20A1	2	0	0	1.0	1.0
CSE1L	2	0	0	1.0	1.0
EDEM2	2	0	0	1.0	1.0
FOXA2	1	0	0	1.0	1.0
GZF1	2	0	0	1.0	1.0
HRH3	1	0	0	1.0	1.0
HSPA12B	1	0	0	1.0	1.0
CDH26	2	0	0	1.0	1.0
MDN1	1	0	0	1.0	1.0
TLE4	1	0	0	1.0	1.0
SPATA31D1	2	0	0	1.0	1.0
ELN	2	0	0	1.0	1.0
EZH2	1	0	0	1.0	1.0
FAM71F2	2	0	0	1.0	1.0
FBXO24	1	0	0	1.0	1.0
FSCN1	1	0	0	1.0	1.0
GATAD1	1	0	0	1.0	1.0
GPR85	2	0	0	1.0	1.0
GSTK1	1	0	0	1.0	1.0
GUSB	1	0	0	1.0	1.0
HDAC9	2	0	0	1.0	1.0
HNRNPA2B1	1	0	0	1.0	1.0
HOXA6	1	0	0	1.0	1.0
HTR5A	1	0	0	1.0	1.0
INHBA	1	0	0	1.0	1.0
KIAA1324L	2	0	0	1.0	1.0
KPNA7	2	0	0	1.0	1.0
LMBR1	1	0	0	1.0	1.0
EGFR	2	0	0	1.0	1.0
NACAD	2	0	0	1.0	1.0
DNAJB6	1	0	0	1.0	1.0
DGKB	1	0	0	1.0	1.0
VWF	1	0	0	1.0	1.0
WNK1	2	0	0	1.0	1.0
ZCCHC8	1	0	0	1.0	1.0
ZFC3H1	2	0	0	1.0	1.0
ZNF268	2	0	0	1.0	1.0
ABCA13	2	0	0	1.0	1.0
ACHE	1	0	0	1.0	1.0
ACTR3C	2	0	0	1.0	1.0
BCAP29	1	0	0	1.0	1.0
BRAF	2	0	0	1.0	1.0
CALCR	1	0	0	1.0	1.0
CALD1	1	0	0	1.0	1.0
CALN1	1	0	0	1.0	1.0
CARD11	1	0	0	1.0	1.0
CHRM2	1	0	0	1.0	1.0
COL28A1	1	0	0	1.0	1.0
CYP3A5	1	0	0	1.0	1.0
DNAH11	1	0	0	1.0	1.0
NOM1	3	0	0	1.0	1.0
NOS3	1	0	0	1.0	1.0
NUB1	1	0	0	1.0	1.0
CDH12	2	0	0	1.0	1.0
CHD1	1	0	0	1.0	1.0
CSF1R	1	0	0	1.0	1.0
DMXL1	1	0	0	1.0	1.0
ELL2	1	0	0	1.0	1.0
EPB41L4A	1	0	0	1.0	1.0
EXOC3	1	0	0	1.0	1.0
FAM169A	2	0	0	1.0	1.0
FAXDC2	1	0	0	1.0	1.0
FCHO2	1	0	0	1.0	1.0
FST	1	0	0	1.0	1.0
FSTL4	1	0	0	1.0	1.0
GPR98	4	0	0	1.0	1.0
IL12B	1	0	0	1.0	1.0
IPO11	1	0	0	1.0	1.0
IQGAP2	2	0	0	1.0	1.0
ITK	1	0	0	1.0	1.0
CDC20B	1	0	0	1.0	1.0
C5orf60	1	0	0	1.0	1.0
BTNL9	1	0	0	1.0	1.0
APBB3	1	0	0	1.0	1.0
PARP12	1	0	0	1.0	1.0
PCLO	3	0	0	1.0	1.0
PLXNA4	1	0	0	1.0	1.0
RFC2	1	0	0	1.0	1.0
SND1	2	0	0	1.0	1.0
TECPR1	2	0	0	1.0	1.0
THSD7A	1	0	0	1.0	1.0
TMEM184A	1	0	0	1.0	1.0
UTP20	1	0	0	1.0	1.0
TMUB1	2	0	0	1.0	1.0
TSPAN12	1	0	0	1.0	1.0
UBN2	3	0	0	1.0	1.0
ZFAND2A	1	0	0	1.0	1.0
ZNF12	1	0	0	1.0	1.0
ZNF736	2	0	0	1.0	1.0
ZYX	2	0	0	1.0	1.0
ADAMTS16	2	0	0	1.0	1.0
ANKHD1	2	0	0	1.0	1.0
TRBV5-1	2	0	0	1.0	1.0
KIAA0825	2	0	0	1.0	1.0
TRHDE	1	0	0	1.0	1.0
TMEM132D	5	0	0	1.0	1.0
TUBB	2	0	0	1.0	1.0
TUBB2A	2	0	0	1.0	1.0
UBR2	1	0	0	1.0	1.0
UNC93A	1	0	0	1.0	1.0
UTRN	1	0	0	1.0	1.0
VNN1	2	0	0	1.0	1.0
ZNF184	1	0	0	1.0	1.0
ZSCAN16	2	0	0	1.0	1.0
ZUFSP	1	0	0	1.0	1.0
ABCC9	1	0	0	1.0	1.0
ACVR1B	1	0	0	1.0	1.0
ADAMTS20	2	0	0	1.0	1.0
AGAP2	2	0	0	1.0	1.0
ANKRD33	1	0	0	1.0	1.0
APAF1	2	0	0	1.0	1.0
ATP5G2	1	0	0	1.0	1.0
ATXN7L3B	2	0	0	1.0	1.0
TAP1	1	0	0	1.0	1.0
B4GALNT3	2	0	0	1.0	1.0
SYNCRIP	1	0	0	1.0	1.0
SOBP	2	0	0	1.0	1.0
MRPL2	1	0	0	1.0	1.0
NOTCH4	1	0	0	1.0	1.0
OR2J3	2	0	0	1.0	1.0
PHF3	2	0	0	1.0	1.0
PNLDC1	1	0	0	1.0	1.0
PRDM1	1	0	0	1.0	1.0
PRDM13	1	0	0	1.0	1.0
PRICKLE4	1	0	0	1.0	1.0
REV3L	1	0	0	1.0	1.0
RHAG	1	0	0	1.0	1.0
ROS1	1	0	0	1.0	1.0
RPS12	1	0	0	1.0	1.0
RREB1	3	0	0	1.0	1.0
SCUBE3	1	0	0	1.0	1.0
SLC16A10	1	0	0	1.0	1.0
SLC25A27	1	0	0	1.0	1.0
SNX14	2	0	0	1.0	1.0
SYCP2L	1	0	0	1.0	1.0
C12orf49	1	0	0	1.0	1.0
C1S	1	0	0	1.0	1.0
CDK2	1	0	0	1.0	1.0
PRDM4	1	0	0	1.0	1.0
PSMD9	1	0	0	1.0	1.0
RAN	1	0	0	1.0	1.0
RAPGEF3	1	0	0	1.0	1.0
SCN8A	3	0	0	1.0	1.0
SCNN1A	1	0	0	1.0	1.0
SETD1B	1	0	0	1.0	1.0
SMARCC2	1	0	0	1.0	1.0
SPATS2	2	0	0	1.0	1.0
SRGAP1	1	0	0	1.0	1.0
STAT2	1	0	0	1.0	1.0
STAT6	1	0	0	1.0	1.0
SYT1	1	0	0	1.0	1.0
TAS2R31	2	0	0	1.0	1.0
TAS2R9	2	0	0	1.0	1.0
TBX3	1	0	0	1.0	1.0
TIMELESS	1	0	0	1.0	1.0
POLE	1	0	0	1.0	1.0
POC1B	1	0	0	1.0	1.0
PFKM	1	0	0	1.0	1.0
OVCH1	1	0	0	1.0	1.0
DDX11	1	0	0	1.0	1.0
DGKA	2	0	0	1.0	1.0
DHH	1	0	0	1.0	1.0
DNAJC14	1	0	0	1.0	1.0
EP400	2	0	0	1.0	1.0
ESYT1	1	0	0	1.0	1.0
GALNT9	2	0	0	1.0	1.0
GXYLT1	2	0	0	1.0	1.0
TPCN1	1	0	0	1.0	1.0
ITPR2	1	0	0	1.0	1.0
KRT85	2	0	0	1.0	1.0
LARP4	1	0	0	1.0	1.0
LRP1	1	0	0	1.0	1.0
LRP6	3	0	0	1.0	1.0
KMT2D	4	0	0	1.0	1.0
NTF3	2	0	0	1.0	1.0
NXPH4	1	0	0	1.0	1.0
OR6C3	2	0	0	1.0	1.0
KRAS	1	0	0	1.0	1.0
KIF4B	2	0	0	1.0	1.0
MAP3K1	1	0	0	1.0	1.0
MAST4	2	0	0	1.0	1.0
SLX4	1	0	0	1.0	1.0
SMG1	1	0	0	1.0	1.0
SMPD3	1	0	0	1.0	1.0
SPNS1	2	0	0	1.0	1.0
SRCAP	1	0	0	1.0	1.0
TEPP	1	0	0	1.0	1.0
TNRC6A	1	0	0	1.0	1.0
TRAP1	2	0	0	1.0	1.0
UBFD1	1	0	0	1.0	1.0
WWP2	1	0	0	1.0	1.0
ZFHX3	1	0	0	1.0	1.0
ZNF423	2	0	0	1.0	1.0
ZSCAN32	1	0	0	1.0	1.0
ZNF469	2	0	0	1.0	1.0
ZNF500	2	0	0	1.0	1.0
ZNF598	1	0	0	1.0	1.0
ZNF821	1	0	0	1.0	1.0
SEC14L5	2	0	0	1.0	1.0
ZSCAN10	1	0	0	1.0	1.0
SALL1	2	0	0	1.0	1.0
RFWD3	1	0	0	1.0	1.0
FUS	1	0	0	1.0	1.0
GLG1	1	0	0	1.0	1.0
GPR97	1	0	0	1.0	1.0
HYDIN	1	0	0	1.0	1.0
ITGAX	2	0	0	1.0	1.0
MVD	2	0	0	1.0	1.0
NDUFB10	1	0	0	1.0	1.0
NOD2	1	0	0	1.0	1.0
NOXO1	1	0	0	1.0	1.0
NPIPB7	1	0	0	1.0	1.0
OGFOD1	1	0	0	1.0	1.0
PDIA2	1	0	0	1.0	1.0
PKD1L2	1	0	0	1.0	1.0
PLEKHG4	1	0	0	1.0	1.0
POLR3E	2	0	0	1.0	1.0
PRMT7	1	0	0	1.0	1.0
QPRT	1	0	0	1.0	1.0
RNPS1	1	0	0	1.0	1.0
ADAMTS13	2	0	0	1.0	1.0
ADAMTSL1	1	0	0	1.0	1.0
AK3	2	0	0	1.0	1.0
IL33	1	0	0	1.0	1.0
KIAA2026	2	0	0	1.0	1.0
LCN12	1	0	0	1.0	1.0
MPDZ	4	0	0	1.0	1.0
NAA35	1	0	0	1.0	1.0
NEK6	1	0	0	1.0	1.0
NOTCH1	1	0	0	1.0	1.0
NPR2	3	0	0	1.0	1.0
ODF2	2	0	0	1.0	1.0
ORM1	1	0	0	1.0	1.0
PTCH1	2	0	0	1.0	1.0
PTPN3	1	0	0	1.0	1.0
RABGAP1	6	0	0	1.0	1.0
RECK	1	0	0	1.0	1.0
ROR2	2	0	0	1.0	1.0
SETX	1	0	0	1.0	1.0
SNX30	1	0	0	1.0	1.0
IARS	1	0	0	1.0	1.0
HAUS6	2	0	0	1.0	1.0
GPR21	1	0	0	1.0	1.0
GCNT1	1	0	0	1.0	1.0
AKNA	2	0	0	1.0	1.0
AMBP	1	0	0	1.0	1.0
ATP6V1G1	1	0	0	1.0	1.0
C9orf152	1	0	0	1.0	1.0
C9orf85	1	0	0	1.0	1.0
CDC37L1	2	0	0	1.0	1.0
CDKN2A	1	0	0	1.0	1.0
CNTLN	2	0	0	1.0	1.0
EEF2K	1	0	0	1.0	1.0
CNTNAP3	2	0	0	1.0	1.0
COL5A1	1	0	0	1.0	1.0
CRAT	1	0	0	1.0	1.0
DAPK1	3	0	0	1.0	1.0
DENND1A	1	0	0	1.0	1.0
DENND4C	1	0	0	1.0	1.0
DNAI1	1	0	0	1.0	1.0
ECM2	1	0	0	1.0	1.0
ABHD17B	1	0	0	1.0	1.0
CNTRL	1	0	0	1.0	1.0
DDX19A	1	0	0	1.0	1.0
COG8	1	0	0	1.0	1.0
CNOT1	1	0	0	1.0	1.0
SLC22A5	1	0	0	1.0	1.0
SLC6A18	1	0	0	1.0	1.0
SLC9A3	2	0	0	1.0	1.0
SPINK5	1	0	0	1.0	1.0
SPRY4	1	0	0	1.0	1.0
SREK1IP1	1	0	0	1.0	1.0
SRFBP1	2	0	0	1.0	1.0
SSBP2	1	0	0	1.0	1.0
TENM2	4	0	0	1.0	1.0
WDR55	1	0	0	1.0	1.0
ZFP2	1	0	0	1.0	1.0
ZFR	1	0	0	1.0	1.0
ZNF354A	1	0	0	1.0	1.0
ZNF354C	1	0	0	1.0	1.0
ADAM21	1	0	0	1.0	1.0
ANGEL1	2	0	0	1.0	1.0
ASB2	1	0	0	1.0	1.0
SKP2	1	0	0	1.0	1.0
SGTB	1	0	0	1.0	1.0
SAP30L	1	0	0	1.0	1.0
RIOK2	4	0	0	1.0	1.0
MYOT	1	0	0	1.0	1.0
NSD1	2	0	0	1.0	1.0
PAIP2	2	0	0	1.0	1.0
PCDHA11	2	0	0	1.0	1.0
PCDHA5	2	0	0	1.0	1.0
PCDHB7	1	0	0	1.0	1.0
PCDHGA3	1	0	0	1.0	1.0
PCDHGA4	3	0	0	1.0	1.0
ATP5S	1	0	0	1.0	1.0
PCDHGA6	1	0	0	1.0	1.0
PIK3R1	2	0	0	1.0	1.0
PJA2	1	0	0	1.0	1.0
PLCXD3	2	0	0	1.0	1.0
PPAP2A	1	0	0	1.0	1.0
PTCD2	2	0	0	1.0	1.0
PTGER4	1	0	0	1.0	1.0
RAD17	1	0	0	1.0	1.0
RAD50	1	0	0	1.0	1.0
PCDHGB1	1	0	0	1.0	1.0
SVEP1	1	0	0	1.0	1.0
BMP4	1	0	0	1.0	1.0
CIDEB	1	0	0	1.0	1.0
SCFD1	1	0	0	1.0	1.0
SLC8A3	2	0	0	1.0	1.0
SOCS4	1	0	0	1.0	1.0
SRP54	1	0	0	1.0	1.0
SYNE2	1	0	0	1.0	1.0
SYNJ2BP	1	0	0	1.0	1.0
TMED8	1	0	0	1.0	1.0
TTC8	1	0	0	1.0	1.0
ZNF410	1	0	0	1.0	1.0
ACSM2B	1	0	0	1.0	1.0
ACSM5	1	0	0	1.0	1.0
ADAMTS18	1	0	0	1.0	1.0
ATXN1L	1	0	0	1.0	1.0
C16orf86	1	0	0	1.0	1.0
CASKIN1	1	0	0	1.0	1.0
CDH13	3	0	0	1.0	1.0
CDIPT	1	0	0	1.0	1.0
SAMD4A	1	0	0	1.0	1.0
RTN1	1	0	0	1.0	1.0
PTGER2	1	0	0	1.0	1.0
PRPF39	1	0	0	1.0	1.0
CMA1	2	0	0	1.0	1.0
DICER1	2	0	0	1.0	1.0
DLK1	2	0	0	1.0	1.0
DNAAF2	2	0	0	1.0	1.0
DPF3	1	0	0	1.0	1.0
ELMSAN1	1	0	0	1.0	1.0
EML5	3	0	0	1.0	1.0
GPX2	1	0	0	1.0	1.0
CDC42BPB	1	0	0	1.0	1.0
HAUS4	1	0	0	1.0	1.0
KCNK13	1	0	0	1.0	1.0
AREL1	1	0	0	1.0	1.0
LRRC16B	1	0	0	1.0	1.0
NRXN3	2	0	0	1.0	1.0
OR4N2	1	0	0	1.0	1.0
OR4Q3	1	0	0	1.0	1.0
OTX2	1	0	0	1.0	1.0
POTEG	1	0	0	1.0	1.0
IGHV3-48	1	0	0	1.0	1.0
ITPR3	1	0	0	1.0	1.0
