gene	Total SNV Mutations	SNVs Unmapped to Ref Tx	inactivating count	inactivating p-value	inactivating BH q-value
KMT2D	7	0	4	0.00095	0.1786
CRMP1	1	0	1	0.00652	0.20770084008361064
NOTUM	1	0	1	0.00946	0.20770084008361064
PEX5L	2	0	2	0.010786904697696996	0.20770084008361064
B2M	3	0	2	0.011071990079496889	0.20770084008361064
C6orf211	2	0	2	0.011924351911473612	0.20770084008361064
ST6GAL1	1	0	1	0.014979926897956738	0.20770084008361064
ADO	1	0	1	0.01646009250571988	0.20770084008361064
SEC62	1	0	1	0.017141779659564257	0.20770084008361064
KLHL14	4	0	2	0.01809299800977022	0.20770084008361064
KCNH8	1	0	1	0.020125583641925616	0.20770084008361064
MX1	1	0	1	0.021435308239732487	0.20770084008361064
FAS	3	0	2	0.023672000757504023	0.20770084008361064
L3MBTL4	1	0	1	0.024123124427075794	0.20770084008361064
ABCG4	1	0	1	0.02738375595596692	0.20770084008361064
LARP1B	1	0	1	0.02796733415370847	0.20770084008361064
APMAP	1	0	1	0.028575510787255322	0.20770084008361064
EIF3B	1	0	1	0.029533372711163616	0.20770084008361064
CD58	1	0	1	0.029798265740933878	0.20770084008361064
PDCL3	1	0	1	0.03009147809340395	0.20770084008361064
CYSLTR1	1	0	1	0.031414928373963306	0.20770084008361064
FBLN5	1	0	1	0.031750063500127	0.20770084008361064
PRB1	1	0	1	0.031896909189499535	0.20770084008361064
EDRF1	1	0	1	0.031896909189499535	0.20770084008361064
TECRL	1	0	1	0.03238132245320899	0.20770084008361064
PAX5	1	0	1	0.03252984613382779	0.20770084008361064
C1orf87	1	0	1	0.032599837000814993	0.20770084008361064
KLF2	2	0	1	0.03568369968598344	0.20770084008361064
ST7L	1	0	1	0.03640069889341875	0.20770084008361064
MAGEL2	1	0	1	0.03648436644897661	0.20770084008361064
RIMS4	1	0	1	0.03725643604932752	0.20770084008361064
SLC12A9	1	0	1	0.03753190211679928	0.20770084008361064
C1QTNF2	1	0	1	0.03778432706113504	0.20770084008361064
KLRC4	1	0	1	0.038821382817655965	0.20770084008361064
FAM161A	1	0	1	0.03951475876239775	0.20770084008361064
ZNF708	1	0	1	0.039772501292606295	0.20770084008361064
RGS14	1	0	1	0.041677085938151205	0.20848257950616242
ZFHX4	4	0	2	0.04373496610540127	0.20848257950616242
ANO1	2	0	1	0.04394445420987871	0.20848257950616242
RAB8A	1	0	1	0.04783544606553456	0.20848257950616242
MMEL1	1	0	1	0.049714143673875215	0.20848257950616242
UBE2A	1	0	1	0.051472102120650606	0.20848257950616242
ABCC5	1	0	1	0.05364519070865297	0.20848257950616242
SUSD2	1	0	1	0.05451968160505943	0.20848257950616242
WDR72	1	0	1	0.05452265416280465	0.20848257950616242
ZBTB17	1	0	1	0.05461198186882202	0.20848257950616242
C15orf39	1	0	1	0.056596298602071424	0.20848257950616242
UNC5B	1	0	1	0.05682463916354131	0.20848257950616242
PPP2R2B	1	0	1	0.05714938850154303	0.20848257950616242
COG4	1	0	1	0.05933309600094933	0.20848257950616242
HIST1H2BD	2	0	1	0.06012144531954548	0.20848257950616242
SYT15	1	0	1	0.06247266820765915	0.20848257950616242
FANCD2	1	0	1	0.06475006475006476	0.20848257950616242
KIRREL3	3	0	1	0.06490977541217707	0.20848257950616242
ZC3H12A	3	0	1	0.06578081831337981	0.20848257950616242
MLLT6	1	0	1	0.06691648822269808	0.20848257950616242
SLC16A12	1	0	1	0.06745817593092283	0.20848257950616242
ZFX	1	0	1	0.0675584380489123	0.20848257950616242
SOCS1	3	0	1	0.07321180174244088	0.20848257950616242
ARHGAP21	1	0	1	0.07477194556602362	0.20848257950616242
PLB1	1	0	1	0.07505817008181341	0.20848257950616242
SH3TC1	1	0	1	0.07631840036632832	0.20848257950616242
RAPH1	1	0	1	0.08050881571532083	0.20848257950616242
WNT7B	1	0	1	0.08101101749837979	0.20848257950616242
PABPC1	2	0	1	0.08130742336775347	0.20848257950616242
GPCPD1	1	0	1	0.08177283506419168	0.20848257950616242
IDH3B	1	0	1	0.08225037012666557	0.20848257950616242
VWA3A	1	0	1	0.08241984669908514	0.20848257950616242
PTPRA	1	0	1	0.08242664029014177	0.20848257950616242
BTK	1	0	1	0.08400537634408602	0.20848257950616242
ID3	1	0	1	0.08515711487694796	0.20848257950616242
PLCL2	1	0	1	0.08542627712284298	0.20848257950616242
CD70	1	0	1	0.0854481756814492	0.20848257950616242
RFX6	1	0	1	0.08606592649969877	0.20848257950616242
SRSF1	1	0	1	0.08793527963418923	0.20848257950616242
EVC	3	0	1	0.08819897689186805	0.20848257950616242
CASP1	1	0	1	0.08965393580778196	0.20848257950616242
SNX4	1	0	1	0.08990380293086397	0.20848257950616242
FAM117A	1	0	1	0.09019572472264814	0.20848257950616242
RECQL5	1	0	1	0.09085127646043427	0.20848257950616242
DOK5	1	0	1	0.09087604507451835	0.20848257950616242
DAZAP1	1	0	1	0.09093389106119851	0.20848257950616242
BIRC8	1	0	1	0.09366804046459348	0.2084927526588371
CSNK2A1	1	0	1	0.09384384384384384	0.2084927526588371
FARSB	1	0	1	0.0945179584120983	0.2084927526588371
BRWD3	1	0	1	0.09537434430138293	0.2084927526588371
GBA	1	0	1	0.0966183574879227	0.2087844966405686
ZFP42	1	0	1	0.0984251968503937	0.2102720114531138
PTGFRN	1	0	1	0.10105092966855295	0.2134558963785163
SRCAP	1	0	1	0.10261672652642381	0.2143549398551964
BCL10	1	0	1	0.10550749103186326	0.21503605285311664
CCDC178	1	0	1	0.10551862403714256	0.21503605285311664
SNX27	1	0	1	0.10730765103551883	0.21503605285311664
RFX7	1	0	1	0.10837758751490192	0.21503605285311664
PINK1	2	0	1	0.10972130787798991	0.21503605285311664
FGGY	1	0	1	0.10980564401010212	0.21503605285311664
TNF	2	0	1	0.11731581417175035	0.2197034237506413
CYBB	1	0	1	0.11887779362815026	0.2197034237506413
C17orf89	1	0	1	0.11892020454275182	0.2197034237506413
FRMD4B	1	0	1	0.11892020454275182	0.2197034237506413
ADK	1	0	1	0.11938872970391595	0.2197034237506413
IRAK2	1	0	1	0.12039489525644112	0.2197034237506413
PDLIM5	1	0	1	0.12232415902140673	0.2197034237506413
FOXC1	3	0	1	0.12266928361138371	0.2197034237506413
IGHG1	19	0	3	0.12476606363069245	0.2197034237506413
FAM13A	1	0	1	0.12509382036527394	0.2197034237506413
GRID1	3	0	1	0.12706480304955528	0.2197034237506413
ZFC3H1	2	0	1	0.1274534794799898	0.2197034237506413
BIRC6	2	0	1	0.12863390789812196	0.2197034237506413
OR2L2	1	0	1	0.1287001287001287	0.2197034237506413
TMEM30A	1	0	1	0.12971851083149566	0.2197034237506413
UGT2B7	1	0	1	0.13231013495633764	0.2207365556173931
FAF2	1	0	1	0.1332800213248034	0.2207365556173931
CEP112	1	0	1	0.13385089010841922	0.2207365556173931
ARID1A	2	0	1	0.1372872048325096	0.22443473485662443
MTMR1	2	0	1	0.1401541695865452	0.22580629663260357
PRDM1	2	0	1	0.1405283867341203	0.22580629663260357
CCDC60	1	0	1	0.1419244961680386	0.22611699389484113
KCTD20	2	0	1	0.14417531718569782	0.22777277000765705
SFTPD	2	0	1	0.14867677668748142	0.2329269501437209
NFKBIA	2	0	1	0.1501276084671971	0.23325611894076906
PLCB1	2	0	1	0.15248551387618176	0.23497767712067352
MYO9B	2	0	1	0.1583029919265474	0.2417683036609894
CDH18	2	0	1	0.15946420028703556	0.2417683036609894
TP53	3	0	1	0.16286644951140064	0.24352268517439077
LRP1B	4	0	1	0.16321201240411295	0.24352268517439077
CPAMD8	2	0	1	0.16605778811026237	0.245487213772355
PHLDA1	1	0	1	0.1671402306535183	0.245487213772355
CEP104	2	0	1	0.17593244194229415	0.25464938301705337
DDX3X	1	0	1	0.17608733932030288	0.25464938301705337
ETV5	1	0	1	0.17761989342806395	0.2549048852250078
FAT1	4	0	1	0.1830831197363603	0.25867347289776205
CD274	2	0	1	0.18545994065281898	0.25867347289776205
PDP1	1	0	1	0.18688095683049896	0.25867347289776205
TMSB4X	2	0	1	0.18789928598271327	0.25867347289776205
FLNC	3	0	1	0.1884303749764462	0.25867347289776205
RPS6KA6	1	0	1	0.1885014137606032	0.25867347289776205
PLXDC2	1	0	1	0.1907304978065993	0.2595505633489754
TET2	2	0	1	0.19190174630589138	0.2595505633489754
IGKV1-5	3	0	1	0.19440124416796267	0.26105309931126414
ITCH	1	0	1	0.19607843137254902	0.261437908496732
AGA	2	0	1	0.20267531414673692	0.2683306976027221
C7	2	0	1	0.20429009193054137	0.2685771837967956
AVIL	2	0	1	0.20824656393169513	0.2717041777407798
PPP1R3A	1	0	1	0.21222410865874364	0.2717041777407798
CCSER1	2	0	1	0.21222410865874364	0.2717041777407798
UBR4	3	0	1	0.21244954323348206	0.2717041777407798
ALMS1	2	0	1	0.21528525296017223	0.27347045646292145
COPZ2	1	0	1	0.2246686137946529	0.2834744925731191
INO80	2	0	1	0.23651844843897823	0.29468239351071746
KIF13A	2	0	1	0.23668639053254437	0.29468239351071746
WDR64	1	0	1	0.2407318247472316	0.2977472569242075
SHANK2	4	0	1	0.2505637684790779	0.30788227760827874
CFI	1	0	1	0.2724795640326976	0.33062502198304666
NFYB	1	0	1	0.2733734281027884	0.33062502198304666
SPTA1	2	0	1	0.27434842249657065	0.33062502198304666
MYO1E	1	0	1	0.27693159789531985	0.33161235926318555
CCDC81	2	0	1	0.28042624789680315	0.3318523539452479
CLEC7A	1	0	1	0.280662363177098	0.3318523539452479
CNTNAP5	2	0	1	0.2875215641173088	0.3375836552049833
HTR2A	1	0	1	0.28910089621277824	0.3375836552049833
SEPT6	1	0	1	0.30404378230465184	0.35284093255107746
LRIG2	1	0	1	0.3118178983473651	0.35964272938223707
CD79A	1	0	1	0.32873109796186717	0.3768380879075062
CASP8	2	0	1	0.3354579000335458	0.38221869822004007
CTSL	1	0	1	0.3427004797806717	0.3825399021674548
CARS2	3	0	1	0.34305317324185247	0.3825399021674548
FAM205A	1	0	1	0.3437607425232039	0.3825399021674548
CSDE1	1	0	1	0.343878954607978	0.3825399021674548
BTG1	6	0	1	0.3502626970227671	0.3873493355310601
COL21A1	5	0	1	0.36737692872887584	0.4038997812925652
SPEN	1	0	1	0.37037037037037035	0.404823428079242
ZC3H13	1	0	1	0.3812428516965307	0.4142985902829351
UTS2B	1	0	1	0.39093041438623927	0.4223845856586953
IGLV3-1	21	0	2	0.39556962025316456	0.42371353359056646
XRCC2	1	0	1	0.3966679888932963	0.42371353359056646
MSN	1	0	1	0.4192872117400419	0.44534460907981854
RB1CC1	1	0	1	0.4366812227074236	0.45883762761421515
SETD1B	2	0	1	0.436871996505024	0.45883762761421515
CASC1	1	0	1	0.4694835680751174	0.4903495044340115
IGHV4-34	16	0	2	0.4791566842357451	0.4976876057255253
IGLL5	32	0	2	0.6188118811881188	0.6392122728756393
IGHV1-69	12	0	1	0.6605019815059445	0.6785484837328829
IGHD1-7	1	0	1	0.6662225183211192	0.6807056165454914
IGHG2	18	0	1	0.6821282401091405	0.6931897791379374
PIM1	23	0	1	0.7880220646178093	0.7964954201513341
IGHV2-70	55	0	1	0.946969696969697	0.9520337060444013
SAMD14	1	0	0	1.0	1.0
ABCA8	1	0	0	1.0	1.0
ABR	1	0	0	1.0	1.0
ACACA	1	0	0	1.0	1.0
ACOX1	1	0	0	1.0	1.0
ACTG1	1	0	0	1.0	1.0
ADPRM	1	0	0	1.0	1.0
ALOXE3	1	0	0	1.0	1.0
ANKFY1	1	0	0	1.0	1.0
ARHGAP44	1	0	0	1.0	1.0
ASIC2	1	0	0	1.0	1.0
ATP5G1	1	0	0	1.0	1.0
BRCA1	1	0	0	1.0	1.0
C17orf102	1	0	0	1.0	1.0
CACNA1G	1	0	0	1.0	1.0
CACNG5	1	0	0	1.0	1.0
CASC3	1	0	0	1.0	1.0
CASKIN2	1	0	0	1.0	1.0
CCDC40	1	0	0	1.0	1.0
CCDC47	2	0	0	1.0	1.0
CCDC57	1	0	0	1.0	1.0
CD300LB	1	0	0	1.0	1.0
CD79B	5	0	0	1.0	1.0
CHD3	2	0	0	1.0	1.0
COASY	1	0	0	1.0	1.0
COX10	1	0	0	1.0	1.0
AATF	1	0	0	1.0	1.0
ZNF804A	1	0	0	1.0	1.0
ZNF513	1	0	0	1.0	1.0
ZDBF2	1	0	0	1.0	1.0
SH3RF3	1	0	0	1.0	1.0
SH3YL1	1	0	0	1.0	1.0
SLC20A1	1	0	0	1.0	1.0
SLC30A6	1	0	0	1.0	1.0
SLC4A1AP	1	0	0	1.0	1.0
SLC9A2	1	0	0	1.0	1.0
SMYD1	2	0	0	1.0	1.0
SPAG16	1	0	0	1.0	1.0
SPATS2L	1	0	0	1.0	1.0
SPHKAP	2	0	0	1.0	1.0
SPRED2	1	0	0	1.0	1.0
SRSF7	2	0	0	1.0	1.0
CRLF3	1	0	0	1.0	1.0
SSFA2	1	0	0	1.0	1.0
TMEM237	1	0	0	1.0	1.0
TNS1	1	0	0	1.0	1.0
TPO	3	0	0	1.0	1.0
TTN	5	0	0	1.0	1.0
TUBA3E	1	0	0	1.0	1.0
UGT1A3	1	0	0	1.0	1.0
UNC80	3	0	0	1.0	1.0
VAX2	1	0	0	1.0	1.0
VIT	1	0	0	1.0	1.0
XPO1	1	0	0	1.0	1.0
XRCC5	2	0	0	1.0	1.0
ZAP70	2	0	0	1.0	1.0
STAT4	1	0	0	1.0	1.0
SH3BP4	1	0	0	1.0	1.0
CWC25	2	0	0	1.0	1.0
DLX4	1	0	0	1.0	1.0
KRTAP9-8	1	0	0	1.0	1.0
LLGL2	1	0	0	1.0	1.0
LRRC37B	1	0	0	1.0	1.0
MAP2K3	1	0	0	1.0	1.0
METTL16	1	0	0	1.0	1.0
METTL2A	1	0	0	1.0	1.0
MYH1	2	0	0	1.0	1.0
MYO1D	1	0	0	1.0	1.0
NEURL4	1	0	0	1.0	1.0
OR3A1	1	0	0	1.0	1.0
PER1	1	0	0	1.0	1.0
PFN1	1	0	0	1.0	1.0
PHF12	1	0	0	1.0	1.0
PIP4K2B	1	0	0	1.0	1.0
PITPNM3	2	0	0	1.0	1.0
PLCD3	1	0	0	1.0	1.0
PPP1R9B	1	0	0	1.0	1.0
PYY	1	0	0	1.0	1.0
RAB37	1	0	0	1.0	1.0
RAI1	1	0	0	1.0	1.0
RAP1GAP2	1	0	0	1.0	1.0
RASD1	1	0	0	1.0	1.0
RHOT1	1	0	0	1.0	1.0
RNFT1	1	0	0	1.0	1.0
RTN4RL1	1	0	0	1.0	1.0
KRTAP4-6	1	0	0	1.0	1.0
KRT33A	1	0	0	1.0	1.0
KRT13	1	0	0	1.0	1.0
KRT12	1	0	0	1.0	1.0
DNAH17	2	0	0	1.0	1.0
DNAH9	2	0	0	1.0	1.0
DNAI2	1	0	0	1.0	1.0
DNAJC7	1	0	0	1.0	1.0
DRG2	1	0	0	1.0	1.0
ENPP7	1	0	0	1.0	1.0
EXOC7	1	0	0	1.0	1.0
FAM64A	1	0	0	1.0	1.0
FKBP10	1	0	0	1.0	1.0
FOXK2	1	0	0	1.0	1.0
FSCN2	1	0	0	1.0	1.0
GAS2L2	1	0	0	1.0	1.0
DDX42	1	0	0	1.0	1.0
GEMIN4	1	0	0	1.0	1.0
GLP2R	1	0	0	1.0	1.0
GNA13	2	0	0	1.0	1.0
GRB2	1	0	0	1.0	1.0
GRIN2C	1	0	0	1.0	1.0
HELZ	1	0	0	1.0	1.0
HN1	1	0	0	1.0	1.0
HOXB5	1	0	0	1.0	1.0
ICT1	1	0	0	1.0	1.0
IKZF3	1	0	0	1.0	1.0
ITGB3	1	0	0	1.0	1.0
ITGB4	2	0	0	1.0	1.0
KCNH6	1	0	0	1.0	1.0
GGNBP2	1	0	0	1.0	1.0
SEMA4C	1	0	0	1.0	1.0
DIS3L2	1	0	0	1.0	1.0
SCN9A	1	0	0	1.0	1.0
DRC1	1	0	0	1.0	1.0
DUSP2	4	0	0	1.0	1.0
DYSF	1	0	0	1.0	1.0
EIF2B4	1	0	0	1.0	1.0
EPB41L5	1	0	0	1.0	1.0
EPC2	1	0	0	1.0	1.0
ERBB4	1	0	0	1.0	1.0
ETAA1	1	0	0	1.0	1.0
FAM178B	2	0	0	1.0	1.0
FAM179A	1	0	0	1.0	1.0
FANCL	1	0	0	1.0	1.0
FMNL2	1	0	0	1.0	1.0
FN1	2	0	0	1.0	1.0
FOXD4L1	1	0	0	1.0	1.0
GBX2	1	0	0	1.0	1.0
GLI2	2	0	0	1.0	1.0
GLS	1	0	0	1.0	1.0
GPAT2	1	0	0	1.0	1.0
GPC1	1	0	0	1.0	1.0
GPR113	1	0	0	1.0	1.0
GTDC1	1	0	0	1.0	1.0
GULP1	1	0	0	1.0	1.0
HEATR5B	1	0	0	1.0	1.0
HOXD11	1	0	0	1.0	1.0
IFT172	1	0	0	1.0	1.0
DPYSL5	1	0	0	1.0	1.0
DPP10	1	0	0	1.0	1.0
DOK1	1	0	0	1.0	1.0
DNAH7	1	0	0	1.0	1.0
VWCE	1	0	0	1.0	1.0
ABCA12	1	0	0	1.0	1.0
ACSL3	1	0	0	1.0	1.0
AGAP1	1	0	0	1.0	1.0
ARHGEF4	1	0	0	1.0	1.0
ASPRV1	1	0	0	1.0	1.0
AUP1	2	0	0	1.0	1.0
BAZ2B	1	0	0	1.0	1.0
BCL11A	1	0	0	1.0	1.0
C2orf71	1	0	0	1.0	1.0
C2orf91	1	0	0	1.0	1.0
CAD	1	0	0	1.0	1.0
IGKC	1	0	0	1.0	1.0
CD8A	1	0	0	1.0	1.0
CERS6	1	0	0	1.0	1.0
COL3A1	1	0	0	1.0	1.0
COL4A3	2	0	0	1.0	1.0
COL5A2	2	0	0	1.0	1.0
COL6A3	1	0	0	1.0	1.0
COLEC11	1	0	0	1.0	1.0
CPS1	2	0	0	1.0	1.0
CTNNA2	1	0	0	1.0	1.0
ACKR3	1	0	0	1.0	1.0
DGKD	1	0	0	1.0	1.0
SDK2	1	0	0	1.0	1.0
DNAH6	1	0	0	1.0	1.0
CDCA7	1	0	0	1.0	1.0
IGKJ2	1	0	0	1.0	1.0
IGKJ4	5	0	0	1.0	1.0
IGKJ5	2	0	0	1.0	1.0
MRPL19	1	0	0	1.0	1.0
MYT1L	2	0	0	1.0	1.0
NBAS	1	0	0	1.0	1.0
NCKAP5	1	0	0	1.0	1.0
NDUFS1	1	0	0	1.0	1.0
NEB	5	0	0	1.0	1.0
NGEF	1	0	0	1.0	1.0
NMUR1	2	0	0	1.0	1.0
NRP2	1	0	0	1.0	1.0
PARD3B	2	0	0	1.0	1.0
PELI1	1	0	0	1.0	1.0
PER2	1	0	0	1.0	1.0
MGAT5	1	0	0	1.0	1.0
PGAP1	1	0	0	1.0	1.0
PLEK	1	0	0	1.0	1.0
PLEKHH2	1	0	0	1.0	1.0
PLEKHM3	1	0	0	1.0	1.0
POU3F3	1	0	0	1.0	1.0
PTPN4	1	0	0	1.0	1.0
RAB17	1	0	0	1.0	1.0
RAPGEF4	1	0	0	1.0	1.0
REEP1	1	0	0	1.0	1.0
RETSAT	1	0	0	1.0	1.0
SCN1A	1	0	0	1.0	1.0
SCN3A	2	0	0	1.0	1.0
SCN7A	1	0	0	1.0	1.0
PIGF	1	0	0	1.0	1.0
SDPR	2	0	0	1.0	1.0
MFSD6	2	0	0	1.0	1.0
MBOAT2	1	0	0	1.0	1.0
IGKV1-16	2	0	0	1.0	1.0
IGKV1-17	1	0	0	1.0	1.0
IGKV1-33	3	0	0	1.0	1.0
IGKV1D-12	1	0	0	1.0	1.0
IGKV1D-43	4	0	0	1.0	1.0
IGKV2-24	1	0	0	1.0	1.0
IGKV2D-30	4	0	0	1.0	1.0
IGKV3-20	2	0	0	1.0	1.0
IGKV3D-11	1	0	0	1.0	1.0
IGKV4-1	9	0	0	1.0	1.0
IKZF2	1	0	0	1.0	1.0
IL18R1	1	0	0	1.0	1.0
MERTK	1	0	0	1.0	1.0
INHA	1	0	0	1.0	1.0
IWS1	1	0	0	1.0	1.0
KCNK3	1	0	0	1.0	1.0
KDM3A	1	0	0	1.0	1.0
KIDINS220	1	0	0	1.0	1.0
KIF3C	1	0	0	1.0	1.0
KLHL29	1	0	0	1.0	1.0
LOXL3	1	0	0	1.0	1.0
LPIN1	1	0	0	1.0	1.0
LRP2	3	0	0	1.0	1.0
LRRTM4	1	0	0	1.0	1.0
MARCH7	1	0	0	1.0	1.0
MARCO	1	0	0	1.0	1.0
INPP5D	1	0	0	1.0	1.0
SGSH	1	0	0	1.0	1.0
NBEAL2	1	0	0	1.0	1.0
SLC16A3	1	0	0	1.0	1.0
AARS2	1	0	0	1.0	1.0
ABCF1	1	0	0	1.0	1.0
ABT1	1	0	0	1.0	1.0
AIM1	1	0	0	1.0	1.0
ALDH5A1	1	0	0	1.0	1.0
ALDH8A1	1	0	0	1.0	1.0
BAI3	3	0	0	1.0	1.0
BMP5	1	0	0	1.0	1.0
C6orf48	1	0	0	1.0	1.0
CCND3	1	0	0	1.0	1.0
CLPSL1	1	0	0	1.0	1.0
COL9A1	1	0	0	1.0	1.0
CSNK2B	1	0	0	1.0	1.0
CUL7	1	0	0	1.0	1.0
DEK	1	0	0	1.0	1.0
DSP	1	0	0	1.0	1.0
DST	2	0	0	1.0	1.0
EPHA7	1	0	0	1.0	1.0
EYA4	1	0	0	1.0	1.0
FAM26E	1	0	0	1.0	1.0
FILIP1	1	0	0	1.0	1.0
FKBP5	1	0	0	1.0	1.0
FNDC1	1	0	0	1.0	1.0
GCM2	1	0	0	1.0	1.0
GPR116	1	0	0	1.0	1.0
ZPLD1	2	0	0	1.0	1.0
ZNF501	1	0	0	1.0	1.0
ZNF445	1	0	0	1.0	1.0
ZNF385D	1	0	0	1.0	1.0
SI	1	0	0	1.0	1.0
SLC4A7	1	0	0	1.0	1.0
SNRK	1	0	0	1.0	1.0
TAGLN3	1	0	0	1.0	1.0
TBC1D23	1	0	0	1.0	1.0
TBL1XR1	2	0	0	1.0	1.0
THOC7	1	0	0	1.0	1.0
THRB	1	0	0	1.0	1.0
TMEM108	1	0	0	1.0	1.0
TNK2	1	0	0	1.0	1.0
TRAK1	1	0	0	1.0	1.0
TRANK1	1	0	0	1.0	1.0
GPX5	1	0	0	1.0	1.0
TRIM71	1	0	0	1.0	1.0
TTC21A	2	0	0	1.0	1.0
USP4	1	0	0	1.0	1.0
VEPH1	1	0	0	1.0	1.0
VGLL3	1	0	0	1.0	1.0
VPS8	1	0	0	1.0	1.0
WDR6	1	0	0	1.0	1.0
XRN1	2	0	0	1.0	1.0
ZBBX	2	0	0	1.0	1.0
ZBED2	1	0	0	1.0	1.0
ZBTB20	3	0	0	1.0	1.0
ZCWPW2	1	0	0	1.0	1.0
ZIC1	1	0	0	1.0	1.0
TRNT1	1	0	0	1.0	1.0
GRM4	1	0	0	1.0	1.0
HCRTR2	1	0	0	1.0	1.0
HDAC2	2	0	0	1.0	1.0
LTB	1	0	0	1.0	1.0
MDGA1	1	0	0	1.0	1.0
MDN1	1	0	0	1.0	1.0
ME1	1	0	0	1.0	1.0
MEP1A	1	0	0	1.0	1.0
MICAL1	1	0	0	1.0	1.0
MLLT4	1	0	0	1.0	1.0
MMS22L	1	0	0	1.0	1.0
MUT	1	0	0	1.0	1.0
NFKBIE	3	0	0	1.0	1.0
NFYA	1	0	0	1.0	1.0
NHSL1	1	0	0	1.0	1.0
LRRC73	1	0	0	1.0	1.0
NKAPL	1	0	0	1.0	1.0
NR2E1	1	0	0	1.0	1.0
NT5E	1	0	0	1.0	1.0
NUP153	1	0	0	1.0	1.0
OPRM1	1	0	0	1.0	1.0
OR12D2	1	0	0	1.0	1.0
OR14J1	1	0	0	1.0	1.0
PDE10A	1	0	0	1.0	1.0
PGBD1	1	0	0	1.0	1.0
PGM3	1	0	0	1.0	1.0
PKHD1	1	0	0	1.0	1.0
POU3F2	1	0	0	1.0	1.0
PPP1R18	1	0	0	1.0	1.0
NMBR	2	0	0	1.0	1.0
ROPN1B	1	0	0	1.0	1.0
LCA5	1	0	0	1.0	1.0
KIAA0319	1	0	0	1.0	1.0
HDDC2	1	0	0	1.0	1.0
HIST1H1B	2	0	0	1.0	1.0
HIST1H1C	3	0	0	1.0	1.0
HIST1H1D	1	0	0	1.0	1.0
HIST1H1E	11	0	0	1.0	1.0
HIST1H2AC	1	0	0	1.0	1.0
HIST1H2AE	2	0	0	1.0	1.0
HIST1H2AI	2	0	0	1.0	1.0
HIST1H2AM	2	0	0	1.0	1.0
HIST1H2BC	1	0	0	1.0	1.0
HIST1H2BG	2	0	0	1.0	1.0
HIST1H2BL	1	0	0	1.0	1.0
KIF6	1	0	0	1.0	1.0
HIST1H2BM	1	0	0	1.0	1.0
HIST1H3D	1	0	0	1.0	1.0
HIST1H3F	1	0	0	1.0	1.0
HIST1H4J	1	0	0	1.0	1.0
HIST1H4K	1	0	0	1.0	1.0
HIVEP2	1	0	0	1.0	1.0
HLA-A	1	0	0	1.0	1.0
HLA-DPA1	2	0	0	1.0	1.0
HSP90AB1	1	0	0	1.0	1.0
IMPG1	1	0	0	1.0	1.0
IRF4	6	0	0	1.0	1.0
JARID2	1	0	0	1.0	1.0
KAAG1	1	0	0	1.0	1.0
HIST1H3B	1	0	0	1.0	1.0
ROBO2	2	0	0	1.0	1.0
ROBO1	4	0	0	1.0	1.0
RNF123	2	0	0	1.0	1.0
ARIH2	1	0	0	1.0	1.0
ARPP21	1	0	0	1.0	1.0
ATP13A5	1	0	0	1.0	1.0
ATR	1	0	0	1.0	1.0
BSN	1	0	0	1.0	1.0
C3orf20	1	0	0	1.0	1.0
CACNA1D	1	0	0	1.0	1.0
CACNA2D2	1	0	0	1.0	1.0
CACNA2D3	1	0	0	1.0	1.0
CADM2	1	0	0	1.0	1.0
CASR	2	0	0	1.0	1.0
CCDC37	1	0	0	1.0	1.0
APEH	1	0	0	1.0	1.0
CCR3	1	0	0	1.0	1.0
CEP63	1	0	0	1.0	1.0
CHMP2B	1	0	0	1.0	1.0
CHST13	1	0	0	1.0	1.0
CLSTN2	1	0	0	1.0	1.0
COL6A5	2	0	0	1.0	1.0
COL7A1	1	0	0	1.0	1.0
COL8A1	1	0	0	1.0	1.0
CRYBG3	1	0	0	1.0	1.0
DNAH1	1	0	0	1.0	1.0
DOCK3	2	0	0	1.0	1.0
DTX3L	1	0	0	1.0	1.0
EFHB	1	0	0	1.0	1.0
CELSR3	2	0	0	1.0	1.0
EPHA6	1	0	0	1.0	1.0
ALDH1L1	1	0	0	1.0	1.0
ADAMTS9	1	0	0	1.0	1.0
SLC47A1	1	0	0	1.0	1.0
SLC5A10	1	0	0	1.0	1.0
SMCR8	1	0	0	1.0	1.0
SOCS3	2	0	0	1.0	1.0
SPAG5	2	0	0	1.0	1.0
SPATA20	1	0	0	1.0	1.0
SPOP	1	0	0	1.0	1.0
SSTR2	1	0	0	1.0	1.0
STAT3	4	0	0	1.0	1.0
STRA13	1	0	0	1.0	1.0
SYNGR2	1	0	0	1.0	1.0
SYNRG	1	0	0	1.0	1.0
AGTR1	1	0	0	1.0	1.0
TBX4	1	0	0	1.0	1.0
THRA	1	0	0	1.0	1.0
TMEM107	1	0	0	1.0	1.0
TRIM25	1	0	0	1.0	1.0
TTLL6	1	0	0	1.0	1.0
UBALD2	1	0	0	1.0	1.0
UBB	1	0	0	1.0	1.0
UBTF	1	0	0	1.0	1.0
UNC45B	1	0	0	1.0	1.0
WRAP53	1	0	0	1.0	1.0
ZMYND15	1	0	0	1.0	1.0
ZNF286A	2	0	0	1.0	1.0
ACOX2	1	0	0	1.0	1.0
TEX2	2	0	0	1.0	1.0
SLC13A5	1	0	0	1.0	1.0
EPHB3	1	0	0	1.0	1.0
FBXW12	1	0	0	1.0	1.0
MYD88	2	0	0	1.0	1.0
VPS51	1	0	0	1.0	1.0
NGLY1	1	0	0	1.0	1.0
NKTR	1	0	0	1.0	1.0
NLGN1	1	0	0	1.0	1.0
NUP210	1	0	0	1.0	1.0
OR5H1	2	0	0	1.0	1.0
OR5H15	1	0	0	1.0	1.0
OSBPL10	2	0	0	1.0	1.0
P2RY1	1	0	0	1.0	1.0
PBRM1	1	0	0	1.0	1.0
PIGZ	1	0	0	1.0	1.0
MUC4	1	0	0	1.0	1.0
PLCH1	1	0	0	1.0	1.0
PLOD2	1	0	0	1.0	1.0
PLXNA1	1	0	0	1.0	1.0
POLQ	1	0	0	1.0	1.0
PPARG	1	0	0	1.0	1.0
PRR23C	2	0	0	1.0	1.0
PTX3	1	0	0	1.0	1.0
QARS	1	0	0	1.0	1.0
RAB6B	1	0	0	1.0	1.0
RAF1	2	0	0	1.0	1.0
RARB	1	0	0	1.0	1.0
RBM15B	1	0	0	1.0	1.0
RHOA	2	0	0	1.0	1.0
PLD1	1	0	0	1.0	1.0
FBLN2	1	0	0	1.0	1.0
MST1R	1	0	0	1.0	1.0
MME	1	0	0	1.0	1.0
FYCO1	1	0	0	1.0	1.0
GOLGA4	1	0	0	1.0	1.0
GOLGB1	1	0	0	1.0	1.0
GPR156	1	0	0	1.0	1.0
GPR171	1	0	0	1.0	1.0
GRM7	1	0	0	1.0	1.0
GTPBP8	1	0	0	1.0	1.0
H1FOO	1	0	0	1.0	1.0
IFRD2	1	0	0	1.0	1.0
IGSF11	2	0	0	1.0	1.0
ITGB5	1	0	0	1.0	1.0
ITIH1	1	0	0	1.0	1.0
MSL2	1	0	0	1.0	1.0
ITPR1	1	0	0	1.0	1.0
KAT2B	2	0	0	1.0	1.0
KIF9	1	0	0	1.0	1.0
KLF15	1	0	0	1.0	1.0
KLHL6	2	0	0	1.0	1.0
KY	1	0	0	1.0	1.0
LIMD1	1	0	0	1.0	1.0
LRIG1	1	0	0	1.0	1.0
LRRN1	1	0	0	1.0	1.0
MAGEF1	1	0	0	1.0	1.0
MAGI1	2	0	0	1.0	1.0
MITF	1	0	0	1.0	1.0
MKRN2	1	0	0	1.0	1.0
KALRN	3	0	0	1.0	1.0
TSKU	1	0	0	1.0	1.0
UMODL1	1	0	0	1.0	1.0
TRIM77	1	0	0	1.0	1.0
RAB3GAP2	1	0	0	1.0	1.0
RAP1GAP	1	0	0	1.0	1.0
RC3H1	2	0	0	1.0	1.0
RFX5	1	0	0	1.0	1.0
RGS8	1	0	0	1.0	1.0
RPTN	1	0	0	1.0	1.0
RUNX3	1	0	0	1.0	1.0
RYR2	3	0	0	1.0	1.0
SCYL3	1	0	0	1.0	1.0
SDCCAG8	1	0	0	1.0	1.0
SDHC	1	0	0	1.0	1.0
SELL	1	0	0	1.0	1.0
SGIP1	1	0	0	1.0	1.0
SLAMF6	1	0	0	1.0	1.0
SLC16A1	1	0	0	1.0	1.0
SLC1A7	2	0	0	1.0	1.0
SLC2A5	1	0	0	1.0	1.0
SLC41A1	1	0	0	1.0	1.0
SLC45A1	2	0	0	1.0	1.0
SLC5A9	1	0	0	1.0	1.0
SMG5	1	0	0	1.0	1.0
SPATA17	1	0	0	1.0	1.0
SPATA21	1	0	0	1.0	1.0
SPOCD1	1	0	0	1.0	1.0
SRM	1	0	0	1.0	1.0
PTPRU	1	0	0	1.0	1.0
PTPRC	1	0	0	1.0	1.0
PTPN14	1	0	0	1.0	1.0
PTCHD2	1	0	0	1.0	1.0
OR2M3	1	0	0	1.0	1.0
OR2T2	2	0	0	1.0	1.0
OR2T35	1	0	0	1.0	1.0
OR6N1	1	0	0	1.0	1.0
PADI1	1	0	0	1.0	1.0
PAPPA2	1	0	0	1.0	1.0
PEAR1	1	0	0	1.0	1.0
PEX19	1	0	0	1.0	1.0
PFDN2	1	0	0	1.0	1.0
PGD	1	0	0	1.0	1.0
PGM1	1	0	0	1.0	1.0
PIFO	1	0	0	1.0	1.0
STXBP3	1	0	0	1.0	1.0
PIGV	1	0	0	1.0	1.0
PIP5K1A	1	0	0	1.0	1.0
PLA2G2E	1	0	0	1.0	1.0
PLCH2	1	0	0	1.0	1.0
PLEKHA6	1	0	0	1.0	1.0
PLXNA2	1	0	0	1.0	1.0
PMF1	1	0	0	1.0	1.0
PODN	1	0	0	1.0	1.0
POGK	1	0	0	1.0	1.0
PPM1J	1	0	0	1.0	1.0
PPP2R5A	1	0	0	1.0	1.0
PRAMEF4	2	0	0	1.0	1.0
PROX1	2	0	0	1.0	1.0
PIK3CD	1	0	0	1.0	1.0
SYCP1	1	0	0	1.0	1.0
TBCE	1	0	0	1.0	1.0
TBX19	1	0	0	1.0	1.0
AKT2	1	0	0	1.0	1.0
ANO8	1	0	0	1.0	1.0
APOE	1	0	0	1.0	1.0
ARHGEF1	1	0	0	1.0	1.0
ATP1A3	2	0	0	1.0	1.0
AXL	1	0	0	1.0	1.0
B3GNT8	2	0	0	1.0	1.0
C19orf24	1	0	0	1.0	1.0
C3	2	0	0	1.0	1.0
CD320	1	0	0	1.0	1.0
CD97	1	0	0	1.0	1.0
CILP2	2	0	0	1.0	1.0
ADAMTSL5	1	0	0	1.0	1.0
CNN2	1	0	0	1.0	1.0
COL5A3	1	0	0	1.0	1.0
COMP	1	0	0	1.0	1.0
CYP4F12	1	0	0	1.0	1.0
CYP4F3	1	0	0	1.0	1.0
DHX34	1	0	0	1.0	1.0
DOCK6	1	0	0	1.0	1.0
DOT1L	1	0	0	1.0	1.0
ELAVL1	1	0	0	1.0	1.0
ELAVL3	1	0	0	1.0	1.0
EPS8L1	2	0	0	1.0	1.0
FAM71E2	1	0	0	1.0	1.0
FBN3	1	0	0	1.0	1.0
CNOT3	2	0	0	1.0	1.0
OR2M2	1	0	0	1.0	1.0
ACPT	1	0	0	1.0	1.0
ZSCAN20	1	0	0	1.0	1.0
TGFBR3	1	0	0	1.0	1.0
TIE1	1	0	0	1.0	1.0
TMEM201	3	0	0	1.0	1.0
TMEM240	1	0	0	1.0	1.0
TMEM54	1	0	0	1.0	1.0
TNN	1	0	0	1.0	1.0
TPR	2	0	0	1.0	1.0
TRIM58	1	0	0	1.0	1.0
TRMT13	1	0	0	1.0	1.0
TTLL10	1	0	0	1.0	1.0
UBAP2L	1	0	0	1.0	1.0
USH2A	2	0	0	1.0	1.0
ABCA7	1	0	0	1.0	1.0
USP24	3	0	0	1.0	1.0
VCAM1	1	0	0	1.0	1.0
VPS13D	1	0	0	1.0	1.0
DCAF8	2	0	0	1.0	1.0
ZBTB40	2	0	0	1.0	1.0
ZBTB8B	1	0	0	1.0	1.0
ZC3H11A	1	0	0	1.0	1.0
ZDHHC18	1	0	0	1.0	1.0
ZMYM4	2	0	0	1.0	1.0
ZNF436	1	0	0	1.0	1.0
ZNF496	1	0	0	1.0	1.0
ZNF648	1	0	0	1.0	1.0
ZP4	1	0	0	1.0	1.0
VANGL1	1	0	0	1.0	1.0
FCHO1	1	0	0	1.0	1.0
OR2L8	1	0	0	1.0	1.0
OBSCN	2	0	0	1.0	1.0
CDK11B	1	0	0	1.0	1.0
CEP85	2	0	0	1.0	1.0
CEPT1	1	0	0	1.0	1.0
CFH	1	0	0	1.0	1.0
CGN	1	0	0	1.0	1.0
CHD5	3	0	0	1.0	1.0
CHIT1	1	0	0	1.0	1.0
CHRM3	2	0	0	1.0	1.0
CHRNB2	1	0	0	1.0	1.0
CLCA2	1	0	0	1.0	1.0
COL11A1	1	0	0	1.0	1.0
COL16A1	3	0	0	1.0	1.0
COL24A1	1	0	0	1.0	1.0
CRB1	1	0	0	1.0	1.0
CTRC	1	0	0	1.0	1.0
DCAF6	1	0	0	1.0	1.0
DDR2	1	0	0	1.0	1.0
DHRS3	1	0	0	1.0	1.0
DNAJC11	1	0	0	1.0	1.0
DNM3	1	0	0	1.0	1.0
DPYD	2	0	0	1.0	1.0
DUSP27	1	0	0	1.0	1.0
EBNA1BP2	1	0	0	1.0	1.0
EMC1	1	0	0	1.0	1.0
ENAH	1	0	0	1.0	1.0
CDK11A	1	0	0	1.0	1.0
CD2	1	0	0	1.0	1.0
CD1A	1	0	0	1.0	1.0
CASZ1	2	0	0	1.0	1.0
AADACL3	1	0	0	1.0	1.0
ABCA4	1	0	0	1.0	1.0
ADORA1	1	0	0	1.0	1.0
AGBL4	1	0	0	1.0	1.0
AGL	1	0	0	1.0	1.0
AIM1L	1	0	0	1.0	1.0
AMPD2	1	0	0	1.0	1.0
AMY2B	1	0	0	1.0	1.0
ARHGAP29	1	0	0	1.0	1.0
ARHGAP30	1	0	0	1.0	1.0
ARHGEF11	2	0	0	1.0	1.0
ARHGEF2	2	0	0	1.0	1.0
FAIM3	1	0	0	1.0	1.0
ASAP3	1	0	0	1.0	1.0
ATG4C	1	0	0	1.0	1.0
ATP2B4	1	0	0	1.0	1.0
B3GALNT2	1	0	0	1.0	1.0
BARHL2	1	0	0	1.0	1.0
BTG2	10	0	0	1.0	1.0
C1orf112	1	0	0	1.0	1.0
C1orf27	1	0	0	1.0	1.0
C1orf61	1	0	0	1.0	1.0
C8A	1	0	0	1.0	1.0
CACNA1E	1	0	0	1.0	1.0
CADM3	1	0	0	1.0	1.0
CAMSAP2	1	0	0	1.0	1.0
ASPM	2	0	0	1.0	1.0
FAM189B	1	0	0	1.0	1.0
FAM212B	1	0	0	1.0	1.0
FBLIM1	1	0	0	1.0	1.0
IVL	1	0	0	1.0	1.0
KCNH1	1	0	0	1.0	1.0
KCNK1	1	0	0	1.0	1.0
KCNT2	1	0	0	1.0	1.0
KCTD3	1	0	0	1.0	1.0
KIAA0754	2	0	0	1.0	1.0
KIAA1107	1	0	0	1.0	1.0
KIF14	1	0	0	1.0	1.0
KIF17	1	0	0	1.0	1.0
KLHL21	1	0	0	1.0	1.0
LEPR	1	0	0	1.0	1.0
LPHN2	1	0	0	1.0	1.0
ITPKB	3	0	0	1.0	1.0
LRP8	1	0	0	1.0	1.0
LRRC7	1	0	0	1.0	1.0
LY9	1	0	0	1.0	1.0
MAEL	1	0	0	1.0	1.0
MARK1	2	0	0	1.0	1.0
MEX3A	1	0	0	1.0	1.0
MIA3	1	0	0	1.0	1.0
MPZL1	1	0	0	1.0	1.0
NASP	1	0	0	1.0	1.0
NBPF1	1	0	0	1.0	1.0
NBPF3	1	0	0	1.0	1.0
NFASC	1	0	0	1.0	1.0
NFYC	1	0	0	1.0	1.0
LRRC38	1	0	0	1.0	1.0
OR14I1	1	0	0	1.0	1.0
ITLN1	1	0	0	1.0	1.0
ISG20L2	1	0	0	1.0	1.0
FCRL3	2	0	0	1.0	1.0
FLG	2	0	0	1.0	1.0
FLG2	2	0	0	1.0	1.0
FLVCR1	1	0	0	1.0	1.0
FMN2	1	0	0	1.0	1.0
FPGT	1	0	0	1.0	1.0
GBP3	2	0	0	1.0	1.0
GNL2	1	0	0	1.0	1.0
GPBP1L1	1	0	0	1.0	1.0
GPR88	1	0	0	1.0	1.0
H3F3A	1	0	0	1.0	1.0
HIPK1	1	0	0	1.0	1.0
ITGA10	1	0	0	1.0	1.0
HIST2H2AB	1	0	0	1.0	1.0
HMCN1	2	0	0	1.0	1.0
HPDL	1	0	0	1.0	1.0
HSD17B7	1	0	0	1.0	1.0
HSPG2	2	0	0	1.0	1.0
IBA57	1	0	0	1.0	1.0
IGFN1	1	0	0	1.0	1.0
IGSF3	1	0	0	1.0	1.0
IGSF8	1	0	0	1.0	1.0
INPP5B	1	0	0	1.0	1.0
INTS3	1	0	0	1.0	1.0
INTS7	1	0	0	1.0	1.0
IQCC	1	0	0	1.0	1.0
HIST2H2BE	3	0	0	1.0	1.0
FKRP	1	0	0	1.0	1.0
FSD1	1	0	0	1.0	1.0
FXYD3	1	0	0	1.0	1.0
IGSF9B	1	0	0	1.0	1.0
ILK	1	0	0	1.0	1.0
INCENP	1	0	0	1.0	1.0
INSC	1	0	0	1.0	1.0
IPO7	1	0	0	1.0	1.0
KDELC2	1	0	0	1.0	1.0
KIAA1377	1	0	0	1.0	1.0
LAMTOR1	1	0	0	1.0	1.0
LRRC32	1	0	0	1.0	1.0
ME3	1	0	0	1.0	1.0
MICAL2	1	0	0	1.0	1.0
MOB2	1	0	0	1.0	1.0
MPEG1	6	0	0	1.0	1.0
MRGPRF	1	0	0	1.0	1.0
MS4A8	1	0	0	1.0	1.0
MTNR1B	1	0	0	1.0	1.0
MUC5B	1	0	0	1.0	1.0
MUC6	1	0	0	1.0	1.0
NAV2	1	0	0	1.0	1.0
NCAM1	1	0	0	1.0	1.0
NCAPD3	1	0	0	1.0	1.0
NDUFS3	1	0	0	1.0	1.0
NOX4	1	0	0	1.0	1.0
NPAS4	1	0	0	1.0	1.0
NPAT	1	0	0	1.0	1.0
HBG1	1	0	0	1.0	1.0
HARBI1	1	0	0	1.0	1.0
GDPD4	1	0	0	1.0	1.0
FLRT1	1	0	0	1.0	1.0
BCL9L	1	0	0	1.0	1.0
BEST1	1	0	0	1.0	1.0
BIRC2	1	0	0	1.0	1.0
C11orf84	1	0	0	1.0	1.0
C11orf86	1	0	0	1.0	1.0
C11orf87	1	0	0	1.0	1.0
CADM1	2	0	0	1.0	1.0
CARD17	1	0	0	1.0	1.0
CCDC88B	2	0	0	1.0	1.0
CDC42BPG	1	0	0	1.0	1.0
CHID1	1	0	0	1.0	1.0
CHKA	1	0	0	1.0	1.0
NUDT22	1	0	0	1.0	1.0
CTSC	1	0	0	1.0	1.0
DCHS1	2	0	0	1.0	1.0
DGKZ	1	0	0	1.0	1.0
DLG2	2	0	0	1.0	1.0
DNHD1	1	0	0	1.0	1.0
DYNC2H1	2	0	0	1.0	1.0
EHF	1	0	0	1.0	1.0
EPS8L2	1	0	0	1.0	1.0
EXPH5	1	0	0	1.0	1.0
FAM181B	1	0	0	1.0	1.0
FAT3	2	0	0	1.0	1.0
PRPH2	1	0	0	1.0	1.0
FGF3	1	0	0	1.0	1.0
DAGLA	1	0	0	1.0	1.0
NUP98	1	0	0	1.0	1.0
NXF1	2	0	0	1.0	1.0
OPCML	1	0	0	1.0	1.0
PCF11	1	0	0	1.0	1.0
PCNXL3	1	0	0	1.0	1.0
PHOX2A	1	0	0	1.0	1.0
PHRF1	1	0	0	1.0	1.0
POU2AF1	1	0	0	1.0	1.0
PPFIA1	1	0	0	1.0	1.0
PPP2R1B	1	0	0	1.0	1.0
PRDM10	1	0	0	1.0	1.0
PRDX5	1	0	0	1.0	1.0
PRPF19	1	0	0	1.0	1.0
RBMXL2	2	0	0	1.0	1.0
RNF214	1	0	0	1.0	1.0
PATE4	1	0	0	1.0	1.0
ROBO3	2	0	0	1.0	1.0
SDHAF2	1	0	0	1.0	1.0
SERPINH1	1	0	0	1.0	1.0
SLC22A25	1	0	0	1.0	1.0
SLC5A12	2	0	0	1.0	1.0
SRPR	1	0	0	1.0	1.0
SWAP70	2	0	0	1.0	1.0
TBRG1	1	0	0	1.0	1.0
TECTA	2	0	0	1.0	1.0
TENM4	2	0	0	1.0	1.0
TOLLIP	1	0	0	1.0	1.0
TREH	1	0	0	1.0	1.0
TRIM66	1	0	0	1.0	1.0
RPUSD4	1	0	0	1.0	1.0
BBS1	2	0	0	1.0	1.0
P4HA3	1	0	0	1.0	1.0
OR8K5	1	0	0	1.0	1.0
OR10A4	1	0	0	1.0	1.0
OR4A15	1	0	0	1.0	1.0
OR4C16	1	0	0	1.0	1.0
OR4C46	1	0	0	1.0	1.0
OR4D5	1	0	0	1.0	1.0
OR4D6	1	0	0	1.0	1.0
OR4S1	1	0	0	1.0	1.0
OR51A2	1	0	0	1.0	1.0
OR51A4	1	0	0	1.0	1.0
OR51I2	2	0	0	1.0	1.0
OR52A1	1	0	0	1.0	1.0
OR52H1	1	0	0	1.0	1.0
OTOG	1	0	0	1.0	1.0
OR52I2	1	0	0	1.0	1.0
OR52N5	1	0	0	1.0	1.0
OR52R1	1	0	0	1.0	1.0
OR52W1	1	0	0	1.0	1.0
OR56A3	1	0	0	1.0	1.0
OR5AP2	1	0	0	1.0	1.0
OR5B21	1	0	0	1.0	1.0
OR5L1	1	0	0	1.0	1.0
OR5M11	1	0	0	1.0	1.0
OR5R1	1	0	0	1.0	1.0
OR5T1	1	0	0	1.0	1.0
OR8H1	1	0	0	1.0	1.0
OR8I2	1	0	0	1.0	1.0
OR52L1	1	0	0	1.0	1.0
ATM	2	0	0	1.0	1.0
ATG2A	1	0	0	1.0	1.0
ART5	1	0	0	1.0	1.0
MYO1F	1	0	0	1.0	1.0
NDUFA13	1	0	0	1.0	1.0
NKPD1	1	0	0	1.0	1.0
NLRP9	1	0	0	1.0	1.0
NOSIP	1	0	0	1.0	1.0
NPAS1	2	0	0	1.0	1.0
NPHS1	1	0	0	1.0	1.0
NUP62	1	0	0	1.0	1.0
NWD1	1	0	0	1.0	1.0
OR10H3	1	0	0	1.0	1.0
OR7G1	1	0	0	1.0	1.0
PALM3	1	0	0	1.0	1.0
MYH14	2	0	0	1.0	1.0
PAPL	1	0	0	1.0	1.0
PNKP	1	0	0	1.0	1.0
PODNL1	1	0	0	1.0	1.0
POU2F2	1	0	0	1.0	1.0
PRKACA	1	0	0	1.0	1.0
PRKCG	1	0	0	1.0	1.0
PRPF31	1	0	0	1.0	1.0
PRR12	1	0	0	1.0	1.0
PSG4	1	0	0	1.0	1.0
PSG8	1	0	0	1.0	1.0
PTBP1	1	0	0	1.0	1.0
PTGIR	1	0	0	1.0	1.0
RASIP1	1	0	0	1.0	1.0
PLA2G4C	1	0	0	1.0	1.0
RELB	2	0	0	1.0	1.0
MYADM	1	0	0	1.0	1.0
MUC16	4	0	0	1.0	1.0
GIPC3	1	0	0	1.0	1.0
GLTSCR1	1	0	0	1.0	1.0
HAUS8	1	0	0	1.0	1.0
IER2	1	0	0	1.0	1.0
IL4I1	1	0	0	1.0	1.0
INSR	1	0	0	1.0	1.0
ISYNA1	1	0	0	1.0	1.0
ITPKC	1	0	0	1.0	1.0
JUNB	1	0	0	1.0	1.0
KANK2	1	0	0	1.0	1.0
KCNN1	2	0	0	1.0	1.0
KCNN4	1	0	0	1.0	1.0
MUM1	1	0	0	1.0	1.0
KIAA0355	1	0	0	1.0	1.0
LPHN1	1	0	0	1.0	1.0
LSR	1	0	0	1.0	1.0
MAP1S	2	0	0	1.0	1.0
MAP2K7	1	0	0	1.0	1.0
MAP3K10	1	0	0	1.0	1.0
MAST1	2	0	0	1.0	1.0
MAST3	1	0	0	1.0	1.0
MCOLN1	1	0	0	1.0	1.0
MEGF8	1	0	0	1.0	1.0
MIA	1	0	0	1.0	1.0
MKNK2	1	0	0	1.0	1.0
KMT2B	1	0	0	1.0	1.0
LGALS13	1	0	0	1.0	1.0
TRPC6	1	0	0	1.0	1.0
RFX2	1	0	0	1.0	1.0
RTN2	1	0	0	1.0	1.0
ZNF233	1	0	0	1.0	1.0
ZNF266	1	0	0	1.0	1.0
ZNF439	1	0	0	1.0	1.0
ZNF440	1	0	0	1.0	1.0
ZNF443	1	0	0	1.0	1.0
ZNF461	1	0	0	1.0	1.0
ZNF471	1	0	0	1.0	1.0
ZNF492	2	0	0	1.0	1.0
ZNF536	1	0	0	1.0	1.0
ZNF546	1	0	0	1.0	1.0
ZNF552	1	0	0	1.0	1.0
ZNF569	1	0	0	1.0	1.0
ZNF208	1	0	0	1.0	1.0
ZNF677	1	0	0	1.0	1.0
ZNF835	1	0	0	1.0	1.0
ZNF880	1	0	0	1.0	1.0
ZNRF4	1	0	0	1.0	1.0
ZSWIM4	1	0	0	1.0	1.0
ACCS	1	0	0	1.0	1.0
AMBRA1	1	0	0	1.0	1.0
AMICA1	1	0	0	1.0	1.0
AMOTL1	1	0	0	1.0	1.0
ANO3	1	0	0	1.0	1.0
ANO5	2	0	0	1.0	1.0
APBB1	1	0	0	1.0	1.0
ARCN1	1	0	0	1.0	1.0
ZNF724P	1	0	0	1.0	1.0
RGL3	1	0	0	1.0	1.0
ZNF181	1	0	0	1.0	1.0
ZGLP1	1	0	0	1.0	1.0
RYR1	2	0	0	1.0	1.0
S1PR2	1	0	0	1.0	1.0
SHANK1	1	0	0	1.0	1.0
SIGLEC14	1	0	0	1.0	1.0
SLC1A6	1	0	0	1.0	1.0
SLC27A1	1	0	0	1.0	1.0
SLC44A2	1	0	0	1.0	1.0
SLC6A16	1	0	0	1.0	1.0
SNRPD2	1	0	0	1.0	1.0
SPHK2	1	0	0	1.0	1.0
SPTBN4	3	0	0	1.0	1.0
STAP2	2	0	0	1.0	1.0
ZNF160	1	0	0	1.0	1.0
STK11	1	0	0	1.0	1.0
SYDE1	1	0	0	1.0	1.0
SYMPK	1	0	0	1.0	1.0
TARM1	1	0	0	1.0	1.0
TM6SF2	1	0	0	1.0	1.0
TMEM259	1	0	0	1.0	1.0
TMPRSS9	1	0	0	1.0	1.0
TSHZ3	1	0	0	1.0	1.0
UBL5	1	0	0	1.0	1.0
UNC13A	2	0	0	1.0	1.0
VSIG10L	1	0	0	1.0	1.0
WDR88	1	0	0	1.0	1.0
ZFP28	1	0	0	1.0	1.0
SUPT5H	1	0	0	1.0	1.0
FAU	1	0	0	1.0	1.0
PTPRK	1	0	0	1.0	1.0
REV3L	2	0	0	1.0	1.0
MFAP3L	1	0	0	1.0	1.0
MSX1	1	0	0	1.0	1.0
MTNR1A	1	0	0	1.0	1.0
MYOZ2	1	0	0	1.0	1.0
NAAA	1	0	0	1.0	1.0
NOP14	1	0	0	1.0	1.0
NPY2R	1	0	0	1.0	1.0
NR3C2	1	0	0	1.0	1.0
OCIAD1	1	0	0	1.0	1.0
OTOP1	1	0	0	1.0	1.0
PCDH7	1	0	0	1.0	1.0
PDGFC	2	0	0	1.0	1.0
PDLIM3	1	0	0	1.0	1.0
PHOX2B	1	0	0	1.0	1.0
PLRG1	1	0	0	1.0	1.0
POLN	1	0	0	1.0	1.0
PPP2R2C	1	0	0	1.0	1.0
SULT1B1	1	0	0	1.0	1.0
STPG2	1	0	0	1.0	1.0
STIM2	1	0	0	1.0	1.0
SPATA18	1	0	0	1.0	1.0
SORCS2	1	0	0	1.0	1.0
SLIT2	1	0	0	1.0	1.0
MANBA	1	0	0	1.0	1.0
SHROOM3	1	0	0	1.0	1.0
SH3D19	1	0	0	1.0	1.0
SGMS2	1	0	0	1.0	1.0
SEL1L3	1	0	0	1.0	1.0
SEC24B	1	0	0	1.0	1.0
RNF212	1	0	0	1.0	1.0
QRFPR	1	0	0	1.0	1.0
SH3RF1	1	0	0	1.0	1.0
MAN2B2	1	0	0	1.0	1.0
MAEA	1	0	0	1.0	1.0
KIAA0922	1	0	0	1.0	1.0
FHDC1	1	0	0	1.0	1.0
FGG	1	0	0	1.0	1.0
FAT4	8	0	0	1.0	1.0
FAM47E	1	0	0	1.0	1.0
FAM184B	1	0	0	1.0	1.0
ETFDH	1	0	0	1.0	1.0
FRAS1	2	0	0	1.0	1.0
EPHA5	1	0	0	1.0	1.0
ENAM	1	0	0	1.0	1.0
ELOVL6	1	0	0	1.0	1.0
DSPP	1	0	0	1.0	1.0
DMP1	1	0	0	1.0	1.0
DKK2	1	0	0	1.0	1.0
DDX60L	1	0	0	1.0	1.0
ENPEP	1	0	0	1.0	1.0
TAPT1	2	0	0	1.0	1.0
GABRB1	1	0	0	1.0	1.0
GC	1	0	0	1.0	1.0
KDR	1	0	0	1.0	1.0
IRF2	1	0	0	1.0	1.0
INTS12	1	0	0	1.0	1.0
INPP4B	1	0	0	1.0	1.0
IGJ	1	0	0	1.0	1.0
HTT	2	0	0	1.0	1.0
GAK	1	0	0	1.0	1.0
HS3ST1	1	0	0	1.0	1.0
HERC5	1	0	0	1.0	1.0
GUF1	1	0	0	1.0	1.0
GUCY1A3	1	0	0	1.0	1.0
GRID2	1	0	0	1.0	1.0
GRIA2	1	0	0	1.0	1.0
GPR125	1	0	0	1.0	1.0
HMGB2	1	0	0	1.0	1.0
DDX60	1	0	0	1.0	1.0
TBC1D14	1	0	0	1.0	1.0
TLR2	1	0	0	1.0	1.0
ESRP1	1	0	0	1.0	1.0
EXT1	1	0	0	1.0	1.0
EXTL3	1	0	0	1.0	1.0
FAM135B	1	0	0	1.0	1.0
FNTA	1	0	0	1.0	1.0
GML	1	0	0	1.0	1.0
HAS2	1	0	0	1.0	1.0
HNF4G	2	0	0	1.0	1.0
IKBKB	1	0	0	1.0	1.0
INTS9	1	0	0	1.0	1.0
CCAR2	1	0	0	1.0	1.0
LGI3	1	0	0	1.0	1.0
LYN	2	0	0	1.0	1.0
MAK16	1	0	0	1.0	1.0
MATN2	1	0	0	1.0	1.0
MCPH1	1	0	0	1.0	1.0
MYBL1	1	0	0	1.0	1.0
RP1	1	0	0	1.0	1.0
RHOBTB2	1	0	0	1.0	1.0
RGS22	1	0	0	1.0	1.0
REEP4	1	0	0	1.0	1.0
PXDNL	2	0	0	1.0	1.0
PREX2	1	0	0	1.0	1.0
ERICH1	1	0	0	1.0	1.0
PLEC	3	0	0	1.0	1.0
OPRK1	1	0	0	1.0	1.0
OPLAH	1	0	0	1.0	1.0
NKX6-3	1	0	0	1.0	1.0
NEFM	1	0	0	1.0	1.0
MYOM2	1	0	0	1.0	1.0
MYC	10	0	0	1.0	1.0
PENK	1	0	0	1.0	1.0
EPPK1	1	0	0	1.0	1.0
ENPP2	1	0	0	1.0	1.0
DSCC1	1	0	0	1.0	1.0
ASPH	1	0	0	1.0	1.0
ASAP1	1	0	0	1.0	1.0
ARHGEF10	1	0	0	1.0	1.0
ARFGEF1	1	0	0	1.0	1.0
ANKRD46	1	0	0	1.0	1.0
ANK1	1	0	0	1.0	1.0
ATP6V0D2	1	0	0	1.0	1.0
ZBTB49	1	0	0	1.0	1.0
WHSC1	1	0	0	1.0	1.0
UVSSA	1	0	0	1.0	1.0
UBE2D3	1	0	0	1.0	1.0
UBA6	1	0	0	1.0	1.0
TRPC3	1	0	0	1.0	1.0
TRAM1L1	1	0	0	1.0	1.0
YIPF7	1	0	0	1.0	1.0
TENM3	1	0	0	1.0	1.0
BAI1	1	0	0	1.0	1.0
C8orf48	2	0	0	1.0	1.0
DPYS	1	0	0	1.0	1.0
DOCK5	2	0	0	1.0	1.0
DLGAP2	2	0	0	1.0	1.0
DCSTAMP	1	0	0	1.0	1.0
CYP7B1	1	0	0	1.0	1.0
CYP11B1	1	0	0	1.0	1.0
BMP1	1	0	0	1.0	1.0
CSMD3	2	0	0	1.0	1.0
COL22A1	1	0	0	1.0	1.0
COL14A1	3	0	0	1.0	1.0
CNGB3	2	0	0	1.0	1.0
CNBD1	1	0	0	1.0	1.0
CLVS1	1	0	0	1.0	1.0
CHRNA6	1	0	0	1.0	1.0
CSMD1	2	0	0	1.0	1.0
RPL7	1	0	0	1.0	1.0
DCHS2	1	0	0	1.0	1.0
CSN3	1	0	0	1.0	1.0
PLXNA3	1	0	0	1.0	1.0
PLXNB3	1	0	0	1.0	1.0
POF1B	2	0	0	1.0	1.0
POU3F4	1	0	0	1.0	1.0
PRKX	1	0	0	1.0	1.0
RAB9A	1	0	0	1.0	1.0
RNF128	1	0	0	1.0	1.0
SLC6A14	1	0	0	1.0	1.0
SOX3	1	0	0	1.0	1.0
SPANXN2	1	0	0	1.0	1.0
SPIN3	1	0	0	1.0	1.0
SYTL5	1	0	0	1.0	1.0
TAB3	1	0	0	1.0	1.0
TENM1	1	0	0	1.0	1.0
TEX13A	1	0	0	1.0	1.0
TFDP3	1	0	0	1.0	1.0
TMEM257	1	0	0	1.0	1.0
C10orf107	1	0	0	1.0	1.0
BICC1	1	0	0	1.0	1.0
ANKRD30A	1	0	0	1.0	1.0
ANK3	1	0	0	1.0	1.0
ABI1	1	0	0	1.0	1.0
ZMYM3	1	0	0	1.0	1.0
PCDH11X	3	0	0	1.0	1.0
ZCCHC5	1	0	0	1.0	1.0
XIAP	1	0	0	1.0	1.0
VSIG1	1	0	0	1.0	1.0
VMA21	1	0	0	1.0	1.0
USP9X	1	0	0	1.0	1.0
UBQLN2	1	0	0	1.0	1.0
TRPC5	1	0	0	1.0	1.0
ZC4H2	1	0	0	1.0	1.0
OCRL	1	0	0	1.0	1.0
NRK	3	0	0	1.0	1.0
NR0B1	2	0	0	1.0	1.0
HCFC1	1	0	0	1.0	1.0
GRPR	1	0	0	1.0	1.0
GRIPAP1	1	0	0	1.0	1.0
GPRASP1	1	0	0	1.0	1.0
GPR50	1	0	0	1.0	1.0
GPR101	2	0	0	1.0	1.0
HS6ST2	1	0	0	1.0	1.0
GPC3	1	0	0	1.0	1.0
GABRQ	1	0	0	1.0	1.0
G6PD	1	0	0	1.0	1.0
FRMPD3	1	0	0	1.0	1.0
FLNA	1	0	0	1.0	1.0
FAM9A	1	0	0	1.0	1.0
FAM47C	2	0	0	1.0	1.0
GLUD2	1	0	0	1.0	1.0
PRR26	1	0	0	1.0	1.0
IRS4	1	0	0	1.0	1.0
L1CAM	1	0	0	1.0	1.0
NHSL2	1	0	0	1.0	1.0
NHS	1	0	0	1.0	1.0
NAP1L3	1	0	0	1.0	1.0
MID2	1	0	0	1.0	1.0
MED12	1	0	0	1.0	1.0
MCF2	1	0	0	1.0	1.0
KLHL4	1	0	0	1.0	1.0
MAP7D3	1	0	0	1.0	1.0
MAGT1	1	0	0	1.0	1.0
MAGEC3	1	0	0	1.0	1.0
MAGEC2	1	0	0	1.0	1.0
MAGEB16	1	0	0	1.0	1.0
MAGEB10	1	0	0	1.0	1.0
LANCL3	1	0	0	1.0	1.0
MAOB	2	0	0	1.0	1.0
DAPP1	1	0	0	1.0	1.0
C10orf90	3	0	0	1.0	1.0
CALY	1	0	0	1.0	1.0
PCDH15	2	2	0	1.0	1.0
PDCD11	1	0	0	1.0	1.0
PDLIM1	1	0	0	1.0	1.0
PDZD8	2	0	0	1.0	1.0
PLCE1	2	0	0	1.0	1.0
PLEKHA1	1	0	0	1.0	1.0
PRKG1	1	0	0	1.0	1.0
PTCHD3	1	0	0	1.0	1.0
PWWP2B	1	0	0	1.0	1.0
SFR1	1	0	0	1.0	1.0
SGPL1	1	0	0	1.0	1.0
SH2D4B	1	0	0	1.0	1.0
SORCS3	3	0	0	1.0	1.0
TCERG1L	1	0	0	1.0	1.0
TLL2	1	0	0	1.0	1.0
TLX1	1	0	0	1.0	1.0
ZNF33A	1	0	0	1.0	1.0
CORIN	1	0	0	1.0	1.0
CDKL2	1	0	0	1.0	1.0
CCDC158	1	0	0	1.0	1.0
ATP10D	1	0	0	1.0	1.0
ASIC5	1	0	0	1.0	1.0
ANTXR2	1	0	0	1.0	1.0
OPTN	1	0	0	1.0	1.0
ANKRD50	1	0	0	1.0	1.0
ADAMTS3	1	0	0	1.0	1.0
ADAD1	1	0	0	1.0	1.0
ABCE1	1	0	0	1.0	1.0
ZNF503	1	0	0	1.0	1.0
ZNF488	1	0	0	1.0	1.0
ZNF438	1	0	0	1.0	1.0
ANKRD17	1	0	0	1.0	1.0
NUTM2A	1	0	0	1.0	1.0
NRG3	1	0	0	1.0	1.0
NRAP	1	0	0	1.0	1.0
FBXO18	2	0	0	1.0	1.0
FANK1	1	0	0	1.0	1.0
FAM208B	1	0	0	1.0	1.0
FAM171A1	1	0	0	1.0	1.0
FAM13C	1	0	0	1.0	1.0
EIF3A	1	0	0	1.0	1.0
FFAR4	1	0	0	1.0	1.0
DOCK1	1	0	0	1.0	1.0
DIP2C	1	0	0	1.0	1.0
CTNNA3	2	0	0	1.0	1.0
CPXM2	1	0	0	1.0	1.0
CNNM2	2	0	0	1.0	1.0
CDH23	1	0	0	1.0	1.0
CAMK2G	1	0	0	1.0	1.0
DMBT1	2	0	0	1.0	1.0
CALHM3	1	0	0	1.0	1.0
GPR158	1	0	0	1.0	1.0
HIF1AN	1	0	0	1.0	1.0
NFKB2	1	0	0	1.0	1.0
MYOF	1	0	0	1.0	1.0
MYO3A	1	0	0	1.0	1.0
MPP7	2	0	0	1.0	1.0
LZTS2	1	0	0	1.0	1.0
LRIT2	1	0	0	1.0	1.0
GPRIN2	1	0	0	1.0	1.0
KIF5B	1	0	0	1.0	1.0
JMJD1C	2	0	0	1.0	1.0
INPP5F	1	0	0	1.0	1.0
HSPA14	1	0	0	1.0	1.0
HPSE2	1	0	0	1.0	1.0
HMX3	1	0	0	1.0	1.0
HKDC1	2	0	0	1.0	1.0
KCNK18	1	0	0	1.0	1.0
RUNX1T1	1	0	0	1.0	1.0
SCRIB	1	0	0	1.0	1.0
SLC18A1	1	0	0	1.0	1.0
CENPJ	1	0	0	1.0	1.0
CSNK1A1L	1	0	0	1.0	1.0
DCLK1	1	0	0	1.0	1.0
DCT	1	0	0	1.0	1.0
DHRS12	2	0	0	1.0	1.0
DOCK9	1	0	0	1.0	1.0
ENOX1	1	0	0	1.0	1.0
EPSTI1	1	0	0	1.0	1.0
ERCC5	1	0	0	1.0	1.0
F7	1	0	0	1.0	1.0
FARP1	1	0	0	1.0	1.0
FLT1	1	0	0	1.0	1.0
FREM2	2	0	0	1.0	1.0
GPC6	2	0	0	1.0	1.0
GPR183	1	0	0	1.0	1.0
HS6ST3	1	0	0	1.0	1.0
LATS2	1	0	0	1.0	1.0
SLITRK5	1	0	0	1.0	1.0
SLITRK1	2	0	0	1.0	1.0
SACS	4	0	0	1.0	1.0
RNF219	1	0	0	1.0	1.0
RASA3	1	0	0	1.0	1.0
POSTN	1	0	0	1.0	1.0
CDC16	1	0	0	1.0	1.0
PDS5B	1	0	0	1.0	1.0
PCDH17	4	0	0	1.0	1.0
PABPC3	1	0	0	1.0	1.0
NBEA	2	0	0	1.0	1.0
MYCBP2	1	0	0	1.0	1.0
MIPEP	1	0	0	1.0	1.0
LRCH1	1	0	0	1.0	1.0
PCDH9	1	0	0	1.0	1.0
CARKD	1	0	0	1.0	1.0
BIVM-ERCC5	1	0	0	1.0	1.0
B3GALTL	1	0	0	1.0	1.0
PIWIL3	1	0	0	1.0	1.0
NEFH	1	0	0	1.0	1.0
NAGA	1	0	0	1.0	1.0
MYO18B	3	0	0	1.0	1.0
MICAL3	1	0	0	1.0	1.0
MCAT	1	0	0	1.0	1.0
PLXNB2	2	0	0	1.0	1.0
LIF	1	0	0	1.0	1.0
IGLV6-57	6	0	0	1.0	1.0
IGLV5-52	2	0	0	1.0	1.0
IGLV4-69	14	0	0	1.0	1.0
IGLV4-60	9	0	0	1.0	1.0
IGLV4-3	7	0	0	1.0	1.0
IGLV3-25	9	0	0	1.0	1.0
KIAA1644	1	0	0	1.0	1.0
SMAD9	1	0	0	1.0	1.0
PNPLA5	1	0	0	1.0	1.0
SEC14L3	1	0	0	1.0	1.0
ATP8A2	1	0	0	1.0	1.0
ANKRD10	1	0	0	1.0	1.0
AKAP11	2	0	0	1.0	1.0
XBP1	1	0	0	1.0	1.0
TYMP	1	0	0	1.0	1.0
TTC28	1	0	0	1.0	1.0
SCUBE1	1	0	0	1.0	1.0
TRIOBP	1	0	0	1.0	1.0
TMPRSS6	1	0	0	1.0	1.0
TCF20	1	0	0	1.0	1.0
SMC1B	1	0	0	1.0	1.0
SMARCB1	1	0	0	1.0	1.0
SHANK3	1	0	0	1.0	1.0
SEZ6L	1	0	0	1.0	1.0
TNFRSF13C	1	0	0	1.0	1.0
IGLV3-19	3	0	0	1.0	1.0
SOX1	1	0	0	1.0	1.0
WASF3	1	0	0	1.0	1.0
SERPINB2	1	0	0	1.0	1.0
SERPINB3	1	0	0	1.0	1.0
TGIF1	1	0	0	1.0	1.0
WDR7	1	0	0	1.0	1.0
YES1	1	0	0	1.0	1.0
ZADH2	1	0	0	1.0	1.0
ZBTB7C	1	0	0	1.0	1.0
ZNF236	1	0	0	1.0	1.0
ZNF521	2	0	0	1.0	1.0
ADAMTS1	1	0	0	1.0	1.0
ADAMTS5	1	0	0	1.0	1.0
DSCAM	4	0	0	1.0	1.0
DYRK1A	1	0	0	1.0	1.0
ETS2	1	0	0	1.0	1.0
HSF2BP	1	0	0	1.0	1.0
HUNK	2	0	0	1.0	1.0
IGHV1OR21-1	1	0	0	1.0	1.0
U2AF1	1	0	0	1.0	1.0
TTC3	1	0	0	1.0	1.0
TRPM2	2	0	0	1.0	1.0
TPTE	3	0	0	1.0	1.0
TIAM1	1	0	0	1.0	1.0
SYNJ1	1	0	0	1.0	1.0
SERPINB10	1	0	0	1.0	1.0
SON	1	0	0	1.0	1.0
RIPK4	2	0	0	1.0	1.0
PRDM15	2	0	0	1.0	1.0
POFUT2	1	0	0	1.0	1.0
KRTAP26-1	1	0	0	1.0	1.0
KRTAP11-1	1	0	0	1.0	1.0
ITSN1	1	0	0	1.0	1.0
SLC19A1	1	0	0	1.0	1.0
SALL3	1	0	0	1.0	1.0
POTEC	1	0	0	1.0	1.0
PARD6G	1	0	0	1.0	1.0
DCC	1	0	0	1.0	1.0
COLEC12	1	0	0	1.0	1.0
CHST9	1	0	0	1.0	1.0
CDH7	1	0	0	1.0	1.0
CDH20	3	0	0	1.0	1.0
CDH2	1	0	0	1.0	1.0
DSC2	1	0	0	1.0	1.0
CCDC102B	1	0	0	1.0	1.0
C18orf21	1	0	0	1.0	1.0
BCL2	2	0	0	1.0	1.0
B4GALT6	1	0	0	1.0	1.0
ASXL3	2	0	0	1.0	1.0
ANKRD30B	1	0	0	1.0	1.0
ANKRD29	1	0	0	1.0	1.0
C18orf54	1	0	0	1.0	1.0
TMTC4	2	0	0	1.0	1.0
DSC3	1	0	0	1.0	1.0
DSG1	1	0	0	1.0	1.0
NEDD4L	1	0	0	1.0	1.0
MYOM1	1	0	0	1.0	1.0
MYO5B	1	0	0	1.0	1.0
LPIN2	1	0	0	1.0	1.0
LOXHD1	2	0	0	1.0	1.0
LAMA3	1	0	0	1.0	1.0
DSEL	1	0	0	1.0	1.0
LAMA1	1	0	0	1.0	1.0
KIAA1328	1	0	0	1.0	1.0
FBXO15	1	0	0	1.0	1.0
FAM69C	1	0	0	1.0	1.0
EPG5	1	0	0	1.0	1.0
ENOSF1	1	0	0	1.0	1.0
DSG3	1	0	0	1.0	1.0
KIAA1468	1	0	0	1.0	1.0
IGLV3-16	2	0	0	1.0	1.0
IGLV3-10	1	0	0	1.0	1.0
IGLV2-23	3	0	0	1.0	1.0
FMN1	1	0	0	1.0	1.0
GABRG3	4	0	0	1.0	1.0
GOLGA6L1	1	0	0	1.0	1.0
GOLGA6L6	1	0	0	1.0	1.0
HCN4	1	0	0	1.0	1.0
HERC2	2	0	0	1.0	1.0
HEXA	1	0	0	1.0	1.0
IDH3A	1	0	0	1.0	1.0
KIAA1024	1	0	0	1.0	1.0
LINGO1	1	0	0	1.0	1.0
LMAN1L	1	0	0	1.0	1.0
LRRK1	1	0	0	1.0	1.0
MYEF2	1	0	0	1.0	1.0
MYO9A	1	0	0	1.0	1.0
NEDD4	1	0	0	1.0	1.0
NTRK3	1	0	0	1.0	1.0
PAK6	1	0	0	1.0	1.0
TRPM7	1	0	0	1.0	1.0
TLN2	2	0	0	1.0	1.0
TJP1	1	0	0	1.0	1.0
TICRR	1	0	0	1.0	1.0
THAP10	1	0	0	1.0	1.0
SPTBN5	1	0	0	1.0	1.0
FEM1B	1	0	0	1.0	1.0
SPG11	2	0	0	1.0	1.0
SIN3A	1	0	0	1.0	1.0
SEMA6D	1	0	0	1.0	1.0
SEMA4B	1	0	0	1.0	1.0
RPAP1	1	0	0	1.0	1.0
PGPEP1L	1	0	0	1.0	1.0
PGBD4	2	0	0	1.0	1.0
SNRPN	1	0	0	1.0	1.0
FBN1	1	0	0	1.0	1.0
CSPG4	2	0	0	1.0	1.0
CSK	1	0	0	1.0	1.0
TMEM74	1	0	0	1.0	1.0
TMEM70	1	0	0	1.0	1.0
TGS1	1	0	0	1.0	1.0
TEX15	1	0	0	1.0	1.0
TACC1	1	0	0	1.0	1.0
SULF1	1	0	0	1.0	1.0
TSNARE1	1	0	0	1.0	1.0
STK3	1	0	0	1.0	1.0
SOX17	1	0	0	1.0	1.0
SNTB1	1	0	0	1.0	1.0
SLC7A2	1	0	0	1.0	1.0
SLC7A13	1	0	0	1.0	1.0
SLC35G5	1	0	0	1.0	1.0
SLC26A7	1	0	0	1.0	1.0
SOX7	1	0	0	1.0	1.0
UACA	1	0	0	1.0	1.0
UBR5	1	0	0	1.0	1.0
WISP1	1	0	0	1.0	1.0
CRTC3	1	0	0	1.0	1.0
CPLX3	1	0	0	1.0	1.0
CHRNA3	1	0	0	1.0	1.0
CCDC33	1	0	0	1.0	1.0
BNC1	1	0	0	1.0	1.0
ATP10A	1	0	0	1.0	1.0
VPS13B	2	0	0	1.0	1.0
ARRDC4	1	0	0	1.0	1.0
AGBL1	2	0	0	1.0	1.0
ABHD2	1	0	0	1.0	1.0
ZNF707	1	0	0	1.0	1.0
ZNF706	1	0	0	1.0	1.0
ZNF703	1	0	0	1.0	1.0
XKR4	1	0	0	1.0	1.0
ARHGAP11A	1	0	0	1.0	1.0
UNC13C	1	0	0	1.0	1.0
USP3	1	0	0	1.0	1.0
VPS13C	1	0	0	1.0	1.0
ALG12	1	0	0	1.0	1.0
ZNF217	1	0	0	1.0	1.0
ZBP1	1	0	0	1.0	1.0
WFDC11	1	0	0	1.0	1.0
UCKL1	1	0	0	1.0	1.0
TNFRSF6B	1	0	0	1.0	1.0
BPIFC	1	0	0	1.0	1.0
TMX4	2	0	0	1.0	1.0
TGM3	1	0	0	1.0	1.0
SULF2	1	0	0	1.0	1.0
STAU1	1	0	0	1.0	1.0
SPO11	1	0	0	1.0	1.0
SOX18	1	0	0	1.0	1.0
SOGA1	1	0	0	1.0	1.0
THBD	1	0	0	1.0	1.0
SNX21	1	0	0	1.0	1.0
CBX6	1	0	0	1.0	1.0
CELSR1	2	0	0	1.0	1.0
IGLV2-14	9	0	0	1.0	1.0
IGLV1-51	4	0	0	1.0	1.0
IGLC3	6	0	0	1.0	1.0
IGLC2	13	0	0	1.0	1.0
GAL3ST1	1	0	0	1.0	1.0
FOXRED2	1	0	0	1.0	1.0
CECR6	1	0	0	1.0	1.0
FAM109B	1	0	0	1.0	1.0
EIF3L	1	0	0	1.0	1.0
DGCR2	1	0	0	1.0	1.0
DEPDC5	1	0	0	1.0	1.0
CRYBB3	1	0	0	1.0	1.0
CRKL	1	0	0	1.0	1.0
COMT	1	0	0	1.0	1.0
EP300	2	0	0	1.0	1.0
FAM120C	1	0	0	1.0	1.0
SLX4IP	1	0	0	1.0	1.0
SLC17A9	1	0	0	1.0	1.0
GCNT7	1	0	0	1.0	1.0
FOXA2	1	0	0	1.0	1.0
FLRT3	1	0	0	1.0	1.0
FITM2	1	0	0	1.0	1.0
EPB41L1	1	0	0	1.0	1.0
DIDO1	1	0	0	1.0	1.0
GZF1	1	0	0	1.0	1.0
CST3	1	0	0	1.0	1.0
CDH26	1	0	0	1.0	1.0
CDC25B	1	0	0	1.0	1.0
BTBD3	1	0	0	1.0	1.0
BIRC7	1	0	0	1.0	1.0
ABHD16B	1	0	0	1.0	1.0
WHAMM	1	0	0	1.0	1.0
CDH4	1	0	0	1.0	1.0
SLC32A1	1	0	0	1.0	1.0
HELZ2	1	0	0	1.0	1.0
LAMA5	2	0	0	1.0	1.0
SAMHD1	1	0	0	1.0	1.0
RBM12	1	0	0	1.0	1.0
RAB22A	1	0	0	1.0	1.0
PTPRT	1	0	0	1.0	1.0
PPP1R16B	1	0	0	1.0	1.0
PLCG1	1	0	0	1.0	1.0
KIF16B	1	0	0	1.0	1.0
PLCB4	1	0	0	1.0	1.0
PAX1	1	0	0	1.0	1.0
NPEPL1	2	0	0	1.0	1.0
NINL	1	0	0	1.0	1.0
MOCS3	2	0	0	1.0	1.0
MACROD2	1	0	0	1.0	1.0
LAMP5	1	0	0	1.0	1.0
PHF20	1	0	0	1.0	1.0
FAAH2	1	0	0	1.0	1.0
ERCC6L	1	0	0	1.0	1.0
EFNB1	1	0	0	1.0	1.0
INTS1	1	0	0	1.0	1.0
KCND2	1	0	0	1.0	1.0
KRBA1	1	0	0	1.0	1.0
LAMB1	2	0	0	1.0	1.0
LRGUK	1	0	0	1.0	1.0
LRRC4	1	0	0	1.0	1.0
LRRN3	1	0	0	1.0	1.0
MACC1	1	0	0	1.0	1.0
MAGI2	2	0	0	1.0	1.0
MCM7	1	0	0	1.0	1.0
MET	1	0	0	1.0	1.0
MGAM	2	0	0	1.0	1.0
MKLN1	1	0	0	1.0	1.0
KMT2C	1	0	0	1.0	1.0
MUC17	1	0	0	1.0	1.0
NACAD	1	0	0	1.0	1.0
NME8	1	0	0	1.0	1.0
RNF133	2	0	0	1.0	1.0
RASA4	1	0	0	1.0	1.0
PRRT4	1	0	0	1.0	1.0
POLR2J3	1	0	0	1.0	1.0
PKD1L1	1	0	0	1.0	1.0
PIK3CG	1	0	0	1.0	1.0
INHBA	2	0	0	1.0	1.0
PEX1	1	0	0	1.0	1.0
PAX4	1	0	0	1.0	1.0
PARP12	1	0	0	1.0	1.0
ORC5	1	0	0	1.0	1.0
OR2A7	1	0	0	1.0	1.0
OR2A5	1	0	0	1.0	1.0
OR2A25	1	0	0	1.0	1.0
PCLO	3	0	0	1.0	1.0
IL6	2	0	0	1.0	1.0
IFRD1	1	0	0	1.0	1.0
HOXA6	1	0	0	1.0	1.0
CDK13	1	0	0	1.0	1.0
CD36	1	0	0	1.0	1.0
CCT6A	1	0	0	1.0	1.0
CARD11	7	0	0	1.0	1.0
CALCR	1	0	0	1.0	1.0
CADPS2	1	0	0	1.0	1.0
CEP41	1	0	0	1.0	1.0
CACNA2D1	1	0	0	1.0	1.0
BMPER	1	0	0	1.0	1.0
BHLHA15	1	0	0	1.0	1.0
BAIAP2L1	1	0	0	1.0	1.0
ATXN7L1	1	0	0	1.0	1.0
ARHGEF5	2	0	0	1.0	1.0
ANLN	1	0	0	1.0	1.0
BRAF	1	0	0	1.0	1.0
RNF216	1	0	0	1.0	1.0
CLCN1	1	0	0	1.0	1.0
COBL	1	0	0	1.0	1.0
HECW1	1	0	0	1.0	1.0
GNAT3	1	0	0	1.0	1.0
FZD1	1	0	0	1.0	1.0
FKBP9	2	0	0	1.0	1.0
EZH2	1	0	0	1.0	1.0
EXOC4	1	0	0	1.0	1.0
CNTNAP2	2	0	0	1.0	1.0
DTX2	1	0	0	1.0	1.0
DGKI	1	0	0	1.0	1.0
DGKB	1	0	0	1.0	1.0
DDC	1	0	0	1.0	1.0
CTTNBP2	3	0	0	1.0	1.0
CRYGN	1	0	0	1.0	1.0
COL1A2	1	0	0	1.0	1.0
DLX6	1	0	0	1.0	1.0
AMZ1	1	0	0	1.0	1.0
RSBN1L	1	0	0	1.0	1.0
SDK1	2	0	0	1.0	1.0
FST	1	0	0	1.0	1.0
FTMT	1	0	0	1.0	1.0
GABRA1	1	0	0	1.0	1.0
GABRB2	1	0	0	1.0	1.0
GABRP	1	0	0	1.0	1.0
GPR98	3	0	0	1.0	1.0
GRM6	1	0	0	1.0	1.0
HMGCR	1	0	0	1.0	1.0
HMMR	1	0	0	1.0	1.0
IL6ST	1	0	0	1.0	1.0
IRF1	1	0	0	1.0	1.0
IRX2	1	0	0	1.0	1.0
ISL1	1	0	0	1.0	1.0
KIF4B	1	0	0	1.0	1.0
LARP1	1	0	0	1.0	1.0
LIFR	1	0	0	1.0	1.0
LMNB1	1	0	0	1.0	1.0
PCDHA13	1	0	0	1.0	1.0
PCDHA12	1	0	0	1.0	1.0
PCDHA11	1	0	0	1.0	1.0
PCDHA10	2	0	0	1.0	1.0
PAPD7	1	0	0	1.0	1.0
PAM	1	0	0	1.0	1.0
FBXW11	1	0	0	1.0	1.0
NADK2	1	0	0	1.0	1.0
MRPS27	1	0	0	1.0	1.0
MROH2B	3	0	0	1.0	1.0
MCC	1	0	0	1.0	1.0
MAST4	2	0	0	1.0	1.0
MARCH11	1	0	0	1.0	1.0
MAP1B	2	0	0	1.0	1.0
MTRR	1	0	0	1.0	1.0
FBN2	1	0	0	1.0	1.0
ENC1	1	0	0	1.0	1.0
EGR1	2	0	0	1.0	1.0
ZAN	1	0	0	1.0	1.0
WASL	1	0	0	1.0	1.0
VWDE	2	0	0	1.0	1.0
VIPR2	1	0	0	1.0	1.0
UPK3BL	1	0	0	1.0	1.0
TSPAN12	1	0	0	1.0	1.0
ZNF425	1	0	0	1.0	1.0
TMEM229A	1	0	0	1.0	1.0
TAS2R39	1	0	0	1.0	1.0
SMURF1	1	0	0	1.0	1.0
SLC26A4	1	0	0	1.0	1.0
SEPT7	1	0	0	1.0	1.0
SEMA3E	1	0	0	1.0	1.0
SEMA3C	3	0	0	1.0	1.0
THSD7A	1	0	0	1.0	1.0
SAMD9L	1	0	0	1.0	1.0
ZNF479	1	0	0	1.0	1.0
ZSCAN25	1	0	0	1.0	1.0
DNAJC18	1	0	0	1.0	1.0
DDX46	1	0	0	1.0	1.0
CLTB	1	0	0	1.0	1.0
CD14	1	0	0	1.0	1.0
CCNJL	1	0	0	1.0	1.0
CAST	1	0	0	1.0	1.0
ZNF804B	1	0	0	1.0	1.0
C5orf47	1	0	0	1.0	1.0
APC	1	0	0	1.0	1.0
ANKHD1	2	0	0	1.0	1.0
AHRR	1	0	0	1.0	1.0
ADCY2	3	0	0	1.0	1.0
ABLIM3	1	0	0	1.0	1.0
ZYX	1	0	0	1.0	1.0
ATP10B	5	0	0	1.0	1.0
AKR1B15	1	0	0	1.0	1.0
AKAP9	1	0	0	1.0	1.0
AGBL3	1	0	0	1.0	1.0
ACACB	1	0	0	1.0	1.0
ADAMTS20	1	0	0	1.0	1.0
AGAP2	1	0	0	1.0	1.0
ALG10	1	0	0	1.0	1.0
ALX1	3	0	0	1.0	1.0
AMN1	1	0	0	1.0	1.0
ANKRD33	1	0	0	1.0	1.0
ANO4	1	0	0	1.0	1.0
ARL6IP4	1	0	0	1.0	1.0
ASUN	1	0	0	1.0	1.0
BCL7A	2	0	0	1.0	1.0
BRAP	1	0	0	1.0	1.0
BTBD11	1	0	0	1.0	1.0
RITA1	1	0	0	1.0	1.0
C1S	1	0	0	1.0	1.0
CACNA1C	2	0	0	1.0	1.0
CAPS2	1	0	0	1.0	1.0
DTX1	3	0	0	1.0	1.0
DPY19L2	1	0	0	1.0	1.0
DNAH10	2	0	0	1.0	1.0
DENND5B	1	0	0	1.0	1.0
DDIT3	1	0	0	1.0	1.0
CS	2	0	0	1.0	1.0
ABCC9	1	0	0	1.0	1.0
CPNE8	1	0	0	1.0	1.0
CHST11	1	0	0	1.0	1.0
CHD4	1	0	0	1.0	1.0
CELA1	1	0	0	1.0	1.0
CD163L1	2	0	0	1.0	1.0
CCER1	1	0	0	1.0	1.0
CCDC64	1	0	0	1.0	1.0
CIT	1	0	0	1.0	1.0
A2ML1	1	0	0	1.0	1.0
UHRF1BP1	1	0	0	1.0	1.0
TULP4	1	0	0	1.0	1.0
SLC22A2	1	0	0	1.0	1.0
SLC17A4	1	0	0	1.0	1.0
SLC16A10	1	0	0	1.0	1.0
SGK1	4	0	0	1.0	1.0
SERPINB9	1	0	0	1.0	1.0
SERINC1	1	0	0	1.0	1.0
SLC22A23	2	0	0	1.0	1.0
SCGN	1	0	0	1.0	1.0
RSPH9	1	0	0	1.0	1.0
RREB1	1	0	0	1.0	1.0
ROS1	1	0	0	1.0	1.0
RNF39	1	0	0	1.0	1.0
RNF217	1	0	0	1.0	1.0
RIMS1	2	0	0	1.0	1.0
SASH1	1	0	0	1.0	1.0
DUSP16	1	0	0	1.0	1.0
SLC35F1	1	0	0	1.0	1.0
SPDEF	1	0	0	1.0	1.0
TUBB	1	0	0	1.0	1.0
TTK	1	0	0	1.0	1.0
TRDN	2	0	0	1.0	1.0
TNXB	1	0	0	1.0	1.0
THEMIS	1	0	0	1.0	1.0
THBS2	1	0	0	1.0	1.0
SMPD2	1	0	0	1.0	1.0
TFAP2B	1	0	0	1.0	1.0
TCP1	1	0	0	1.0	1.0
TBX18	1	0	0	1.0	1.0
TAAR2	1	0	0	1.0	1.0
SYNJ2	1	0	0	1.0	1.0
SYNE1	2	0	0	1.0	1.0
SSR1	1	0	0	1.0	1.0
TDRD6	1	0	0	1.0	1.0
EP400	1	0	0	1.0	1.0
FBXL14	1	0	0	1.0	1.0
FZD10	2	0	0	1.0	1.0
SRGAP1	1	0	0	1.0	1.0
SLC2A14	1	0	0	1.0	1.0
SCNN1A	1	0	0	1.0	1.0
RPH3A	1	0	0	1.0	1.0
RNF10	1	0	0	1.0	1.0
RIMBP2	2	0	0	1.0	1.0
STAB2	1	0	0	1.0	1.0
RFC5	1	0	0	1.0	1.0
PTPRR	1	0	0	1.0	1.0
PTPRQ	1	0	0	1.0	1.0
PPM1H	1	0	0	1.0	1.0
PPFIA2	1	0	0	1.0	1.0
POLE	1	0	0	1.0	1.0
PLXNC1	1	0	0	1.0	1.0
PUS1	1	0	0	1.0	1.0
PIWIL1	1	0	0	1.0	1.0
SYT1	1	0	0	1.0	1.0
TCTN2	1	0	0	1.0	1.0
ADCYAP1R1	2	0	0	1.0	1.0
AOC1	1	0	0	1.0	1.0
ABCB8	1	0	0	1.0	1.0
ABCB5	2	0	0	1.0	1.0
AASS	1	0	0	1.0	1.0
ZDHHC17	1	0	0	1.0	1.0
TAS2R30	1	0	0	1.0	1.0
ZCCHC8	1	0	0	1.0	1.0
WNK1	1	0	0	1.0	1.0
VWF	2	0	0	1.0	1.0
VPS37B	1	0	0	1.0	1.0
USP44	1	0	0	1.0	1.0
TSPAN19	1	0	0	1.0	1.0
TMPRSS12	1	0	0	1.0	1.0
WSCD2	1	0	0	1.0	1.0
PCDHA2	1	0	0	1.0	1.0
PIP4K2C	1	0	0	1.0	1.0
PDE3A	1	0	0	1.0	1.0
KRAS	1	0	0	1.0	1.0
KNTC1	1	0	0	1.0	1.0
KDM2B	2	0	0	1.0	1.0
KCNJ8	1	0	0	1.0	1.0
KCNH3	1	0	0	1.0	1.0
ITPR2	1	0	0	1.0	1.0
KRT79	1	0	0	1.0	1.0
HOXC9	1	0	0	1.0	1.0
HIST4H4	1	0	0	1.0	1.0
GRIN2B	2	0	0	1.0	1.0
GPR84	1	0	0	1.0	1.0
GOLGA3	1	0	0	1.0	1.0
GDF3	1	0	0	1.0	1.0
GALNT9	1	0	0	1.0	1.0
HOXC13	1	0	0	1.0	1.0
PIK3C2G	1	0	0	1.0	1.0
KRT85	1	0	0	1.0	1.0
LRRIQ1	1	0	0	1.0	1.0
PDE1B	1	0	0	1.0	1.0
OVCH1	1	0	0	1.0	1.0
NT5DC3	1	0	0	1.0	1.0
NECAP1	1	0	0	1.0	1.0
NAV3	1	0	0	1.0	1.0
NAA25	1	0	0	1.0	1.0
LRRC23	1	0	0	1.0	1.0
MYO1A	1	0	0	1.0	1.0
MYF6	1	0	0	1.0	1.0
MLXIP	1	0	0	1.0	1.0
MGP	1	0	0	1.0	1.0
MED13L	1	0	0	1.0	1.0
MAP3K12	1	0	0	1.0	1.0
LYRM5	1	0	0	1.0	1.0
MYL6B	1	0	0	1.0	1.0
REPS1	1	0	0	1.0	1.0
PCDHA4	1	0	0	1.0	1.0
PCDHAC2	1	0	0	1.0	1.0
ZFP90	1	0	0	1.0	1.0
ZNF319	1	0	0	1.0	1.0
ZSCAN32	1	0	0	1.0	1.0
ZNF629	1	0	0	1.0	1.0
ZNF720	1	0	0	1.0	1.0
ZNF768	1	0	0	1.0	1.0
ZNF785	1	0	0	1.0	1.0
ABCA1	1	0	0	1.0	1.0
ACO1	1	0	0	1.0	1.0
ADAMTSL1	1	0	0	1.0	1.0
ADAMTSL2	1	0	0	1.0	1.0
ALDOB	1	0	0	1.0	1.0
ANKRD18A	1	0	0	1.0	1.0
ANKS6	1	0	0	1.0	1.0
BAAT	1	0	0	1.0	1.0
BNC2	1	0	0	1.0	1.0
C9orf41	1	0	0	1.0	1.0
FREM1	2	0	0	1.0	1.0
FOXD4	1	0	0	1.0	1.0
FCN2	1	0	0	1.0	1.0
FBP2	1	0	0	1.0	1.0
FAM73B	1	0	0	1.0	1.0
FAM120A	1	0	0	1.0	1.0
ZFHX3	1	0	0	1.0	1.0
ERP44	1	0	0	1.0	1.0
COL5A1	1	0	0	1.0	1.0
COL27A1	1	0	0	1.0	1.0
CNTRL	1	0	0	1.0	1.0
CNTLN	1	0	0	1.0	1.0
CARD9	1	0	0	1.0	1.0
C9orf47	1	0	0	1.0	1.0
CYLC2	1	0	0	1.0	1.0
ZDHHC7	1	0	0	1.0	1.0
ZC3H7A	2	0	0	1.0	1.0
VPS9D1	1	0	0	1.0	1.0
PRKCB	1	0	0	1.0	1.0
PPP4C	1	0	0	1.0	1.0
PLEKHG4	1	0	0	1.0	1.0
PKMYT1	1	0	0	1.0	1.0
PKD1	1	0	0	1.0	1.0
NFATC2IP	1	0	0	1.0	1.0
PRSS36	1	0	0	1.0	1.0
NARFL	1	0	0	1.0	1.0
MAZ	1	0	0	1.0	1.0
MAF	1	0	0	1.0	1.0
KLHDC4	1	0	0	1.0	1.0
KCTD19	1	0	0	1.0	1.0
ITPRIPL2	1	0	0	1.0	1.0
ITFG1	1	0	0	1.0	1.0
MSLN	2	0	0	1.0	1.0
FRMD3	1	0	0	1.0	1.0
RABEP2	1	0	0	1.0	1.0
RNPS1	1	0	0	1.0	1.0
USP31	1	0	0	1.0	1.0
TSC2	1	0	0	1.0	1.0
TRIM72	1	0	0	1.0	1.0
TRAF7	1	0	0	1.0	1.0
TOX3	1	0	0	1.0	1.0
TNRC6A	1	0	0	1.0	1.0
RBBP6	1	0	0	1.0	1.0
TFAP4	1	0	0	1.0	1.0
SNX20	1	0	0	1.0	1.0
SLX4	1	0	0	1.0	1.0
SCNN1G	1	0	0	1.0	1.0
SALL1	1	0	0	1.0	1.0
RPL13	1	0	0	1.0	1.0
RPGRIP1L	1	0	0	1.0	1.0
TBC1D10B	1	0	0	1.0	1.0
IRF8	1	0	0	1.0	1.0
FRMPD1	1	0	0	1.0	1.0
GCNT1	1	0	0	1.0	1.0
TMEM245	1	0	0	1.0	1.0
TRPM3	3	0	0	1.0	1.0
TRPM6	1	0	0	1.0	1.0
TTF1	1	0	0	1.0	1.0
UBQLN1	1	0	0	1.0	1.0
UHRF2	1	0	0	1.0	1.0
UNC13B	1	0	0	1.0	1.0
VPS13A	1	0	0	1.0	1.0
ZNF462	1	0	0	1.0	1.0
ZNF782	1	0	0	1.0	1.0
ACE2	1	0	0	1.0	1.0
AGTR2	1	0	0	1.0	1.0
AKAP4	2	0	0	1.0	1.0
AMOT	1	0	0	1.0	1.0
AR	1	0	0	1.0	1.0
ARHGAP6	1	0	0	1.0	1.0
ARMCX5	1	0	0	1.0	1.0
EDA	1	0	0	1.0	1.0
DRP2	1	0	0	1.0	1.0
DGAT2L6	1	0	0	1.0	1.0
DDX53	1	0	0	1.0	1.0
DACH2	1	0	0	1.0	1.0
CXorf57	1	0	0	1.0	1.0
TMC1	1	0	0	1.0	1.0
CT55	1	0	0	1.0	1.0
CTPS2	1	0	0	1.0	1.0
CPXCR1	2	0	0	1.0	1.0
COL4A5	1	0	0	1.0	1.0
CHM	1	0	0	1.0	1.0
BCOR	1	0	0	1.0	1.0
ARSF	1	0	0	1.0	1.0
CXorf22	1	0	0	1.0	1.0
TLN1	1	0	0	1.0	1.0
TJP2	1	0	0	1.0	1.0
TEX10	1	0	0	1.0	1.0
NFIB	1	0	0	1.0	1.0
NELFB	1	0	0	1.0	1.0
NACC2	1	0	0	1.0	1.0
MUSK	1	0	0	1.0	1.0
MPDZ	1	0	0	1.0	1.0
MED22	1	0	0	1.0	1.0
OLFM1	1	0	0	1.0	1.0
LPPR1	1	0	0	1.0	1.0
KANK1	1	0	0	1.0	1.0
INVS	1	0	0	1.0	1.0
IFNA14	1	0	0	1.0	1.0
IARS	1	0	0	1.0	1.0
HIATL1	1	0	0	1.0	1.0
GDA	1	0	0	1.0	1.0
KCNT1	1	0	0	1.0	1.0
FSD1L	1	0	0	1.0	1.0
OR2S2	1	0	0	1.0	1.0
PCSK5	3	0	0	1.0	1.0
TEK	1	0	0	1.0	1.0
SVEP1	1	0	0	1.0	1.0
STRBP	1	0	0	1.0	1.0
STOML2	1	0	0	1.0	1.0
SPATA31D1	1	0	0	1.0	1.0
SOHLH1	1	0	0	1.0	1.0
PAPPA	1	0	0	1.0	1.0
SMC2	1	0	0	1.0	1.0
SARDH	1	0	0	1.0	1.0
RABGAP1	1	0	0	1.0	1.0
QSOX2	1	0	0	1.0	1.0
PTCH1	1	0	0	1.0	1.0
PRRC2B	1	0	0	1.0	1.0
PPP3R2	2	0	0	1.0	1.0
SMARCA2	1	0	0	1.0	1.0
HYDIN	1	0	0	1.0	1.0
HSD3B7	1	0	0	1.0	1.0
GTF3C1	1	0	0	1.0	1.0
ATG2B	1	0	0	1.0	1.0
BCL11B	3	0	0	1.0	1.0
CDKL1	1	0	0	1.0	1.0
CEP128	1	0	0	1.0	1.0
CLMN	1	0	0	1.0	1.0
CPNE6	1	0	0	1.0	1.0
DHRS2	1	0	0	1.0	1.0
DIO2	1	0	0	1.0	1.0
ENTPD5	1	0	0	1.0	1.0
FAM161B	1	0	0	1.0	1.0
FAM179B	1	0	0	1.0	1.0
FBXO34	1	0	0	1.0	1.0
FOXA1	1	0	0	1.0	1.0
FUT8	1	0	0	1.0	1.0
G2E3	1	0	0	1.0	1.0
GPHN	3	0	0	1.0	1.0
HSP90AA1	1	0	0	1.0	1.0
IGHV3-53	2	0	0	1.0	1.0
IGHV3-33	3	0	0	1.0	1.0
IGHV3-30	1	0	0	1.0	1.0
IGHV3-23	2	0	0	1.0	1.0
IGHV3-21	1	0	0	1.0	1.0
IGHV1-24	5	0	0	1.0	1.0
AHNAK2	1	0	0	1.0	1.0
IGHV1-2	4	0	0	1.0	1.0
IGHJ6	1	0	0	1.0	1.0
IGHJ5	5	0	0	1.0	1.0
IGHG3	6	0	0	1.0	1.0
IGHD3-16	1	0	0	1.0	1.0
IGHA2	1	0	0	1.0	1.0
IGHA1	5	0	0	1.0	1.0
IGHM	12	0	0	1.0	1.0
ABHD12B	1	0	0	1.0	1.0
ZSWIM6	1	0	0	1.0	1.0
ZNF608	1	0	0	1.0	1.0
RXFP3	1	0	0	1.0	1.0
RUFY1	1	0	0	1.0	1.0
RPL37	1	0	0	1.0	1.0
RASGRF2	1	0	0	1.0	1.0
PRDM9	2	0	0	1.0	1.0
PPWD1	1	0	0	1.0	1.0
SCAMP1	1	0	0	1.0	1.0
PLCXD3	1	0	0	1.0	1.0
PCDHGB2	1	0	0	1.0	1.0
PCDHB5	1	0	0	1.0	1.0
PCDHB2	1	0	0	1.0	1.0
PCDHB13	1	0	0	1.0	1.0
PCDHB10	1	0	0	1.0	1.0
PCDHB1	1	0	0	1.0	1.0
PCYOX1L	1	0	0	1.0	1.0
IGHV3-72	3	0	0	1.0	1.0
SEMA5A	1	0	0	1.0	1.0
SKIV2L2	1	0	0	1.0	1.0
ZNF454	1	0	0	1.0	1.0
ZNF366	1	0	0	1.0	1.0
WDR70	1	0	0	1.0	1.0
VCAN	4	0	0	1.0	1.0
TSPAN17	1	0	0	1.0	1.0
TRIO	1	0	0	1.0	1.0
SFXN1	1	0	0	1.0	1.0
TRIM23	1	0	0	1.0	1.0
THBS4	1	0	0	1.0	1.0
TENM2	1	0	0	1.0	1.0
TAS2R1	1	0	0	1.0	1.0
SMAD5	1	0	0	1.0	1.0
SLC9A3	1	0	0	1.0	1.0
SLC22A4	1	0	0	1.0	1.0
TNPO1	1	0	0	1.0	1.0
IGHV4-4	2	0	0	1.0	1.0
IGHV4-59	1	0	0	1.0	1.0
IGHV6-1	1	0	0	1.0	1.0
CES5A	1	0	0	1.0	1.0
CDH3	1	0	0	1.0	1.0
CDH15	1	0	0	1.0	1.0
CDH13	1	0	0	1.0	1.0
CDH11	2	0	0	1.0	1.0
CCDC154	1	0	0	1.0	1.0
CHTF18	2	0	0	1.0	1.0
CBFB	1	0	0	1.0	1.0
CACNA1H	2	0	0	1.0	1.0
C16orf93	1	0	0	1.0	1.0
BANP	2	0	0	1.0	1.0
ANKRD11	1	0	0	1.0	1.0
ADAMTS18	1	0	0	1.0	1.0
ACSM2B	1	0	0	1.0	1.0
CBFA2T3	1	0	0	1.0	1.0
ABCC6	1	0	0	1.0	1.0
CIITA	2	0	0	1.0	1.0
CREBBP	3	0	0	1.0	1.0
GSPT1	1	0	0	1.0	1.0
GRIN2A	1	0	0	1.0	1.0
GPR56	1	0	0	1.0	1.0
GPR114	1	0	0	1.0	1.0
GP2	2	0	0	1.0	1.0
GLYR1	1	0	0	1.0	1.0
CNTNAP4	1	0	0	1.0	1.0
GGA2	1	0	0	1.0	1.0
EEF2K	1	0	0	1.0	1.0
E4F1	1	0	0	1.0	1.0
DOC2A	1	0	0	1.0	1.0
DNASE1L2	1	0	0	1.0	1.0
DNAH3	1	0	0	1.0	1.0
CX3CL1	1	0	0	1.0	1.0
FANCA	1	0	0	1.0	1.0
PCDHA5	1	0	0	1.0	1.0
TRMT5	1	0	0	1.0	1.0
SYT16	1	0	0	1.0	1.0
PLEKHD1	2	0	0	1.0	1.0
PCNX	1	0	0	1.0	1.0
NYNRIN	1	0	0	1.0	1.0
NRXN3	2	0	0	1.0	1.0
NPAS3	1	0	0	1.0	1.0
NOP9	1	0	0	1.0	1.0
POMT2	1	0	0	1.0	1.0
NID2	1	0	0	1.0	1.0
MIS18BP1	1	0	0	1.0	1.0
MDGA2	2	0	0	1.0	1.0
LTBP2	1	0	0	1.0	1.0
LRFN5	2	0	0	1.0	1.0
KCNK13	1	0	0	1.0	1.0
IPO4	1	0	0	1.0	1.0
MTHFD1	1	0	0	1.0	1.0
TCL1A	1	0	0	1.0	1.0
PPP1R36	1	0	0	1.0	1.0
PRKD1	1	0	0	1.0	1.0
SSTR1	1	0	0	1.0	1.0
SPTB	1	0	0	1.0	1.0
SLC38A6	1	0	0	1.0	1.0
SLC25A47	1	0	0	1.0	1.0
SIX4	1	0	0	1.0	1.0
SGPP1	1	0	0	1.0	1.0
PRKCH	1	0	0	1.0	1.0
RTL1	2	0	0	1.0	1.0
RNASE3	1	0	0	1.0	1.0
RIN3	1	0	0	1.0	1.0
RGS6	2	0	0	1.0	1.0
PYGL	1	0	0	1.0	1.0
PTPN21	1	0	0	1.0	1.0
PSEN1	2	0	0	1.0	1.0
RPL10L	1	0	0	1.0	1.0
IGHD3-9	2	0	2	1.0	1.0
