gene	Total SNV Mutations	SNVs Unmapped to Ref Tx	inactivating count	inactivating p-value	inactivating BH q-value
FAT3	3	0	2	0.00457	0.18607382521692964
IGF1R	1	0	1	0.00533	0.18607382521692964
OTOA	1	0	1	0.011716736185968036	0.18607382521692964
RBM10	1	0	1	0.01271051795360661	0.18607382521692964
MAML1	2	0	1	0.016673336001067095	0.18607382521692964
DBF4	1	0	1	0.01734394782940493	0.18607382521692964
WNT5B	1	0	1	0.018092015993342137	0.18607382521692964
SPTB	1	0	1	0.01910694155186579	0.18607382521692964
PAXBP1	1	0	1	0.020830729492146816	0.18607382521692964
CDKN1B	1	0	1	0.02208236722976703	0.18607382521692964
FRYL	1	0	1	0.022666999115987036	0.18607382521692964
LAMA4	1	0	1	0.023180880409837967	0.18607382521692964
RNF32	1	0	1	0.026567481402763018	0.18607382521692964
ALPL	1	0	1	0.026692291266282298	0.18607382521692964
ZNF836	2	0	1	0.02806229830223095	0.18607382521692964
RTCB	1	0	1	0.028115159694107064	0.18607382521692964
TTC8	1	0	1	0.03402286336418073	0.18607382521692964
VWF	1	0	1	0.03595958143047215	0.18607382521692964
SARDH	1	0	1	0.03839803402065814	0.18607382521692964
SLC2A10	1	0	1	0.04002561639449247	0.18607382521692964
FXN	1	0	1	0.04139415514529349	0.18607382521692964
NDUFB5	1	0	1	0.04206275763439051	0.18607382521692964
IGDCC4	1	0	1	0.04375218760938047	0.18607382521692964
FERMT3	1	0	1	0.04668534080298786	0.18607382521692964
USP49	1	0	1	0.0468471844842125	0.18607382521692964
F8	1	0	1	0.050436273768094016	0.18607382521692964
GZMK	1	0	1	0.0504999495000505	0.18607382521692964
OR13C2	1	0	1	0.05349309939017867	0.18607382521692964
SUPT6H	1	0	1	0.05393452348848498	0.18607382521692964
CCL27	1	0	1	0.055950316119286074	0.18607382521692964
MYBPC3	1	0	1	0.05837370848169984	0.18607382521692964
VWDE	1	0	1	0.06013590715015936	0.18607382521692964
DNAH5	2	0	1	0.06170554115759595	0.18607382521692964
DAZL	1	0	1	0.06248437890527368	0.18607382521692964
CHPF2	1	0	1	0.0656943896991197	0.18607382521692964
ASIC1	1	0	1	0.06735821096591675	0.18607382521692964
ATR	1	0	1	0.0691945751453086	0.18607382521692964
TOX	1	0	1	0.07118451025056947	0.18607382521692964
SMAD3	1	0	1	0.07149495960534782	0.18607382521692964
CLEC4G	1	0	1	0.07157683773530886	0.18607382521692964
RALGAPA2	1	0	1	0.07197869430648528	0.18607382521692964
ABCA2	2	0	1	0.07211885186787827	0.18607382521692964
CSMD3	1	0	1	0.07340527049842178	0.18607382521692964
ZNF785	1	0	1	0.08120838070488874	0.20117530674620163
HEATR1	1	0	1	0.08389965601141035	0.20312136035406475
PLEKHA1	1	0	1	0.08657259111765216	0.20312136035406475
GALNT6	1	0	1	0.08931761343336907	0.20312136035406475
ILKAP	2	0	1	0.0910995718320124	0.20312136035406475
KIRREL2	1	0	1	0.0948586605957124	0.20312136035406475
KIAA1324	2	0	1	0.09703085581214826	0.20312136035406475
OR2A2	1	0	1	0.0992063492063492	0.20312136035406475
TNRC6B	1	0	1	0.10295480284155256	0.20312136035406475
UNC13B	1	0	1	0.10633772862611654	0.20312136035406475
SHBG	1	0	1	0.10845986984815618	0.20312136035406475
TMC2	1	0	1	0.10849517196484756	0.20312136035406475
PPOX	1	0	1	0.11079104808331487	0.20312136035406475
ETAA1	1	0	1	0.11542012927054478	0.20312136035406475
KIR3DL3	1	0	1	0.11563367252543941	0.20312136035406475
UNC80	2	0	1	0.11896264572924102	0.20312136035406475
TEX14	1	0	1	0.12100677637947725	0.20312136035406475
TMPRSS15	1	0	1	0.12144765606023804	0.20312136035406475
TLE1	1	0	1	0.12359411692003461	0.20312136035406475
KRT84	2	0	1	0.12396181975951406	0.20312136035406475
PKD2	1	0	1	0.12482836100362002	0.20312136035406475
ENPP2	2	0	1	0.12537612838515547	0.20312136035406475
UGT2B7	1	0	1	0.1257387149503332	0.20312136035406475
DNMBP	1	0	1	0.12640626975097966	0.20312136035406475
GOLGA4	1	0	1	0.12704865963664083	0.20312136035406475
STIL	1	0	1	0.13266118333775537	0.20312136035406475
ANK2	2	0	1	0.13462574044157244	0.20312136035406475
ARHGEF18	3	0	1	0.13721185510428102	0.20312136035406475
HELZ	1	0	1	0.14088475626937166	0.20312136035406475
CCDC60	1	0	1	0.1419244961680386	0.20312136035406475
STXBP5	2	0	1	0.1444043321299639	0.20312136035406475
IMPA1	1	0	1	0.1450536698578474	0.20312136035406475
CXorf23	1	0	1	0.1453699665649077	0.20312136035406475
TEX11	1	0	1	0.14553922282055015	0.20312136035406475
WBP4	1	0	1	0.1479727730097662	0.20312136035406475
ZNF197	1	0	1	0.1483459427384661	0.20312136035406475
HMCN1	1	0	1	0.15082956259426847	0.20312136035406475
ZBTB34	3	0	1	0.1509433962264151	0.20312136035406475
MACROD2	1	0	1	0.1529285823520416	0.20328311556551873
TM4SF1	1	0	1	0.1560549313358302	0.2040312074155049
RNF103	2	0	1	0.15807777426493835	0.2040312074155049
TRIM68	1	0	1	0.1596678907871627	0.2040312074155049
RAPGEFL1	2	0	1	0.16097875080489377	0.2040312074155049
SEMA3C	1	0	1	0.16736401673640167	0.20968595200307794
FAM209B	1	0	1	0.1694053870913095	0.20983167264719016
ENO1	2	0	1	0.1719986240110079	0.2106500001932569
HERC1	1	0	1	0.1817190623296384	0.2200819754881176
ARFGAP3	2	0	1	0.20824656393169513	0.24943819196214032
XIRP2	2	0	1	0.21105951878429718	0.2500596472553086
CLEC6A	1	0	1	0.22271714922049	0.2586603765525555
KIAA1429	2	0	1	0.2230649118893598	0.2586603765525555
ZNF208	1	0	1	0.23169601482854496	0.26584069069801475
TTC5	1	0	1	0.24740227610094012	0.2809046676562758
HRG	1	0	1	0.2522704339051463	0.28347914737794794
RLN3	1	0	1	0.2595380223202699	0.28866984115213695
RBM6	1	0	1	0.28604118993135014	0.3149342394193653
DNAH3	2	0	1	0.29806259314456035	0.3239891686556827
GTF2E2	1	0	1	0.30021014710297206	0.3239891686556827
TP53	14	0	2	0.3524850193866761	0.3766751677759578
C10orf120	2	0	1	0.3575259206292456	0.3783526732872599
CCDC59	1	0	1	0.3951007506914263	0.4140959790900526
MRPL50	1	0	1	0.40144520272982737	0.4167383533100113
TMEM161B	1	0	1	0.4508566275924256	0.46361672082617356
DST	2	0	1	0.47619047619047616	0.4850912327547841
ZNF709	1	0	1	0.7352941176470589	0.7421023965141613
C3orf36	1	0	0	1.0	1.0
ENTHD2	1	0	0	1.0	1.0
EVPL	1	0	0	1.0	1.0
FAM134C	1	0	0	1.0	1.0
GJC1	1	0	0	1.0	1.0
GPR179	1	0	0	1.0	1.0
GRB7	1	0	0	1.0	1.0
HGS	1	0	0	1.0	1.0
HOXB4	1	0	0	1.0	1.0
ITGAE	2	0	0	1.0	1.0
ITGB4	1	0	0	1.0	1.0
KAT7	1	0	0	1.0	1.0
KIF18B	1	0	0	1.0	1.0
KRT15	1	0	0	1.0	1.0
KRTAP9-9	1	0	0	1.0	1.0
MKS1	1	0	0	1.0	1.0
MPP3	1	0	0	1.0	1.0
MYH13	1	0	0	1.0	1.0
ELAC2	1	0	0	1.0	1.0
MYO15A	2	0	0	1.0	1.0
CHD3	1	0	0	1.0	1.0
CCDC137	1	0	0	1.0	1.0
SCN1A	1	0	0	1.0	1.0
SLC4A5	1	0	0	1.0	1.0
SRSF7	1	0	0	1.0	1.0
STAT1	1	0	0	1.0	1.0
TCF7L1	1	0	0	1.0	1.0
TMEM177	1	0	0	1.0	1.0
TTN	2	0	0	1.0	1.0
UBXN4	1	0	0	1.0	1.0
UGGT1	1	0	0	1.0	1.0
ZNF142	1	0	0	1.0	1.0
AP2B1	1	0	0	1.0	1.0
ATP2A3	1	0	0	1.0	1.0
BCAS3	1	0	0	1.0	1.0
BPTF	1	0	0	1.0	1.0
C17orf70	1	0	0	1.0	1.0
CACNA1G	2	0	0	1.0	1.0
CACNB1	1	0	0	1.0	1.0
CCL15	1	0	0	1.0	1.0
SCG2	1	0	0	1.0	1.0
MYO18A	1	0	0	1.0	1.0
NLRP1	1	0	0	1.0	1.0
TEX2	1	0	0	1.0	1.0
TNRC6C	1	0	0	1.0	1.0
TRIM25	1	0	0	1.0	1.0
TTC19	1	0	0	1.0	1.0
UNC13D	1	0	0	1.0	1.0
WDR81	1	0	0	1.0	1.0
WNT3	1	0	0	1.0	1.0
ABHD14A	1	0	0	1.0	1.0
ACTR8	1	0	0	1.0	1.0
ATG7	1	0	0	1.0	1.0
ATP13A3	1	0	0	1.0	1.0
ATXN7	1	0	0	1.0	1.0
AZI2	1	0	0	1.0	1.0
B3GALNT1	1	0	0	1.0	1.0
BHLHE40	1	0	0	1.0	1.0
BSN	2	0	0	1.0	1.0
C3orf20	1	0	0	1.0	1.0
SRSF2	1	0	0	1.0	1.0
NF1	1	0	0	1.0	1.0
SPATA20	1	0	0	1.0	1.0
SLC5A10	1	0	0	1.0	1.0
OR4D2	2	0	0	1.0	1.0
PER1	1	0	0	1.0	1.0
PLEKHM1	2	0	0	1.0	1.0
POLDIP2	1	0	0	1.0	1.0
POLR2A	1	0	0	1.0	1.0
RAP1GAP2	1	0	0	1.0	1.0
RARA	1	0	0	1.0	1.0
RASD1	1	0	0	1.0	1.0
RECQL5	1	0	0	1.0	1.0
RNF157	1	0	0	1.0	1.0
RNF213	1	0	0	1.0	1.0
RNF222	1	0	0	1.0	1.0
SARM1	1	0	0	1.0	1.0
SCN4A	1	0	0	1.0	1.0
SEPT4	1	0	0	1.0	1.0
SLC16A13	1	0	0	1.0	1.0
SLC38A10	1	0	0	1.0	1.0
SMTNL2	1	0	0	1.0	1.0
RTN4	1	0	0	1.0	1.0
C2orf49	1	0	0	1.0	1.0
REV1	1	0	0	1.0	1.0
ALLC	1	0	0	1.0	1.0
ALPPL2	1	0	0	1.0	1.0
ASIC4	1	0	0	1.0	1.0
ATP6V1B1	1	0	0	1.0	1.0
BIN1	1	0	0	1.0	1.0
BIRC6	2	0	0	1.0	1.0
BUB1	1	0	0	1.0	1.0
C2orf16	1	0	0	1.0	1.0
C3orf38	1	0	0	1.0	1.0
C2orf57	1	0	0	1.0	1.0
C2orf82	1	0	0	1.0	1.0
CLHC1	1	0	0	1.0	1.0
CREG2	2	0	0	1.0	1.0
DNAH6	1	0	0	1.0	1.0
DOCK10	1	0	0	1.0	1.0
DTNB	1	0	0	1.0	1.0
DUSP11	1	0	0	1.0	1.0
ALK	1	0	0	1.0	1.0
DYSF	1	0	0	1.0	1.0
AFF3	2	0	0	1.0	1.0
ZDHHC13	1	0	0	1.0	1.0
SORL1	1	0	0	1.0	1.0
SPTY2D1	1	0	0	1.0	1.0
SRPR	1	0	0	1.0	1.0
SUV420H1	1	0	0	1.0	1.0
SYT7	1	0	0	1.0	1.0
TAF10	1	0	0	1.0	1.0
TPP1	1	0	0	1.0	1.0
TRIM3	1	0	0	1.0	1.0
TSKU	1	0	0	1.0	1.0
TTC12	1	0	0	1.0	1.0
TUB	1	0	0	1.0	1.0
UBQLN3	1	0	0	1.0	1.0
UCP2	1	0	0	1.0	1.0
VPS37C	1	0	0	1.0	1.0
WDR74	1	0	0	1.0	1.0
WEE1	1	0	0	1.0	1.0
ZBTB16	1	0	0	1.0	1.0
ABCA12	1	0	0	1.0	1.0
ECEL1	1	0	0	1.0	1.0
EGR4	1	0	0	1.0	1.0
EHD3	1	0	0	1.0	1.0
LRP2	2	0	0	1.0	1.0
LYG2	1	0	0	1.0	1.0
MALL	1	0	0	1.0	1.0
MARCO	1	0	0	1.0	1.0
METTL8	1	0	0	1.0	1.0
MXD1	1	0	0	1.0	1.0
NBEAL1	1	0	0	1.0	1.0
NCAPH	2	0	0	1.0	1.0
NT5C1B	1	0	0	1.0	1.0
OBSL1	1	0	0	1.0	1.0
OXER1	2	0	0	1.0	1.0
PECR	1	0	0	1.0	1.0
PID1	1	0	0	1.0	1.0
PIKFYVE	2	0	0	1.0	1.0
POLR1A	1	0	0	1.0	1.0
PPM1B	1	0	0	1.0	1.0
PPM1G	1	0	0	1.0	1.0
LPIN1	1	0	0	1.0	1.0
LCT	1	0	0	1.0	1.0
KCNG3	1	0	0	1.0	1.0
IL1R1	1	0	0	1.0	1.0
EPT1	1	0	0	1.0	1.0
ERBB4	1	0	0	1.0	1.0
FAM168B	1	0	0	1.0	1.0
FAM179A	1	0	0	1.0	1.0
FASTKD1	1	0	0	1.0	1.0
FOSL2	1	0	0	1.0	1.0
FSIP2	1	0	0	1.0	1.0
FZD7	1	0	0	1.0	1.0
RMDN2	1	0	0	1.0	1.0
GAD1	1	0	0	1.0	1.0
GPR148	1	0	0	1.0	1.0
GPR35	1	0	0	1.0	1.0
GTF3C2	1	0	0	1.0	1.0
HECW2	1	0	0	1.0	1.0
HNRNPLL	1	0	0	1.0	1.0
HSPD1	1	0	0	1.0	1.0
IGKV1-9	1	0	0	1.0	1.0
IGKV3D-20	1	0	0	1.0	1.0
GDF7	1	0	0	1.0	1.0
C3orf58	1	0	0	1.0	1.0
PPP4R2	1	0	0	1.0	1.0
CAND2	1	0	0	1.0	1.0
PARK2	1	0	0	1.0	1.0
PBX2	1	0	0	1.0	1.0
PHACTR1	1	0	0	1.0	1.0
PHIP	1	0	0	1.0	1.0
PKHD1	1	0	0	1.0	1.0
PNISR	1	0	0	1.0	1.0
PNRC1	1	0	0	1.0	1.0
PRDM1	1	0	0	1.0	1.0
RREB1	1	0	0	1.0	1.0
SERINC1	1	0	0	1.0	1.0
SESN1	1	0	0	1.0	1.0
SLC26A8	1	0	0	1.0	1.0
SLC39A7	1	0	0	1.0	1.0
SNX14	1	0	0	1.0	1.0
SPATS1	1	0	0	1.0	1.0
SYNE1	2	0	0	1.0	1.0
SYTL3	2	0	0	1.0	1.0
OR2W1	1	0	0	1.0	1.0
TBC1D7	1	0	0	1.0	1.0
NOX3	1	0	0	1.0	1.0
NCOA7	1	0	0	1.0	1.0
DAAM2	1	0	0	1.0	1.0
DDR1	1	0	0	1.0	1.0
DNAH8	1	0	0	1.0	1.0
DSP	1	0	0	1.0	1.0
EYA4	1	0	0	1.0	1.0
FAM50B	1	0	0	1.0	1.0
GLYATL3	1	0	0	1.0	1.0
GTF2H4	1	0	0	1.0	1.0
HIST1H1T	1	0	0	1.0	1.0
HIST1H3C	1	0	0	1.0	1.0
HSP90AB1	1	0	0	1.0	1.0
ID4	1	0	0	1.0	1.0
KCNQ5	1	0	0	1.0	1.0
KIF6	1	0	0	1.0	1.0
MAP3K7	1	0	0	1.0	1.0
MDC1	1	0	0	1.0	1.0
MICAL1	2	0	0	1.0	1.0
NHSL1	1	0	0	1.0	1.0
TCP1	1	0	0	1.0	1.0
TIAM2	1	0	0	1.0	1.0
TINAG	1	0	0	1.0	1.0
CLECL1	1	0	0	1.0	1.0
CPSF6	1	0	0	1.0	1.0
CUX2	1	0	0	1.0	1.0
CYP27B1	1	0	0	1.0	1.0
DENND5B	1	0	0	1.0	1.0
DIP2B	1	0	0	1.0	1.0
DYRK2	1	0	0	1.0	1.0
EP400	1	0	0	1.0	1.0
ERBB3	2	0	0	1.0	1.0
ESPL1	2	0	0	1.0	1.0
FMNL3	1	0	0	1.0	1.0
FOXJ2	1	0	0	1.0	1.0
GDF11	1	0	0	1.0	1.0
GIT2	1	0	0	1.0	1.0
GLT8D2	1	0	0	1.0	1.0
GNPTAB	1	0	0	1.0	1.0
GOLGA3	1	0	0	1.0	1.0
CLEC9A	1	0	0	1.0	1.0
CIT	1	0	0	1.0	1.0
CHFR	1	0	0	1.0	1.0
CHD4	2	0	0	1.0	1.0
TMEM151B	2	0	0	1.0	1.0
UBD	1	0	0	1.0	1.0
UBR2	1	0	0	1.0	1.0
VARS2	1	0	0	1.0	1.0
ZNF318	2	0	0	1.0	1.0
AACS	1	0	0	1.0	1.0
ACVR1B	1	0	0	1.0	1.0
AICDA	1	0	0	1.0	1.0
CUL9	1	0	0	1.0	1.0
ANKRD52	1	0	0	1.0	1.0
ATF7IP	1	0	0	1.0	1.0
ATN1	1	0	0	1.0	1.0
BRAP	1	0	0	1.0	1.0
C12orf60	1	0	0	1.0	1.0
C1R	1	0	0	1.0	1.0
CCDC62	1	0	0	1.0	1.0
CCNT1	1	0	0	1.0	1.0
CD163	1	0	0	1.0	1.0
ANKS1B	1	0	0	1.0	1.0
CACNA1D	1	0	0	1.0	1.0
CPNE5	1	0	0	1.0	1.0
CAPN11	1	0	0	1.0	1.0
DRD3	1	0	0	1.0	1.0
EFHB	1	0	0	1.0	1.0
EIF4G1	1	0	0	1.0	1.0
EPHA3	1	0	0	1.0	1.0
EPHB1	1	0	0	1.0	1.0
FAM198A	1	0	0	1.0	1.0
FANCD2	1	0	0	1.0	1.0
GADL1	1	0	0	1.0	1.0
GFM1	1	0	0	1.0	1.0
GPR27	1	0	0	1.0	1.0
HRH1	1	0	0	1.0	1.0
IFT122	1	0	0	1.0	1.0
IGSF10	1	0	0	1.0	1.0
ITGB5	1	0	0	1.0	1.0
KALRN	2	0	0	1.0	1.0
LMCD1	1	0	0	1.0	1.0
MCM2	2	0	0	1.0	1.0
DOCK3	1	0	0	1.0	1.0
MST1R	1	0	0	1.0	1.0
DNAJC13	2	0	0	1.0	1.0
DLG1	1	0	0	1.0	1.0
CCDC66	1	0	0	1.0	1.0
CCNL1	1	0	0	1.0	1.0
CCR2	1	0	0	1.0	1.0
CD80	1	0	0	1.0	1.0
CELSR3	1	0	0	1.0	1.0
CGGBP1	1	0	0	1.0	1.0
CHRD	1	0	0	1.0	1.0
CIDEC	1	0	0	1.0	1.0
CLASP2	1	0	0	1.0	1.0
CLCN2	2	0	0	1.0	1.0
COL7A1	1	0	0	1.0	1.0
CRYBG3	1	0	0	1.0	1.0
CTDSPL	1	0	0	1.0	1.0
CTNNB1	1	0	0	1.0	1.0
DCLK3	1	0	0	1.0	1.0
DGKG	1	0	0	1.0	1.0
DHX36	1	0	0	1.0	1.0
DNAH1	2	0	0	1.0	1.0
MYRIP	1	0	0	1.0	1.0
NBEAL2	1	0	0	1.0	1.0
NDUFAF3	1	0	0	1.0	1.0
TMEM108	1	0	0	1.0	1.0
TP63	1	0	0	1.0	1.0
TSC22D2	1	0	0	1.0	1.0
UROC1	1	0	0	1.0	1.0
USP19	1	0	0	1.0	1.0
VHL	1	0	0	1.0	1.0
VILL	1	0	0	1.0	1.0
ZNF445	1	0	0	1.0	1.0
ZNF621	1	0	0	1.0	1.0
ABCC10	1	0	0	1.0	1.0
AIM1	1	0	0	1.0	1.0
AKAP12	1	0	0	1.0	1.0
ANKRD6	1	0	0	1.0	1.0
ANKRD66	1	0	0	1.0	1.0
BACH2	1	0	0	1.0	1.0
BCLAF1	1	0	0	1.0	1.0
CAP2	1	0	0	1.0	1.0
TIGIT	1	0	0	1.0	1.0
TBC1D5	1	0	0	1.0	1.0
STT3B	1	0	0	1.0	1.0
STAG1	1	0	0	1.0	1.0
NXPE3	1	0	0	1.0	1.0
OXTR	1	0	0	1.0	1.0
PAQR9	1	0	0	1.0	1.0
PARP14	1	0	0	1.0	1.0
PBRM1	1	0	0	1.0	1.0
PHC3	1	0	0	1.0	1.0
PHLDB2	1	0	0	1.0	1.0
PLXNA1	1	0	0	1.0	1.0
COL12A1	1	0	0	1.0	1.0
PLXNB1	1	0	0	1.0	1.0
QRICH1	1	0	0	1.0	1.0
RAB6B	1	0	0	1.0	1.0
ROBO1	1	0	0	1.0	1.0
ROPN1	1	0	0	1.0	1.0
SLC22A13	1	0	0	1.0	1.0
SLC26A6	1	0	0	1.0	1.0
SLC6A11	1	0	0	1.0	1.0
STAB1	1	0	0	1.0	1.0
SIPA1	1	0	0	1.0	1.0
SBF2	1	0	0	1.0	1.0
USP16	1	0	0	1.0	1.0
RIN1	1	0	0	1.0	1.0
SERINC2	1	0	0	1.0	1.0
SH2D2A	1	0	0	1.0	1.0
SH3GLB1	1	0	0	1.0	1.0
SHC1	1	0	0	1.0	1.0
SKI	1	0	0	1.0	1.0
SLC1A7	1	0	0	1.0	1.0
SLC35D1	1	0	0	1.0	1.0
SLC45A3	1	0	0	1.0	1.0
SLC6A17	1	0	0	1.0	1.0
SLC9C2	1	0	0	1.0	1.0
SPAG17	1	0	0	1.0	1.0
SPOCD1	2	0	0	1.0	1.0
ST3GAL3	1	0	0	1.0	1.0
SUSD4	1	0	0	1.0	1.0
SZT2	1	0	0	1.0	1.0
TAL1	1	0	0	1.0	1.0
TAS1R3	1	0	0	1.0	1.0
SEPN1	1	0	0	1.0	1.0
TBX19	1	0	0	1.0	1.0
SELENBP1	1	0	0	1.0	1.0
RPRD2	2	0	0	1.0	1.0
PADI4	1	0	0	1.0	1.0
PDE4DIP	1	0	0	1.0	1.0
PEAR1	1	0	0	1.0	1.0
PER3	1	0	0	1.0	1.0
PGBD2	1	0	0	1.0	1.0
PIK3C2B	1	0	0	1.0	1.0
PLEKHM2	1	0	0	1.0	1.0
PLXNA2	1	0	0	1.0	1.0
POGZ	1	0	0	1.0	1.0
POLR3C	1	0	0	1.0	1.0
PRDM2	2	0	0	1.0	1.0
PTGFRN	1	0	0	1.0	1.0
PTPRF	1	0	0	1.0	1.0
QSOX1	1	0	0	1.0	1.0
RGL1	1	0	0	1.0	1.0
RGSL1	1	0	0	1.0	1.0
RNF115	1	0	0	1.0	1.0
S100A4	1	0	0	1.0	1.0
TMCO4	1	0	0	1.0	1.0
TMEM51	1	0	0	1.0	1.0
TMEM61	1	0	0	1.0	1.0
C19orf18	1	0	0	1.0	1.0
C19orf26	1	0	0	1.0	1.0
C19orf70	1	0	0	1.0	1.0
CAPNS1	1	0	0	1.0	1.0
CC2D1A	1	0	0	1.0	1.0
CD33	1	0	0	1.0	1.0
CEACAM16	1	0	0	1.0	1.0
CEACAM5	1	0	0	1.0	1.0
CHAF1A	1	0	0	1.0	1.0
CNTD2	1	0	0	1.0	1.0
COL5A3	1	0	0	1.0	1.0
CYP4F3	1	0	0	1.0	1.0
DNMT1	1	0	0	1.0	1.0
DOT1L	1	0	0	1.0	1.0
ELAVL3	1	0	0	1.0	1.0
ERF	1	0	0	1.0	1.0
EVI5L	1	0	0	1.0	1.0
BSG	1	0	0	1.0	1.0
ARHGAP33	1	0	0	1.0	1.0
AP1M2	1	0	0	1.0	1.0
AP1M1	1	0	0	1.0	1.0
TP73	1	0	0	1.0	1.0
TPR	1	0	0	1.0	1.0
TRIM11	1	0	0	1.0	1.0
TRIM58	1	0	0	1.0	1.0
UBE4B	1	0	0	1.0	1.0
VCAM1	1	0	0	1.0	1.0
WLS	1	0	0	1.0	1.0
WNT2B	1	0	0	1.0	1.0
OR6N2	1	0	0	1.0	1.0
YY1AP1	1	0	0	1.0	1.0
ZBTB48	1	0	0	1.0	1.0
ZNF670	1	0	0	1.0	1.0
ACTN4	1	0	0	1.0	1.0
ADCK4	1	0	0	1.0	1.0
AKT1S1	1	0	0	1.0	1.0
AMH	1	0	0	1.0	1.0
ANKRD27	1	0	0	1.0	1.0
ANO8	1	0	0	1.0	1.0
ZBTB40	1	0	0	1.0	1.0
ABHD17A	1	0	0	1.0	1.0
OR2M3	1	0	0	1.0	1.0
OR10Z1	1	0	0	1.0	1.0
CORT	1	0	0	1.0	1.0
CPSF3L	1	0	0	1.0	1.0
CPT2	1	0	0	1.0	1.0
CSMD2	2	0	0	1.0	1.0
CTH	1	0	0	1.0	1.0
DOCK7	2	0	0	1.0	1.0
DUSP27	1	0	0	1.0	1.0
AGO3	1	0	0	1.0	1.0
ELAVL4	1	0	0	1.0	1.0
EPHA10	1	0	0	1.0	1.0
EPHA8	1	0	0	1.0	1.0
EPHX1	1	0	0	1.0	1.0
F11R	1	0	0	1.0	1.0
FAM131C	1	0	0	1.0	1.0
BRINP3	1	0	0	1.0	1.0
FHAD1	1	0	0	1.0	1.0
FLAD1	1	0	0	1.0	1.0
COL16A1	1	0	0	1.0	1.0
FMN2	2	0	0	1.0	1.0
CNTN2	1	0	0	1.0	1.0
CHIA	1	0	0	1.0	1.0
ADORA3	1	0	0	1.0	1.0
AGL	1	0	0	1.0	1.0
AGRN	2	0	0	1.0	1.0
ARHGEF2	2	0	0	1.0	1.0
ATAD3B	1	0	0	1.0	1.0
ATP13A2	1	0	0	1.0	1.0
BCAN	1	0	0	1.0	1.0
CCDC181	1	0	0	1.0	1.0
C1orf168	1	0	0	1.0	1.0
C1orf174	1	0	0	1.0	1.0
CACHD1	1	0	0	1.0	1.0
CACNA1S	2	0	0	1.0	1.0
CAPN2	1	0	0	1.0	1.0
CASZ1	1	0	0	1.0	1.0
CCDC28B	1	0	0	1.0	1.0
CDC42BPA	1	0	0	1.0	1.0
CELSR2	1	0	0	1.0	1.0
CLCA1	1	0	0	1.0	1.0
FUBP1	1	0	0	1.0	1.0
GABRD	1	0	0	1.0	1.0
GALE	1	0	0	1.0	1.0
KIF17	1	0	0	1.0	1.0
KIF21B	1	0	0	1.0	1.0
KIRREL	1	0	0	1.0	1.0
LEPR	1	0	0	1.0	1.0
MACF1	1	0	0	1.0	1.0
MAST2	1	0	0	1.0	1.0
METTL13	1	0	0	1.0	1.0
MR1	1	0	0	1.0	1.0
MTOR	1	0	0	1.0	1.0
NCDN	1	0	0	1.0	1.0
NFIA	2	0	0	1.0	1.0
NLRP3	1	0	0	1.0	1.0
NOTCH2	1	0	0	1.0	1.0
NPHP4	1	0	0	1.0	1.0
NT5C1A	1	0	0	1.0	1.0
OPRD1	1	0	0	1.0	1.0
OR10K1	1	0	0	1.0	1.0
KANK4	1	0	0	1.0	1.0
JMJD4	1	0	0	1.0	1.0
IQGAP3	1	0	0	1.0	1.0
INSRR	1	0	0	1.0	1.0
GBP2	1	0	0	1.0	1.0
GSTM2	1	0	0	1.0	1.0
GUCA2B	1	0	0	1.0	1.0
HCRTR1	1	0	0	1.0	1.0
HES4	1	0	0	1.0	1.0
HFM1	1	0	0	1.0	1.0
HHAT	1	0	0	1.0	1.0
HIVEP3	1	0	0	1.0	1.0
OR2C3	1	0	0	1.0	1.0
HORMAD1	1	0	0	1.0	1.0
HTR6	1	0	0	1.0	1.0
IFI16	1	0	0	1.0	1.0
IFNLR1	1	0	0	1.0	1.0
IGSF21	1	0	0	1.0	1.0
IGSF3	1	0	0	1.0	1.0
IGSF9	1	0	0	1.0	1.0
INADL	1	0	0	1.0	1.0
INPP5B	1	0	0	1.0	1.0
HSPG2	2	0	0	1.0	1.0
FAM71E2	1	0	0	1.0	1.0
FBN3	2	0	0	1.0	1.0
FCGBP	1	0	0	1.0	1.0
ATM	1	0	0	1.0	1.0
B3GAT3	1	0	0	1.0	1.0
CCDC73	1	0	0	1.0	1.0
CCDC82	1	0	0	1.0	1.0
CD44	1	0	0	1.0	1.0
CDC42BPG	1	0	0	1.0	1.0
CEP164	2	0	0	1.0	1.0
CHORDC1	1	0	0	1.0	1.0
GPR133	2	0	0	1.0	1.0
CPT1A	1	0	0	1.0	1.0
CTSF	1	0	0	1.0	1.0
DCHS1	1	0	0	1.0	1.0
DDB1	1	0	0	1.0	1.0
DNHD1	1	0	0	1.0	1.0
DSCAML1	2	0	0	1.0	1.0
DYNC2H1	2	0	0	1.0	1.0
EHBP1L1	1	0	0	1.0	1.0
ATG2A	3	0	0	1.0	1.0
FBXO3	1	0	0	1.0	1.0
ARRB1	1	0	0	1.0	1.0
ARAP1	2	0	0	1.0	1.0
ZNF628	1	0	0	1.0	1.0
ZNF737	1	0	0	1.0	1.0
ZNF773	1	0	0	1.0	1.0
ZNF793	1	0	0	1.0	1.0
ZNF805	1	0	0	1.0	1.0
ZNF812	1	0	0	1.0	1.0
ZNF846	1	0	0	1.0	1.0
ZNF878	1	0	0	1.0	1.0
ZNF98	1	0	0	1.0	1.0
ZSWIM4	1	0	0	1.0	1.0
ABCG4	1	0	0	1.0	1.0
ABTB2	1	0	0	1.0	1.0
ADAMTS8	1	0	0	1.0	1.0
AHNAK	1	0	0	1.0	1.0
ANO3	1	0	0	1.0	1.0
ANO5	1	0	0	1.0	1.0
ANO9	1	0	0	1.0	1.0
ARHGAP32	1	0	0	1.0	1.0
FEZ1	1	0	0	1.0	1.0
FOLR2	2	0	0	1.0	1.0
GALNT18	1	0	0	1.0	1.0
NLRP10	1	0	0	1.0	1.0
OR1S2	1	0	0	1.0	1.0
OR2AT4	1	0	0	1.0	1.0
OR52L1	1	0	0	1.0	1.0
OR52N1	1	0	0	1.0	1.0
OR5F1	1	0	0	1.0	1.0
OSBPL5	1	0	0	1.0	1.0
P4HA3	1	0	0	1.0	1.0
PACS1	1	0	0	1.0	1.0
PAMR1	1	0	0	1.0	1.0
PIH1D2	1	0	0	1.0	1.0
PITPNM1	1	0	0	1.0	1.0
PIWIL4	1	0	0	1.0	1.0
PTS	1	0	0	1.0	1.0
QSER1	1	0	0	1.0	1.0
RAB1B	1	0	0	1.0	1.0
RCOR2	1	0	0	1.0	1.0
NCAPD3	1	0	0	1.0	1.0
NARS2	1	0	0	1.0	1.0
NAA40	1	0	0	1.0	1.0
MYO7A	1	0	0	1.0	1.0
GDPD5	1	0	0	1.0	1.0
GLB1L2	1	0	0	1.0	1.0
GYLTL1B	1	0	0	1.0	1.0
IGSF9B	1	0	0	1.0	1.0
INCENP	1	0	0	1.0	1.0
INTS4	1	0	0	1.0	1.0
JAM3	2	0	0	1.0	1.0
KCNC1	1	0	0	1.0	1.0
ZNF616	1	0	0	1.0	1.0
KCNJ1	1	0	0	1.0	1.0
KIF18A	1	0	0	1.0	1.0
LRP4	1	0	0	1.0	1.0
MFRP	1	0	0	1.0	1.0
MICALCL	1	0	0	1.0	1.0
MMP3	1	0	0	1.0	1.0
MTL5	1	0	0	1.0	1.0
MUC2	1	0	0	1.0	1.0
MUC6	1	0	0	1.0	1.0
KCNJ5	1	0	0	1.0	1.0
ZNF569	1	0	0	1.0	1.0
ZNF528	2	0	0	1.0	1.0
ZNF526	1	0	0	1.0	1.0
MAST1	1	0	0	1.0	1.0
MEGF8	1	0	0	1.0	1.0
KMT2B	1	0	0	1.0	1.0
MUC16	2	0	0	1.0	1.0
MYH14	1	0	0	1.0	1.0
MYO1F	2	0	0	1.0	1.0
MYO9B	1	0	0	1.0	1.0
NACC1	1	0	0	1.0	1.0
NFIX	2	0	0	1.0	1.0
NLRP7	1	0	0	1.0	1.0
NLRP8	1	0	0	1.0	1.0
NLRP9	1	0	0	1.0	1.0
NOSIP	1	0	0	1.0	1.0
NOTCH3	1	0	0	1.0	1.0
NPHS1	1	0	0	1.0	1.0
NTF4	1	0	0	1.0	1.0
OLFM2	1	0	0	1.0	1.0
MAP4K1	1	0	0	1.0	1.0
LYPD3	1	0	0	1.0	1.0
LSM14A	1	0	0	1.0	1.0
LRP3	1	0	0	1.0	1.0
FFAR2	1	0	0	1.0	1.0
FUT2	1	0	0	1.0	1.0
GPR108	1	0	0	1.0	1.0
GRIN2D	1	0	0	1.0	1.0
GRWD1	1	0	0	1.0	1.0
GYS1	1	0	0	1.0	1.0
HAPLN4	1	0	0	1.0	1.0
HMHA1	1	0	0	1.0	1.0
OR10H2	2	0	0	1.0	1.0
HRC	1	0	0	1.0	1.0
ILF3	1	0	0	1.0	1.0
KCNN4	1	0	0	1.0	1.0
KIR2DL1	1	0	0	1.0	1.0
LAIR1	1	0	0	1.0	1.0
LILRA1	1	0	0	1.0	1.0
LMTK3	1	0	0	1.0	1.0
LONP1	1	0	0	1.0	1.0
LPHN1	2	0	0	1.0	1.0
ICAM4	1	0	0	1.0	1.0
SART1	1	0	0	1.0	1.0
PEG3	1	0	0	1.0	1.0
PNPLA6	1	0	0	1.0	1.0
TNPO2	1	0	0	1.0	1.0
TOMM40	1	0	0	1.0	1.0
TSEN34	1	0	0	1.0	1.0
TSHZ3	1	0	0	1.0	1.0
TYK2	1	0	0	1.0	1.0
WDR88	1	0	0	1.0	1.0
WTIP	1	0	0	1.0	1.0
ZFP30	1	0	0	1.0	1.0
ZNF136	1	0	0	1.0	1.0
ZNF155	1	0	0	1.0	1.0
ZNF234	1	0	0	1.0	1.0
ZNF264	1	0	0	1.0	1.0
ZNF419	1	0	0	1.0	1.0
ZNF440	1	0	0	1.0	1.0
ZNF441	1	0	0	1.0	1.0
ZNF473	1	0	0	1.0	1.0
ZNF497	1	0	0	1.0	1.0
TMEM205	1	0	0	1.0	1.0
TMEM150B	1	0	0	1.0	1.0
TCF3	1	0	0	1.0	1.0
SSC5D	3	0	0	1.0	1.0
POU2F2	1	0	0	1.0	1.0
PPAP2C	1	0	0	1.0	1.0
PRKCG	1	0	0	1.0	1.0
QTRT1	1	0	0	1.0	1.0
RASGRP4	1	0	0	1.0	1.0
RBM42	1	0	0	1.0	1.0
RFX1	1	0	0	1.0	1.0
RSPH6A	1	0	0	1.0	1.0
PLIN4	1	0	0	1.0	1.0
RYR1	1	0	0	1.0	1.0
SEMA6B	1	0	0	1.0	1.0
SGTA	1	0	0	1.0	1.0
SIGLEC14	1	0	0	1.0	1.0
SIGLEC7	1	0	0	1.0	1.0
SIN3B	1	0	0	1.0	1.0
SLC1A6	1	0	0	1.0	1.0
SLC7A10	1	0	0	1.0	1.0
SPTBN4	2	0	0	1.0	1.0
S1PR4	1	0	0	1.0	1.0
CPSF7	1	0	0	1.0	1.0
HDAC7	1	0	0	1.0	1.0
IFFO1	1	0	0	1.0	1.0
AP3M2	1	0	0	1.0	1.0
ATP6V1B2	1	0	0	1.0	1.0
BAI1	2	0	0	1.0	1.0
BRF2	1	0	0	1.0	1.0
C8orf48	1	0	0	1.0	1.0
CDCA2	1	0	0	1.0	1.0
CHD7	1	0	0	1.0	1.0
CSGALNACT1	1	0	0	1.0	1.0
DECR1	1	0	0	1.0	1.0
ADCK5	1	0	0	1.0	1.0
DENND3	1	0	0	1.0	1.0
EEF1D	1	0	0	1.0	1.0
DMTN	1	0	0	1.0	1.0
EPPK1	1	0	0	1.0	1.0
EYA1	2	0	0	1.0	1.0
FAM86B2	1	0	0	1.0	1.0
GEM	1	0	0	1.0	1.0
GGH	1	0	0	1.0	1.0
GPAA1	2	0	0	1.0	1.0
HGSNAT	1	0	0	1.0	1.0
DPYSL2	1	0	0	1.0	1.0
AARD	1	0	0	1.0	1.0
ZBTB49	1	0	0	1.0	1.0
YTHDC1	1	0	0	1.0	1.0
PDS5A	1	0	0	1.0	1.0
PLK4	1	0	0	1.0	1.0
PPAT	1	0	0	1.0	1.0
PPM1K	1	0	0	1.0	1.0
PRDM8	1	0	0	1.0	1.0
PTPN13	1	0	0	1.0	1.0
PTTG2	1	0	0	1.0	1.0
RASGEF1B	1	0	0	1.0	1.0
RUFY3	1	0	0	1.0	1.0
SCD5	1	0	0	1.0	1.0
SHROOM3	1	0	0	1.0	1.0
SLAIN2	1	0	0	1.0	1.0
SLC26A1	1	0	0	1.0	1.0
SLIT2	1	0	0	1.0	1.0
SNX25	2	0	0	1.0	1.0
SPOCK3	1	0	0	1.0	1.0
SYNPO2	1	0	0	1.0	1.0
TACC3	2	0	0	1.0	1.0
TENM3	1	0	0	1.0	1.0
UCP1	1	0	0	1.0	1.0
UVSSA	1	0	0	1.0	1.0
HOOK3	1	0	0	1.0	1.0
PDHA2	1	0	0	1.0	1.0
HR	1	0	0	1.0	1.0
KCNS2	1	0	0	1.0	1.0
TAF2	1	0	0	1.0	1.0
TG	1	0	0	1.0	1.0
TONSL	2	0	0	1.0	1.0
TRAPPC9	2	0	0	1.0	1.0
TRPS1	1	0	0	1.0	1.0
ZFAT	1	0	0	1.0	1.0
ZFHX4	1	0	0	1.0	1.0
ZHX2	1	0	0	1.0	1.0
ADAMTS17	1	0	0	1.0	1.0
SYBU	2	0	0	1.0	1.0
AGBL1	2	0	0	1.0	1.0
ANP32A	1	0	0	1.0	1.0
C15orf39	1	0	0	1.0	1.0
C15orf59	1	0	0	1.0	1.0
CASC5	2	0	0	1.0	1.0
CCDC33	1	0	0	1.0	1.0
CD276	1	0	0	1.0	1.0
CEP152	1	0	0	1.0	1.0
CSPG4	1	0	0	1.0	1.0
CYFIP1	1	0	0	1.0	1.0
ALPK3	1	0	0	1.0	1.0
ST3GAL1	1	0	0	1.0	1.0
SPATC1	1	0	0	1.0	1.0
SLC45A4	1	0	0	1.0	1.0
LGI3	1	0	0	1.0	1.0
LOXL2	2	0	0	1.0	1.0
LRRC14	1	0	0	1.0	1.0
LRRC24	1	0	0	1.0	1.0
LRRC6	1	0	0	1.0	1.0
LZTS1	1	0	0	1.0	1.0
MAPK15	1	0	0	1.0	1.0
MATN2	1	0	0	1.0	1.0
MTUS1	1	0	0	1.0	1.0
MYOM2	1	0	0	1.0	1.0
NCALD	1	0	0	1.0	1.0
NSMAF	1	0	0	1.0	1.0
OPRK1	1	0	0	1.0	1.0
PBK	1	0	0	1.0	1.0
PDP1	1	0	0	1.0	1.0
PLEC	1	0	0	1.0	1.0
R3HCC1	1	0	0	1.0	1.0
RPL8	1	0	0	1.0	1.0
SCRIB	1	0	0	1.0	1.0
SLC20A2	2	0	0	1.0	1.0
SLC26A7	1	0	0	1.0	1.0
IKBKB	1	0	0	1.0	1.0
NPY1R	1	0	0	1.0	1.0
NOP14	1	0	0	1.0	1.0
NDST4	1	0	0	1.0	1.0
DDX50	1	0	0	1.0	1.0
DOCK1	1	0	0	1.0	1.0
GDI2	1	0	0	1.0	1.0
GPR158	1	0	0	1.0	1.0
HNRNPF	1	0	0	1.0	1.0
HPS1	1	0	0	1.0	1.0
IL2RA	1	0	0	1.0	1.0
ITGB1	1	0	0	1.0	1.0
KIAA1462	1	0	0	1.0	1.0
CYP2E1	2	0	0	1.0	1.0
KIF5B	1	0	0	1.0	1.0
LCOR	1	0	0	1.0	1.0
MASTL	1	0	0	1.0	1.0
MKI67	1	0	0	1.0	1.0
MYOF	1	0	0	1.0	1.0
MYPN	1	0	0	1.0	1.0
NEBL	1	0	0	1.0	1.0
NEURL1	1	0	0	1.0	1.0
NOC3L	1	0	0	1.0	1.0
NRAP	1	0	0	1.0	1.0
KNDC1	1	0	0	1.0	1.0
CUBN	1	0	0	1.0	1.0
COX15	1	0	0	1.0	1.0
CALHM1	1	0	0	1.0	1.0
NLGN4X	1	0	0	1.0	1.0
PCDH11X	1	0	0	1.0	1.0
PHF8	1	0	0	1.0	1.0
PJA1	1	0	0	1.0	1.0
PLXNB3	1	0	0	1.0	1.0
PNMA5	1	0	0	1.0	1.0
PRRG1	1	0	0	1.0	1.0
RGAG1	1	0	0	1.0	1.0
SHROOM2	1	0	0	1.0	1.0
SSX3	1	0	0	1.0	1.0
TBC1D25	1	0	0	1.0	1.0
TEX13A	1	0	0	1.0	1.0
THOC2	1	0	0	1.0	1.0
TKTL1	1	0	0	1.0	1.0
TMEM27	1	0	0	1.0	1.0
TMEM31	1	0	0	1.0	1.0
USP27X	1	0	0	1.0	1.0
ZNF280C	1	0	0	1.0	1.0
ARID5B	1	0	0	1.0	1.0
BAG3	1	0	0	1.0	1.0
BTBD16	1	0	0	1.0	1.0
PALD1	1	0	0	1.0	1.0
PANK1	1	0	0	1.0	1.0
PPRC1	1	0	0	1.0	1.0
PTPRE	1	0	0	1.0	1.0
F11	1	0	0	1.0	1.0
FAM13A	1	0	0	1.0	1.0
FAM198B	1	0	0	1.0	1.0
FAT1	1	0	0	1.0	1.0
FAT4	3	0	0	1.0	1.0
FBXL5	1	0	0	1.0	1.0
FGA	1	0	0	1.0	1.0
FGB	2	0	0	1.0	1.0
FRAS1	1	0	0	1.0	1.0
GALNT7	1	0	0	1.0	1.0
GK2	1	0	0	1.0	1.0
GRID2	1	0	0	1.0	1.0
GUCY1A3	1	0	0	1.0	1.0
HERC5	1	0	0	1.0	1.0
HMGB2	1	0	0	1.0	1.0
HS3ST1	1	0	0	1.0	1.0
HTT	1	0	0	1.0	1.0
KCTD8	1	0	0	1.0	1.0
KIAA1109	2	0	0	1.0	1.0
KIAA1211	3	0	0	1.0	1.0
LRRC66	1	0	0	1.0	1.0
ENPP6	1	0	0	1.0	1.0
DUOX2	1	0	0	1.0	1.0
DCUN1D4	1	0	0	1.0	1.0
CXCL5	1	0	0	1.0	1.0
RASSF4	1	0	0	1.0	1.0
RSU1	1	0	0	1.0	1.0
SEC24C	1	0	0	1.0	1.0
SEMA4G	1	0	0	1.0	1.0
SLIT1	1	0	0	1.0	1.0
SLK	1	0	0	1.0	1.0
SVIL	1	0	0	1.0	1.0
TET1	1	0	0	1.0	1.0
TSPAN14	1	0	0	1.0	1.0
UCN3	1	0	0	1.0	1.0
USP54	1	0	0	1.0	1.0
WDR37	1	0	0	1.0	1.0
ZCCHC24	1	0	0	1.0	1.0
ABCE1	1	0	0	1.0	1.0
ANKRD17	1	0	0	1.0	1.0
ANTXR2	1	0	0	1.0	1.0
BOD1L1	1	0	0	1.0	1.0
CBR4	1	0	0	1.0	1.0
CCKAR	1	0	0	1.0	1.0
COL25A1	1	0	0	1.0	1.0
CPZ	1	0	0	1.0	1.0
DCHS2	2	0	0	1.0	1.0
NHSL2	1	0	0	1.0	1.0
EHD4	1	0	0	1.0	1.0
FAM98B	1	0	0	1.0	1.0
PDXP	1	0	0	1.0	1.0
PHF5A	1	0	0	1.0	1.0
PISD	1	0	0	1.0	1.0
PLA2G6	2	0	0	1.0	1.0
PLXNB2	1	0	0	1.0	1.0
PRODH	1	0	0	1.0	1.0
RBFOX2	1	0	0	1.0	1.0
RBX1	1	0	0	1.0	1.0
RIMBP3	1	0	0	1.0	1.0
OSBP2	1	0	0	1.0	1.0
SEPT5	1	0	0	1.0	1.0
SHANK3	1	0	0	1.0	1.0
SMARCB1	1	0	0	1.0	1.0
SMDT1	2	0	0	1.0	1.0
TBC1D22A	1	0	0	1.0	1.0
TCF20	1	0	0	1.0	1.0
TMEM184B	1	0	0	1.0	1.0
TRIOBP	1	0	0	1.0	1.0
TSPO	1	0	0	1.0	1.0
TUBGCP6	1	0	0	1.0	1.0
SEZ6L	1	0	0	1.0	1.0
MYO18B	1	0	0	1.0	1.0
MYH9	1	0	0	1.0	1.0
MORC2	1	0	0	1.0	1.0
CCT8L2	1	0	0	1.0	1.0
CELSR1	1	0	0	1.0	1.0
CENPM	1	0	0	1.0	1.0
CHEK2	1	0	0	1.0	1.0
CLTCL1	1	0	0	1.0	1.0
CSF2RB	1	0	0	1.0	1.0
CYP2D6	1	0	0	1.0	1.0
DNAJB7	1	0	0	1.0	1.0
EIF4ENIF1	2	0	0	1.0	1.0
ELFN2	1	0	0	1.0	1.0
GAL3ST1	1	0	0	1.0	1.0
GNAZ	1	0	0	1.0	1.0
IGLC3	1	0	0	1.0	1.0
IGLL5	1	0	0	1.0	1.0
IGLV11-55	1	0	0	1.0	1.0
IGLV3-12	1	0	0	1.0	1.0
KDELR3	1	0	0	1.0	1.0
KLHDC7B	1	0	0	1.0	1.0
KREMEN1	1	0	0	1.0	1.0
MICALL1	1	0	0	1.0	1.0
MN1	1	0	0	1.0	1.0
YDJC	1	0	0	1.0	1.0
CARD10	1	0	0	1.0	1.0
ZBED4	1	0	0	1.0	1.0
ATP11A	1	0	0	1.0	1.0
SERPINB3	1	0	0	1.0	1.0
SIGLEC15	1	0	0	1.0	1.0
SMCHD1	1	0	0	1.0	1.0
SYT4	1	0	0	1.0	1.0
TCEB3B	2	0	0	1.0	1.0
THOC1	1	0	0	1.0	1.0
TRAPPC8	1	0	0	1.0	1.0
VAPA	1	0	0	1.0	1.0
WDR7	2	0	0	1.0	1.0
PIAS2	1	0	0	1.0	1.0
ZBTB7C	1	0	0	1.0	1.0
ADAMTS1	1	0	0	1.0	1.0
DSCAM	1	0	0	1.0	1.0
HUNK	1	0	0	1.0	1.0
IGSF5	1	0	0	1.0	1.0
ITSN1	1	0	0	1.0	1.0
KCNE1	1	0	0	1.0	1.0
KRTAP10-12	1	0	0	1.0	1.0
KRTAP10-4	1	0	0	1.0	1.0
LTN1	2	0	0	1.0	1.0
ZCCHC2	1	0	0	1.0	1.0
ONECUT2	1	0	0	1.0	1.0
NFATC1	1	0	0	1.0	1.0
NEDD4L	1	0	0	1.0	1.0
DIS3	1	0	0	1.0	1.0
DOCK9	1	0	0	1.0	1.0
HS6ST3	1	0	0	1.0	1.0
MPHOSPH8	2	0	0	1.0	1.0
N4BP2L2	1	0	0	1.0	1.0
NBEA	1	0	0	1.0	1.0
POLR1D	1	0	0	1.0	1.0
RASA3	1	0	0	1.0	1.0
SACS	1	0	0	1.0	1.0
SLC7A1	1	0	0	1.0	1.0
SPERT	1	0	0	1.0	1.0
SPG20	1	0	0	1.0	1.0
ATP9B	2	0	0	1.0	1.0
CTIF	1	0	0	1.0	1.0
DSC3	1	0	0	1.0	1.0
DSG1	1	0	0	1.0	1.0
DSG4	1	0	0	1.0	1.0
GREB1L	1	0	0	1.0	1.0
LAMA3	2	0	0	1.0	1.0
LPIN2	1	0	0	1.0	1.0
NDC80	1	0	0	1.0	1.0
ALG11	1	0	0	1.0	1.0
C22orf34	1	0	0	1.0	1.0
C22orf29	1	0	0	1.0	1.0
BRD1	1	0	0	1.0	1.0
SPATA5L1	1	0	0	1.0	1.0
SPG11	1	0	0	1.0	1.0
SQRDL	1	0	0	1.0	1.0
TGM7	1	0	0	1.0	1.0
TJP1	1	0	0	1.0	1.0
TMC3	2	0	0	1.0	1.0
TRPM7	1	0	0	1.0	1.0
UBAP1L	1	0	0	1.0	1.0
WDR72	1	0	0	1.0	1.0
SNX33	1	0	0	1.0	1.0
ZFYVE19	1	0	0	1.0	1.0
ZNF592	1	0	0	1.0	1.0
ZNF609	1	0	0	1.0	1.0
BCAS1	2	0	0	1.0	1.0
BMP7	1	0	0	1.0	1.0
C20orf195	1	0	0	1.0	1.0
C20orf196	1	0	0	1.0	1.0
CEP250	1	0	0	1.0	1.0
CHRNA4	1	0	0	1.0	1.0
COL20A1	1	0	0	1.0	1.0
ZNF106	1	0	0	1.0	1.0
SLC28A1	1	0	0	1.0	1.0
SECISBP2L	2	0	0	1.0	1.0
SCAPER	2	0	0	1.0	1.0
FBN1	2	0	0	1.0	1.0
FMN1	1	0	0	1.0	1.0
GLCE	1	0	0	1.0	1.0
HCN4	1	0	0	1.0	1.0
HERC2	3	0	0	1.0	1.0
HOMER2	1	0	0	1.0	1.0
LCMT2	1	0	0	1.0	1.0
LMAN1L	1	0	0	1.0	1.0
LRRK1	1	0	0	1.0	1.0
MAGEL2	2	0	0	1.0	1.0
MAP1A	1	0	0	1.0	1.0
MAPKBP1	1	0	0	1.0	1.0
MEGF11	1	0	0	1.0	1.0
MESDC1	1	0	0	1.0	1.0
MGA	2	0	0	1.0	1.0
MYO5C	1	0	0	1.0	1.0
MYO9A	1	0	0	1.0	1.0
NTRK3	1	0	0	1.0	1.0
PLEKHO2	1	0	0	1.0	1.0
PML	1	0	0	1.0	1.0
RFX7	1	0	0	1.0	1.0
COX4I2	1	0	0	1.0	1.0
CST5	1	0	0	1.0	1.0
EDN3	1	0	0	1.0	1.0
EFCAB8	1	0	0	1.0	1.0
SNRPB	1	0	0	1.0	1.0
SOGA1	1	0	0	1.0	1.0
SPATA2	1	0	0	1.0	1.0
SULF2	1	0	0	1.0	1.0
SYNDIG1	2	0	0	1.0	1.0
TBC1D20	1	0	0	1.0	1.0
TFAP2C	1	0	0	1.0	1.0
TGM3	1	0	0	1.0	1.0
TMEM189-UBE2V1	1	0	0	1.0	1.0
UCKL1	1	0	0	1.0	1.0
XKR7	1	0	0	1.0	1.0
ZBP1	1	0	0	1.0	1.0
ZNF133	1	0	0	1.0	1.0
ZNF343	1	0	0	1.0	1.0
ZNF512B	1	0	0	1.0	1.0
ZNF831	1	0	0	1.0	1.0
ADORA2A	2	0	0	1.0	1.0
AIFM3	1	0	0	1.0	1.0
APOBEC3G	1	0	0	1.0	1.0
ARSA	1	0	0	1.0	1.0
BPIFC	1	0	0	1.0	1.0
SLC32A1	2	0	0	1.0	1.0
FAM154B	1	0	0	1.0	1.0
SLA2	1	0	0	1.0	1.0
PRNP	1	0	0	1.0	1.0
FAM110A	1	0	0	1.0	1.0
FAM65C	1	0	0	1.0	1.0
FAM83D	1	0	0	1.0	1.0
GDF5	1	0	0	1.0	1.0
HELZ2	1	0	0	1.0	1.0
HRH3	1	0	0	1.0	1.0
JAG1	1	0	0	1.0	1.0
KCNB1	1	0	0	1.0	1.0
KCNQ2	1	0	0	1.0	1.0
KIAA1755	2	0	0	1.0	1.0
LIME1	1	0	0	1.0	1.0
LPIN3	1	0	0	1.0	1.0
MMP9	1	0	0	1.0	1.0
MRGBP	1	0	0	1.0	1.0
NKX2-4	1	0	0	1.0	1.0
NTSR1	1	0	0	1.0	1.0
OVOL2	1	0	0	1.0	1.0
PLCB1	1	0	0	1.0	1.0
PLCG1	1	0	0	1.0	1.0
PMEPA1	1	0	0	1.0	1.0
PPP1R16B	1	0	0	1.0	1.0
RBCK1	1	0	0	1.0	1.0
HOXC13	1	0	0	1.0	1.0
MTM1	1	0	0	1.0	1.0
MAMLD1	1	0	0	1.0	1.0
ZNF789	1	0	0	1.0	1.0
ACOT12	1	0	0	1.0	1.0
ACTBL2	1	0	0	1.0	1.0
ADAMTS16	1	0	0	1.0	1.0
ADAMTS6	1	0	0	1.0	1.0
AGGF1	1	0	0	1.0	1.0
ANKHD1	2	0	0	1.0	1.0
ATP10B	2	0	0	1.0	1.0
BTNL8	1	0	0	1.0	1.0
ZNF3	1	0	0	1.0	1.0
TRAPPC13	1	0	0	1.0	1.0
COL23A1	1	0	0	1.0	1.0
COMMD10	1	0	0	1.0	1.0
DAB2	1	0	0	1.0	1.0
DMXL1	1	0	0	1.0	1.0
DTWD2	1	0	0	1.0	1.0
EBF1	1	0	0	1.0	1.0
EIF4EBP3	1	0	0	1.0	1.0
FLT4	2	0	0	1.0	1.0
FNIP1	1	0	0	1.0	1.0
CCDC112	1	0	0	1.0	1.0
ZAN	2	0	0	1.0	1.0
WNT2	1	0	0	1.0	1.0
WASL	1	0	0	1.0	1.0
NOM1	1	0	0	1.0	1.0
NPTX2	1	0	0	1.0	1.0
NUP205	1	0	0	1.0	1.0
NYAP1	1	0	0	1.0	1.0
OR2A5	1	0	0	1.0	1.0
OR9A4	1	0	0	1.0	1.0
PCLO	1	0	0	1.0	1.0
PILRB	1	0	0	1.0	1.0
POR	1	0	0	1.0	1.0
PRSS58	1	0	0	1.0	1.0
PTPRN2	1	0	0	1.0	1.0
SLC12A9	2	0	0	1.0	1.0
SPAM1	1	0	0	1.0	1.0
SRRT	1	0	0	1.0	1.0
SSMEM1	1	0	0	1.0	1.0
STEAP2	1	0	0	1.0	1.0
TMEM176B	1	0	0	1.0	1.0
TMEM184A	1	0	0	1.0	1.0
TRRAP	2	0	0	1.0	1.0
URGCP	1	0	0	1.0	1.0
VPS37D	1	0	0	1.0	1.0
FOXI1	1	0	0	1.0	1.0
NCAPG2	1	0	0	1.0	1.0
FTMT	1	0	0	1.0	1.0
GALNT10	1	0	0	1.0	1.0
PDE8B	1	0	0	1.0	1.0
PDZD2	1	0	0	1.0	1.0
PIK3R1	1	0	0	1.0	1.0
PJA2	1	0	0	1.0	1.0
PROP1	1	0	0	1.0	1.0
PTGER4	1	0	0	1.0	1.0
RAI14	1	0	0	1.0	1.0
RASA1	1	0	0	1.0	1.0
SCGB3A1	1	0	0	1.0	1.0
PCDHGC3	1	0	0	1.0	1.0
SDHA	2	0	0	1.0	1.0
SIL1	1	0	0	1.0	1.0
SLC1A3	1	0	0	1.0	1.0
SLC6A19	2	0	0	1.0	1.0
SLIT3	1	0	0	1.0	1.0
TAS2R1	1	0	0	1.0	1.0
TCOF1	1	0	0	1.0	1.0
UBE2QL1	1	0	0	1.0	1.0
VCAN	1	0	0	1.0	1.0
WDR70	2	0	0	1.0	1.0
SH3RF2	1	0	0	1.0	1.0
PCDHGB3	1	0	0	1.0	1.0
PCDHGB2	1	0	0	1.0	1.0
PCDHGB1	1	0	0	1.0	1.0
GPBP1	2	0	0	1.0	1.0
HMGXB3	1	0	0	1.0	1.0
KCNIP1	1	0	0	1.0	1.0
LIFR	1	0	0	1.0	1.0
LRRTM2	1	0	0	1.0	1.0
MAP1B	1	0	0	1.0	1.0
MCTP1	1	0	0	1.0	1.0
MEGF10	1	0	0	1.0	1.0
MIER3	1	0	0	1.0	1.0
MRPS30	2	0	0	1.0	1.0
NIPBL	2	0	0	1.0	1.0
NNT	1	0	0	1.0	1.0
NR3C1	1	0	0	1.0	1.0
NRG2	1	0	0	1.0	1.0
NUDT12	1	0	0	1.0	1.0
PCDH1	1	0	0	1.0	1.0
PCDHA11	2	0	0	1.0	1.0
PCDHA8	2	0	0	1.0	1.0
PCDHA9	1	0	0	1.0	1.0
PCDHGA2	2	0	0	1.0	1.0
PCDHGA4	1	0	0	1.0	1.0
GABRG2	1	0	0	1.0	1.0
MYL10	1	0	0	1.0	1.0
MUC17	1	0	0	1.0	1.0
MLXIPL	1	0	0	1.0	1.0
NCKAP5L	1	0	0	1.0	1.0
NR4A1	2	0	0	1.0	1.0
OAS1	1	0	0	1.0	1.0
OASL	1	0	0	1.0	1.0
OSBPL8	1	0	0	1.0	1.0
OTOGL	1	0	0	1.0	1.0
PLBD2	1	0	0	1.0	1.0
PLEKHG6	1	0	0	1.0	1.0
POLE	1	0	0	1.0	1.0
NAP1L1	1	0	0	1.0	1.0
PPP1R1A	1	0	0	1.0	1.0
PRPF40B	1	0	0	1.0	1.0
R3HDM2	1	0	0	1.0	1.0
RASAL1	1	0	0	1.0	1.0
RDH16	1	0	0	1.0	1.0
RIMKLB	1	0	0	1.0	1.0
RND1	1	0	0	1.0	1.0
RNF10	1	0	0	1.0	1.0
RPH3A	1	0	0	1.0	1.0
SCNN1A	1	0	0	1.0	1.0
PRKAG1	1	0	0	1.0	1.0
NACA	1	0	0	1.0	1.0
MYO1H	1	0	0	1.0	1.0
MYF6	1	0	0	1.0	1.0
ITGA7	1	0	0	1.0	1.0
ITPR2	1	0	0	1.0	1.0
KCNA1	1	0	0	1.0	1.0
KIAA1551	1	0	0	1.0	1.0
KLHL42	1	0	0	1.0	1.0
KRR1	1	0	0	1.0	1.0
KRT2	1	0	0	1.0	1.0
KRT5	1	0	0	1.0	1.0
KRT6A	1	0	0	1.0	1.0
KRT6C	1	0	0	1.0	1.0
KRT76	1	0	0	1.0	1.0
KRT81	2	0	0	1.0	1.0
KRT85	1	0	0	1.0	1.0
LOH12CR1	1	0	0	1.0	1.0
LPCAT3	1	0	0	1.0	1.0
LRRK2	1	0	0	1.0	1.0
MARCH9	1	0	0	1.0	1.0
METTL25	1	0	0	1.0	1.0
MFSD5	1	0	0	1.0	1.0
KMT2D	1	0	0	1.0	1.0
MON2	1	0	0	1.0	1.0
SLC2A3	1	0	0	1.0	1.0
SVOP	1	0	0	1.0	1.0
TAOK3	1	0	0	1.0	1.0
TARBP2	1	0	0	1.0	1.0
FBXL13	1	0	0	1.0	1.0
FBXO24	1	0	0	1.0	1.0
FGL2	1	0	0	1.0	1.0
FLNC	1	0	0	1.0	1.0
GARS	1	0	0	1.0	1.0
GIMAP8	1	0	0	1.0	1.0
GRM3	1	0	0	1.0	1.0
GRM8	1	0	0	1.0	1.0
GTF2IRD2B	1	0	0	1.0	1.0
HDAC9	1	0	0	1.0	1.0
IKZF1	1	0	0	1.0	1.0
IRF5	1	0	0	1.0	1.0
KCNH2	1	0	0	1.0	1.0
KLF14	1	0	0	1.0	1.0
KLRG2	1	0	0	1.0	1.0
LAMB1	1	0	0	1.0	1.0
LAMB4	1	0	0	1.0	1.0
LAT2	1	0	0	1.0	1.0
LMTK2	1	0	0	1.0	1.0
MEST	1	0	0	1.0	1.0
KMT2C	1	0	0	1.0	1.0
FAM221A	1	0	0	1.0	1.0
XRCC4	1	0	0	1.0	1.0
DOCK4	2	0	0	1.0	1.0
CYTH3	1	0	0	1.0	1.0
TAS2R50	1	0	0	1.0	1.0
TMPRSS12	1	0	0	1.0	1.0
VAMP1	1	0	0	1.0	1.0
VDR	1	0	0	1.0	1.0
VEZT	1	0	0	1.0	1.0
WDR66	1	0	0	1.0	1.0
ZDHHC17	1	0	0	1.0	1.0
ABCB5	1	0	0	1.0	1.0
AHCYL2	1	0	0	1.0	1.0
AHR	1	0	0	1.0	1.0
AKAP9	1	0	0	1.0	1.0
AQP1	1	0	0	1.0	1.0
ASIC3	1	0	0	1.0	1.0
AUTS2	1	0	0	1.0	1.0
AZGP1	1	0	0	1.0	1.0
CACNA2D1	1	0	0	1.0	1.0
CDHR3	1	0	0	1.0	1.0
CDK6	1	0	0	1.0	1.0
COL28A1	2	0	0	1.0	1.0
CROT	1	0	0	1.0	1.0
CTTNBP2	1	0	0	1.0	1.0
DDC	1	0	0	1.0	1.0
MECP2	1	0	0	1.0	1.0
YTHDC2	1	0	0	1.0	1.0
ZNF879	1	0	0	1.0	1.0
GTF3C5	1	0	0	1.0	1.0
ISCA1	1	0	0	1.0	1.0
KCNT1	1	0	0	1.0	1.0
LINGO2	1	0	0	1.0	1.0
MAPKAP1	1	0	0	1.0	1.0
MURC	1	0	0	1.0	1.0
MUSK	1	0	0	1.0	1.0
NEK6	1	0	0	1.0	1.0
NTNG2	1	0	0	1.0	1.0
GTF3C4	1	0	0	1.0	1.0
PCSK5	1	0	0	1.0	1.0
PIP5KL1	1	0	0	1.0	1.0
PLIN2	1	0	0	1.0	1.0
PNPLA7	1	0	0	1.0	1.0
PRRC2B	1	0	0	1.0	1.0
PRUNE2	1	0	0	1.0	1.0
PTPRD	1	0	0	1.0	1.0
RABEPK	1	0	0	1.0	1.0
RABL6	1	0	0	1.0	1.0
RAD23B	1	0	0	1.0	1.0
PIGO	1	0	0	1.0	1.0
GSN	1	0	0	1.0	1.0
GRIN3A	1	0	0	1.0	1.0
GPSM1	1	0	0	1.0	1.0
ZNF263	1	0	0	1.0	1.0
ZNF319	2	0	0	1.0	1.0
ZNF423	1	0	0	1.0	1.0
ZNF629	1	0	0	1.0	1.0
ZNF646	1	0	0	1.0	1.0
ABL1	1	0	0	1.0	1.0
ANAPC2	1	0	0	1.0	1.0
ANGPTL2	1	0	0	1.0	1.0
BNC2	1	0	0	1.0	1.0
C9orf131	1	0	0	1.0	1.0
C9orf43	1	0	0	1.0	1.0
C9orf64	1	0	0	1.0	1.0
CACNA1B	1	0	0	1.0	1.0
COL5A1	1	0	0	1.0	1.0
BRINP1	1	0	0	1.0	1.0
DOCK8	1	0	0	1.0	1.0
DOLPP1	1	0	0	1.0	1.0
FAM154A	1	0	0	1.0	1.0
FKTN	1	0	0	1.0	1.0
FPGS	1	0	0	1.0	1.0
GOLGA2	1	0	0	1.0	1.0
RAPGEF1	1	0	0	1.0	1.0
ZFHX3	1	0	0	1.0	1.0
RC3H2	1	0	0	1.0	1.0
RNF208	1	0	0	1.0	1.0
CXorf66	1	0	0	1.0	1.0
DCAF12L2	1	0	0	1.0	1.0
DUSP21	1	0	0	1.0	1.0
DUSP9	1	0	0	1.0	1.0
EIF2S3	1	0	0	1.0	1.0
ENOX2	1	0	0	1.0	1.0
FAM199X	1	0	0	1.0	1.0
FAM47C	2	0	0	1.0	1.0
FLNA	1	0	0	1.0	1.0
CXorf22	1	0	0	1.0	1.0
FMR1	1	0	0	1.0	1.0
GRPR	1	0	0	1.0	1.0
H2BFM	2	0	0	1.0	1.0
HDX	1	0	0	1.0	1.0
HUWE1	1	0	0	1.0	1.0
IGSF1	1	0	0	1.0	1.0
IL13RA1	1	0	0	1.0	1.0
KIF4A	1	0	0	1.0	1.0
KLHL34	1	0	0	1.0	1.0
MAGED2	1	0	0	1.0	1.0
GATA1	1	0	0	1.0	1.0
CCDC22	1	0	0	1.0	1.0
BRS3	1	0	0	1.0	1.0
BCORL1	1	0	0	1.0	1.0
SHC3	1	0	0	1.0	1.0
SLC2A8	1	0	0	1.0	1.0
SMARCA2	1	0	0	1.0	1.0
SPATA31D1	1	0	0	1.0	1.0
SPATA31E1	2	0	0	1.0	1.0
SPTAN1	1	0	0	1.0	1.0
SURF4	1	0	0	1.0	1.0
SWI5	2	0	0	1.0	1.0
TBC1D13	1	0	0	1.0	1.0
TEX10	1	0	0	1.0	1.0
TMEM2	1	0	0	1.0	1.0
TNC	1	0	0	1.0	1.0
TYRP1	1	0	0	1.0	1.0
ZCCHC6	1	0	0	1.0	1.0
ZNF618	1	0	0	1.0	1.0
AFF2	1	0	0	1.0	1.0
AIFM1	1	0	0	1.0	1.0
ARHGAP36	1	0	0	1.0	1.0
ARHGAP4	1	0	0	1.0	1.0
ATP11C	1	0	0	1.0	1.0
ATXN3L	1	0	0	1.0	1.0
RGS3	1	0	0	1.0	1.0
XYLT1	1	0	0	1.0	1.0
WFDC1	1	0	0	1.0	1.0
USP10	1	0	0	1.0	1.0
PSME2	1	0	0	1.0	1.0
PTPN21	1	0	0	1.0	1.0
RBM25	1	0	0	1.0	1.0
RPS6KA5	1	0	0	1.0	1.0
RTL1	1	0	0	1.0	1.0
SCFD1	1	0	0	1.0	1.0
SERPINA10	1	0	0	1.0	1.0
SIX4	1	0	0	1.0	1.0
SLC7A8	1	0	0	1.0	1.0
PPP1R13B	1	0	0	1.0	1.0
SOS2	1	0	0	1.0	1.0
SYT16	2	0	0	1.0	1.0
TDRD9	1	0	0	1.0	1.0
TEP1	1	0	0	1.0	1.0
TINF2	1	0	0	1.0	1.0
TRIP11	1	0	0	1.0	1.0
TSSK4	1	0	0	1.0	1.0
VRTN	1	0	0	1.0	1.0
YLPM1	1	0	0	1.0	1.0
ZFYVE1	1	0	0	1.0	1.0
SUPT16H	1	0	0	1.0	1.0
PNP	1	0	0	1.0	1.0
OR5AU1	1	0	0	1.0	1.0
OR4K13	1	0	0	1.0	1.0
ACIN1	1	0	0	1.0	1.0
AHNAK2	1	0	0	1.0	1.0
ATG2B	1	0	0	1.0	1.0
BDKRB1	1	0	0	1.0	1.0
CKB	1	0	0	1.0	1.0
DICER1	1	0	0	1.0	1.0
ESR2	1	0	0	1.0	1.0
EXOC5	1	0	0	1.0	1.0
GOLGA5	1	0	0	1.0	1.0
GPR137C	1	0	0	1.0	1.0
GPR65	1	0	0	1.0	1.0
HECTD1	1	0	0	1.0	1.0
HHIPL1	1	0	0	1.0	1.0
IGHD	1	0	0	1.0	1.0
KLHL33	1	0	0	1.0	1.0
NEK9	1	0	0	1.0	1.0
NEMF	1	0	0	1.0	1.0
NIN	2	0	0	1.0	1.0
NPAS3	1	0	0	1.0	1.0
NYNRIN	2	0	0	1.0	1.0
OR11H12	1	0	0	1.0	1.0
ZNF839	1	0	0	1.0	1.0
ACSF3	1	0	0	1.0	1.0
ADCY7	1	0	0	1.0	1.0
ANKRD11	1	0	0	1.0	1.0
NTHL1	1	0	0	1.0	1.0
PDPR	1	0	0	1.0	1.0
PKD1	1	0	0	1.0	1.0
PPL	2	0	0	1.0	1.0
PRKCB	1	0	0	1.0	1.0
RNF40	1	0	0	1.0	1.0
SETD1A	1	0	0	1.0	1.0
SETD6	1	0	0	1.0	1.0
SLC6A2	1	0	0	1.0	1.0
SLC9A5	1	0	0	1.0	1.0
SRCAP	1	0	0	1.0	1.0
SULT1A2	1	0	0	1.0	1.0
SYT17	1	0	0	1.0	1.0
TBL3	1	0	0	1.0	1.0
TBX6	1	0	0	1.0	1.0
TPSAB1	1	0	0	1.0	1.0
TPSD1	2	0	0	1.0	1.0
TRAF7	1	0	0	1.0	1.0
TSC2	1	0	0	1.0	1.0
UMOD	1	0	0	1.0	1.0
UQCRC2	1	0	0	1.0	1.0
NLRC5	1	0	0	1.0	1.0
ZNF354C	1	0	0	1.0	1.0
NECAB2	1	0	0	1.0	1.0
MSRB1	1	0	0	1.0	1.0
BCAR1	1	0	0	1.0	1.0
CALB2	1	0	0	1.0	1.0
CEMP1	1	0	0	1.0	1.0
CPPED1	1	0	0	1.0	1.0
DCUN1D3	1	0	0	1.0	1.0
DEF8	1	0	0	1.0	1.0
EARS2	1	0	0	1.0	1.0
ERCC4	1	0	0	1.0	1.0
FAM192A	1	0	0	1.0	1.0
FANCA	1	0	0	1.0	1.0
GALNS	2	0	0	1.0	1.0
HPR	1	0	0	1.0	1.0
HSD11B2	1	0	0	1.0	1.0
IFT140	2	0	0	1.0	1.0
IRX6	1	0	0	1.0	1.0
ITGAM	1	0	0	1.0	1.0
ITGAX	1	0	0	1.0	1.0
ITPRIPL2	1	0	0	1.0	1.0
KIAA0430	1	0	0	1.0	1.0
MON1B	1	0	0	1.0	1.0
MSLN	1	0	0	1.0	1.0
NDE1	1	0	0	1.0	1.0
IGHD3-9	1	0	1	1.0	1.0
