Gene	ID	gene length	non-silent snv	silent snv	nonsense	lost stop	splice site	lost start	missense	recurrent missense	normalized missense position entropy	frameshift indel	inframe indel	normalized mutation entropy
ADORA3	NA	1044	1	0	0	0	0	0	1	0	1.0	0.0	0.0	1.0
AGL	NA	4599	0	1	0	0	0	0	0	0	1.0	0.0	0.0	1.0
AGRN	NA	6138	1	1	0	0	0	0	1	0	1.0	0.0	0.0	1.0
ALPL	NA	1575	1	0	1	0	0	0	0	0	1.0	0.0	0.0	1.0
ARHGEF2	NA	2961	2	0	0	0	0	0	2	0	1.0	0.0	0.0	1.0
ATAD3B	NA	1947	1	0	0	0	0	0	1	0	1.0	0.0	0.0	1.0
ATP13A2	NA	3543	1	0	0	0	0	0	1	0	1.0	0.0	0.0	1.0
BCAN	NA	2736	1	0	0	0	0	0	1	0	1.0	0.0	0.0	1.0
CCDC181	NA	1530	1	0	0	0	0	0	1	0	1.0	0.0	0.0	1.0
C1orf168	NA	2187	1	0	0	0	0	0	1	0	1.0	0.0	0.0	1.0
C1orf174	NA	732	0	1	0	0	0	0	0	0	1.0	0.0	0.0	1.0
CACHD1	NA	3672	1	0	0	0	0	0	1	0	1.0	0.0	0.0	1.0
CACNA1S	NA	5622	1	1	0	0	0	0	1	0	1.0	0.0	0.0	1.0
CAPN2	NA	2103	0	1	0	0	0	0	0	0	1.0	0.0	0.0	1.0
CASZ1	NA	5280	0	1	0	0	0	0	0	0	1.0	0.0	0.0	1.0
CCDC28B	NA	603	1	0	0	0	0	0	1	0	1.0	0.0	0.0	1.0
CDC42BPA	NA	5160	1	0	0	0	0	0	1	0	1.0	0.0	0.0	1.0
CELSR2	NA	8772	1	0	0	0	0	0	1	0	1.0	0.0	0.0	1.0
CHIA	NA	1431	1	0	0	0	0	0	1	0	1.0	0.0	0.0	1.0
CLCA1	NA	2745	1	0	0	0	0	0	1	0	1.0	0.0	0.0	1.0
CNTN2	NA	3123	1	0	0	0	0	0	1	0	1.0	0.0	0.0	1.0
COL16A1	NA	4815	1	0	0	0	0	0	1	0	1.0	0.0	0.0	1.0
CORT	NA	318	0	1	0	0	0	0	0	0	1.0	0.0	0.0	1.0
CPSF3L	NA	1821	1	0	0	0	0	0	1	0	1.0	0.0	0.0	1.0
CPT2	NA	1977	1	0	0	0	0	0	1	0	1.0	0.0	0.0	1.0
CSMD2	NA	10464	2	0	0	0	0	0	2	0	1.0	0.0	0.0	1.0
CTH	NA	1218	0	1	0	0	0	0	0	0	1.0	0.0	0.0	1.0
DOCK7	NA	6390	2	0	0	0	0	0	2	0	1.0	0.0	0.0	1.0
DUSP27	NA	3477	0	1	0	0	0	0	0	0	1.0	0.0	0.0	1.0
AGO3	NA	2583	1	0	0	0	0	0	1	0	1.0	0.0	0.0	1.0
ELAVL4	NA	1152	1	0	0	0	0	0	1	0	1.0	0.0	0.0	1.0
ENO1	NA	1305	2	0	1	0	0	0	1	0	1.0	0.0	0.0	1.0
EPHA10	NA	3027	1	0	0	0	0	0	1	0	1.0	0.0	0.0	1.0
EPHA8	NA	3018	0	1	0	0	0	0	0	0	1.0	0.0	0.0	1.0
EPHX1	NA	1368	1	0	0	0	0	0	1	0	1.0	0.0	0.0	1.0
F11R	NA	900	1	0	0	0	0	0	1	0	1.0	0.0	0.0	1.0
FAM131C	NA	843	0	1	0	0	0	0	0	0	1.0	0.0	0.0	1.0
BRINP3	NA	2301	0	1	0	0	0	0	0	0	1.0	0.0	0.0	1.0
FHAD1	NA	4239	1	0	0	0	0	0	1	0	1.0	0.0	0.0	1.0
FLAD1	NA	1764	1	0	0	0	0	0	1	0	1.0	0.0	0.0	1.0
FMN2	NA	5169	1	1	0	0	0	0	1	0	1.0	0.0	0.0	1.0
FUBP1	NA	1935	1	0	0	0	0	0	1	0	1.0	0.0	0.0	1.0
GABRD	NA	1359	1	0	0	0	0	0	1	0	1.0	0.0	0.0	1.0
GALE	NA	1047	0	1	0	0	0	0	0	0	1.0	0.0	0.0	1.0
GBP2	NA	1776	1	0	0	0	0	0	1	0	1.0	0.0	0.0	1.0
GSTM2	NA	657	1	0	0	0	0	0	1	0	1.0	0.0	0.0	1.0
GUCA2B	NA	339	1	0	0	0	0	0	1	0	1.0	0.0	0.0	1.0
HCRTR1	NA	1278	1	0	0	0	0	0	1	0	1.0	0.0	0.0	1.0
HEATR1	NA	6435	1	0	0	0	1	0	0	0	1.0	0.0	0.0	1.0
HES4	NA	744	1	0	0	0	0	0	1	0	1.0	0.0	0.0	1.0
HFM1	NA	4308	0	1	0	0	0	0	0	0	1.0	0.0	0.0	1.0
HHAT	NA	1485	1	0	0	0	0	0	1	0	1.0	0.0	0.0	1.0
HIVEP3	NA	7221	1	0	0	0	0	0	1	0	1.0	0.0	0.0	1.0
HMCN1	NA	16908	1	0	1	0	0	0	0	0	1.0	0.0	0.0	1.0
HORMAD1	NA	1185	1	0	0	0	0	0	1	0	1.0	0.0	0.0	1.0
HSPG2	NA	13176	2	0	0	0	0	0	2	0	1.0	0.0	0.0	1.0
HTR6	NA	1323	0	1	0	0	0	0	0	0	1.0	0.0	0.0	1.0
IFI16	NA	2190	1	0	0	0	0	0	1	0	1.0	0.0	0.0	1.0
IFNLR1	NA	1563	1	0	0	0	0	0	1	0	1.0	0.0	0.0	1.0
IGSF21	NA	1404	1	0	0	0	0	0	1	0	1.0	0.0	0.0	1.0
IGSF3	NA	3645	1	0	0	0	0	0	1	0	1.0	0.0	0.0	1.0
IGSF9	NA	3540	1	0	0	0	0	0	1	0	1.0	0.0	0.0	1.0
INADL	NA	5406	1	0	0	0	0	0	1	0	1.0	0.0	0.0	1.0
INPP5B	NA	2742	1	0	0	0	0	0	1	0	1.0	0.0	0.0	1.0
INSRR	NA	3894	0	1	0	0	0	0	0	0	1.0	0.0	0.0	1.0
IQGAP3	NA	4896	1	0	0	0	0	0	1	0	1.0	0.0	0.0	1.0
JMJD4	NA	1392	0	1	0	0	0	0	0	0	1.0	0.0	0.0	1.0
KANK4	NA	2988	1	0	0	0	0	0	1	0	1.0	0.0	0.0	1.0
KIAA1324	NA	3042	2	0	1	0	0	0	1	0	1.0	0.0	0.0	1.0
KIF17	NA	3090	0	1	0	0	0	0	0	0	1.0	0.0	0.0	1.0
KIF21B	NA	4914	1	0	0	0	0	0	1	0	1.0	0.0	0.0	1.0
KIRREL	NA	2274	0	1	0	0	0	0	0	0	1.0	0.0	0.0	1.0
LEPR	NA	3498	1	0	0	0	0	0	1	0	1.0	0.0	0.0	1.0
MACF1	NA	16293	0	1	0	0	0	0	0	0	1.0	0.0	0.0	1.0
MAST2	NA	5397	1	0	0	0	0	0	1	0	1.0	0.0	0.0	1.0
METTL13	NA	2100	0	1	0	0	0	0	0	0	1.0	0.0	0.0	1.0
MR1	NA	1026	1	0	0	0	0	0	1	0	1.0	0.0	0.0	1.0
MTOR	NA	7650	1	0	0	0	0	0	1	0	1.0	0.0	0.0	1.0
NCDN	NA	2190	1	0	0	0	0	0	1	0	1.0	0.0	0.0	1.0
NFIA	NA	1665	2	0	0	0	0	0	2	0	1.0	0.0	0.0	1.0
NLRP3	NA	3111	1	0	0	0	0	0	1	0	1.0	0.0	0.0	1.0
NOTCH2	NA	7416	0	1	0	0	0	0	0	0	1.0	0.0	0.0	1.0
NPHP4	NA	4281	1	0	0	0	0	0	1	0	1.0	0.0	0.0	1.0
NT5C1A	NA	1107	1	0	0	0	0	0	1	0	1.0	0.0	0.0	1.0
OPRD1	NA	1119	1	0	0	0	0	0	1	0	1.0	0.0	0.0	1.0
OR10K1	NA	942	1	0	0	0	0	0	1	0	1.0	0.0	0.0	1.0
OR10Z1	NA	942	1	0	0	0	0	0	1	0	1.0	0.0	0.0	1.0
OR2C3	NA	963	1	0	0	0	0	0	1	0	1.0	0.0	0.0	1.0
OR2M3	NA	939	1	0	0	0	0	0	1	0	1.0	0.0	0.0	1.0
OR6N2	NA	954	1	0	0	0	0	0	1	0	1.0	0.0	0.0	1.0
PADI4	NA	1992	1	0	0	0	0	0	1	0	1.0	0.0	0.0	1.0
PDE4DIP	NA	7089	1	0	0	0	0	0	1	0	1.0	0.0	0.0	1.0
PEAR1	NA	3114	1	0	0	0	0	0	1	0	1.0	0.0	0.0	1.0
PER3	NA	3606	1	0	0	0	0	0	1	0	1.0	0.0	0.0	1.0
PGBD2	NA	1779	1	0	0	0	0	0	1	0	1.0	0.0	0.0	1.0
PIK3C2B	NA	4905	1	0	0	0	0	0	1	0	1.0	0.0	0.0	1.0
PLEKHM2	NA	3060	0	1	0	0	0	0	0	0	1.0	0.0	0.0	1.0
PLXNA2	NA	5685	1	0	0	0	0	0	1	0	1.0	0.0	0.0	1.0
POGZ	NA	4233	0	1	0	0	0	0	0	0	1.0	0.0	0.0	1.0
POLR3C	NA	1605	1	0	0	0	0	0	1	0	1.0	0.0	0.0	1.0
PPOX	NA	1434	1	0	0	0	1	0	0	0	1.0	0.0	0.0	1.0
PRDM2	NA	5157	1	1	0	0	0	0	1	0	1.0	0.0	0.0	1.0
PTGFRN	NA	2640	1	0	0	0	0	0	1	0	1.0	0.0	0.0	1.0
PTPRF	NA	5724	1	0	0	0	0	0	1	0	1.0	0.0	0.0	1.0
QSOX1	NA	2244	0	1	0	0	0	0	0	0	1.0	0.0	0.0	1.0
RGL1	NA	2412	0	1	0	0	0	0	0	0	1.0	0.0	0.0	1.0
RGSL1	NA	3231	1	0	0	0	0	0	1	0	1.0	0.0	0.0	1.0
RNF115	NA	915	1	0	0	0	0	0	1	0	1.0	0.0	0.0	1.0
RPRD2	NA	4386	2	0	0	0	0	0	2	0	1.0	0.0	0.0	1.0
S100A4	NA	306	1	0	0	0	0	0	1	0	1.0	0.0	0.0	1.0
SELENBP1	NA	1545	0	1	0	0	0	0	0	0	1.0	0.0	0.0	1.0
SEPN1	NA	1773	1	0	0	0	0	0	1	0	1.0	0.0	0.0	1.0
SERINC2	NA	1395	1	0	0	0	0	0	1	0	1.0	0.0	0.0	1.0
SH2D2A	NA	1200	1	0	0	0	0	0	1	0	1.0	0.0	0.0	1.0
SH3GLB1	NA	1185	1	0	0	0	0	0	1	0	1.0	0.0	0.0	1.0
SHC1	NA	1755	1	0	0	0	0	0	1	0	1.0	0.0	0.0	1.0
SKI	NA	2187	1	0	0	0	0	0	1	0	1.0	0.0	0.0	1.0
SLC1A7	NA	1683	1	0	0	0	0	0	1	0	1.0	0.0	0.0	1.0
SLC35D1	NA	1068	1	0	0	0	0	0	1	0	1.0	0.0	0.0	1.0
SLC45A3	NA	1662	0	1	0	0	0	0	0	0	1.0	0.0	0.0	1.0
SLC6A17	NA	2184	1	0	0	0	0	0	1	0	1.0	0.0	0.0	1.0
SLC9C2	NA	3375	1	0	0	0	0	0	1	0	1.0	0.0	0.0	1.0
SPAG17	NA	6672	1	0	0	0	0	0	1	0	1.0	0.0	0.0	1.0
SPOCD1	NA	3651	2	0	0	0	0	0	2	0	1.0	0.0	0.0	1.0
ST3GAL3	NA	1335	0	1	0	0	0	0	0	0	1.0	0.0	0.0	1.0
STIL	NA	3867	1	0	1	0	0	0	0	0	1.0	0.0	0.0	1.0
SUSD4	NA	1473	0	1	0	0	0	0	0	0	1.0	0.0	0.0	1.0
SZT2	NA	10128	1	0	0	0	0	0	1	0	1.0	0.0	0.0	1.0
TAL1	NA	996	1	0	0	0	0	0	1	0	1.0	0.0	0.0	1.0
TAS1R3	NA	2559	1	0	0	0	0	0	1	0	1.0	0.0	0.0	1.0
TBX19	NA	1347	1	0	0	0	0	0	1	0	1.0	0.0	0.0	1.0
TMCO4	NA	1905	1	0	0	0	0	0	1	0	1.0	0.0	0.0	1.0
TMEM51	NA	762	1	0	0	0	0	0	1	0	1.0	0.0	0.0	1.0
TMEM61	NA	633	1	0	0	0	0	0	1	0	1.0	0.0	0.0	1.0
TP73	NA	1911	1	0	0	0	0	0	1	0	1.0	0.0	0.0	1.0
TPR	NA	7092	1	0	0	0	0	0	1	0	1.0	0.0	0.0	1.0
TRIM11	NA	1407	1	0	0	0	0	0	1	0	1.0	0.0	0.0	1.0
TRIM58	NA	1461	1	0	0	0	0	0	1	0	1.0	0.0	0.0	1.0
UBE4B	NA	3909	1	0	0	0	0	0	1	0	1.0	0.0	0.0	1.0
VCAM1	NA	2220	1	0	0	0	0	0	1	0	1.0	0.0	0.0	1.0
WLS	NA	1632	0	1	0	0	0	0	0	0	1.0	0.0	0.0	1.0
WNT2B	NA	1176	1	0	0	0	0	0	1	0	1.0	0.0	0.0	1.0
YY1AP1	NA	2667	1	0	0	0	0	0	1	0	1.0	0.0	0.0	1.0
ZBTB40	NA	3720	0	1	0	0	0	0	0	0	1.0	0.0	0.0	1.0
ZBTB48	NA	2067	0	1	0	0	0	0	0	0	1.0	0.0	0.0	1.0
ZNF670	NA	1170	0	1	0	0	0	0	0	0	1.0	0.0	0.0	1.0
ACTN4	NA	2736	1	0	0	0	0	0	1	0	1.0	0.0	0.0	1.0
ADCK4	NA	1635	1	0	0	0	0	0	1	0	1.0	0.0	0.0	1.0
AKT1S1	NA	831	1	0	0	0	0	0	1	0	1.0	0.0	0.0	1.0
AMH	NA	1683	0	1	0	0	0	0	0	0	1.0	0.0	0.0	1.0
ANKRD27	NA	3153	1	0	0	0	0	0	1	0	1.0	0.0	0.0	1.0
ANO8	NA	3699	1	0	0	0	0	0	1	0	1.0	0.0	0.0	1.0
AP1M1	NA	1308	1	0	0	0	0	0	1	0	1.0	0.0	0.0	1.0
AP1M2	NA	1272	1	0	0	0	0	0	1	0	1.0	0.0	0.0	1.0
ARHGAP33	NA	3381	1	0	0	0	0	0	1	0	1.0	0.0	0.0	1.0
ARHGEF18	NA	3522	3	0	0	0	1	0	2	0	1.0	0.0	0.0	1.0
BSG	NA	1158	1	0	0	0	0	0	1	0	1.0	0.0	0.0	1.0
C19orf18	NA	648	1	0	0	0	0	0	1	0	1.0	0.0	0.0	1.0
C19orf26	NA	1362	0	1	0	0	0	0	0	0	1.0	0.0	0.0	1.0
C19orf70	NA	357	1	0	0	0	0	0	1	0	1.0	0.0	0.0	1.0
CAPNS1	NA	807	0	1	0	0	0	0	0	0	1.0	0.0	0.0	1.0
CC2D1A	NA	2856	1	0	0	0	0	0	1	0	1.0	0.0	0.0	1.0
CD33	NA	1095	0	1	0	0	0	0	0	0	1.0	0.0	0.0	1.0
CEACAM16	NA	1278	1	0	0	0	0	0	1	0	1.0	0.0	0.0	1.0
CEACAM5	NA	2109	0	1	0	0	0	0	0	0	1.0	0.0	0.0	1.0
CHAF1A	NA	2871	0	1	0	0	0	0	0	0	1.0	0.0	0.0	1.0
CLEC4G	NA	882	1	0	0	0	1	0	0	0	1.0	0.0	0.0	1.0
CNTD2	NA	924	0	1	0	0	0	0	0	0	1.0	0.0	0.0	1.0
COL5A3	NA	5238	1	0	0	0	0	0	1	0	1.0	0.0	0.0	1.0
CYP4F3	NA	1563	0	1	0	0	0	0	0	0	1.0	0.0	0.0	1.0
DNMT1	NA	4899	1	0	0	0	0	0	1	0	1.0	0.0	0.0	1.0
DOT1L	NA	4614	0	1	0	0	0	0	0	0	1.0	0.0	0.0	1.0
ELAVL3	NA	1104	0	1	0	0	0	0	0	0	1.0	0.0	0.0	1.0
ERF	NA	1647	1	0	0	0	0	0	1	0	1.0	0.0	0.0	1.0
EVI5L	NA	2418	1	0	0	0	0	0	1	0	1.0	0.0	0.0	1.0
ABHD17A	NA	1086	1	0	0	0	0	0	1	0	1.0	0.0	0.0	1.0
FAM71E2	NA	2769	0	1	0	0	0	0	0	0	1.0	0.0	0.0	1.0
FBN3	NA	8430	1	1	0	0	0	0	1	0	1.0	0.0	0.0	1.0
FCGBP	NA	16218	0	1	0	0	0	0	0	0	1.0	0.0	0.0	1.0
FFAR2	NA	993	0	1	0	0	0	0	0	0	1.0	0.0	0.0	1.0
FUT2	NA	1032	1	0	0	0	0	0	1	0	1.0	0.0	0.0	1.0
GPR108	NA	1632	0	1	0	0	0	0	0	0	1.0	0.0	0.0	1.0
GRIN2D	NA	4011	1	0	0	0	0	0	1	0	1.0	0.0	0.0	1.0
GRWD1	NA	1341	0	1	0	0	0	0	0	0	1.0	0.0	0.0	1.0
GYS1	NA	2214	0	1	0	0	0	0	0	0	1.0	0.0	0.0	1.0
HAPLN4	NA	1209	1	0	0	0	0	0	1	0	1.0	0.0	0.0	1.0
HMHA1	NA	3459	0	1	0	0	0	0	0	0	1.0	0.0	0.0	1.0
HRC	NA	2100	0	1	0	0	0	0	0	0	1.0	0.0	0.0	1.0
ICAM4	NA	819	1	0	0	0	0	0	1	0	1.0	0.0	0.0	1.0
ILF3	NA	2697	0	1	0	0	0	0	0	0	1.0	0.0	0.0	1.0
KCNN4	NA	1284	1	0	0	0	0	0	1	0	1.0	0.0	0.0	1.0
KIR2DL1	NA	1047	1	0	0	0	0	0	1	0	1.0	0.0	0.0	1.0
KIR3DL3	NA	1233	1	0	1	0	0	0	0	0	1.0	0.0	0.0	1.0
KIRREL2	NA	2127	1	0	0	0	1	0	0	0	1.0	0.0	0.0	1.0
LAIR1	NA	864	0	1	0	0	0	0	0	0	1.0	0.0	0.0	1.0
LILRA1	NA	1470	0	1	0	0	0	0	0	0	1.0	0.0	0.0	1.0
LMTK3	NA	4470	1	0	0	0	0	0	1	0	1.0	0.0	0.0	1.0
LONP1	NA	2880	1	0	0	0	0	0	1	0	1.0	0.0	0.0	1.0
LPHN1	NA	4425	2	0	0	0	0	0	2	0	1.0	0.0	0.0	1.0
LRP3	NA	2313	0	1	0	0	0	0	0	0	1.0	0.0	0.0	1.0
LSM14A	NA	1392	1	0	0	0	0	0	1	0	1.0	0.0	0.0	1.0
LYPD3	NA	1041	0	1	0	0	0	0	0	0	1.0	0.0	0.0	1.0
MAP4K1	NA	2502	1	0	0	0	0	0	1	0	1.0	0.0	0.0	1.0
MAST1	NA	4713	1	0	0	0	0	0	1	0	1.0	0.0	0.0	1.0
MEGF8	NA	8538	1	0	0	0	0	0	1	0	1.0	0.0	0.0	1.0
KMT2B	NA	8148	1	0	0	0	0	0	1	0	1.0	0.0	0.0	1.0
MUC16	NA	43524	1	1	0	0	0	0	1	0	1.0	0.0	0.0	1.0
MYH14	NA	6111	1	0	0	0	0	0	1	0	1.0	0.0	0.0	1.0
MYO1F	NA	3297	2	0	0	0	0	0	2	0	1.0	0.0	0.0	1.0
MYO9B	NA	6474	1	0	0	0	0	0	1	0	1.0	0.0	0.0	1.0
NACC1	NA	1584	1	0	0	0	0	0	1	0	1.0	0.0	0.0	1.0
NFIX	NA	1533	1	1	0	0	0	0	1	0	1.0	0.0	0.0	1.0
NLRP7	NA	3114	1	0	0	0	0	0	1	0	1.0	0.0	0.0	1.0
NLRP8	NA	3147	1	0	0	0	0	0	1	0	1.0	0.0	0.0	1.0
NLRP9	NA	2976	1	0	0	0	0	0	1	0	1.0	0.0	0.0	1.0
NOSIP	NA	906	1	0	0	0	0	0	1	0	1.0	0.0	0.0	1.0
NOTCH3	NA	6966	1	0	0	0	0	0	1	0	1.0	0.0	0.0	1.0
NPHS1	NA	3726	1	0	0	0	0	0	1	0	1.0	0.0	0.0	1.0
NTF4	NA	633	1	0	0	0	0	0	1	0	1.0	0.0	0.0	1.0
OLFM2	NA	1365	1	0	0	0	0	0	1	0	1.0	0.0	0.0	1.0
OR10H2	NA	948	1	1	0	0	0	0	1	0	1.0	0.0	0.0	1.0
PEG3	NA	4767	1	0	0	0	0	0	1	0	1.0	0.0	0.0	1.0
PLIN4	NA	4074	1	0	0	0	0	0	1	0	1.0	0.0	0.0	1.0
PNPLA6	NA	4128	0	1	0	0	0	0	0	0	1.0	0.0	0.0	1.0
POU2F2	NA	1440	1	0	0	0	0	0	1	0	1.0	0.0	0.0	1.0
PPAP2C	NA	930	1	0	0	0	0	0	1	0	1.0	0.0	0.0	1.0
PRKCG	NA	2094	1	0	0	0	0	0	1	0	1.0	0.0	0.0	1.0
QTRT1	NA	1212	0	1	0	0	0	0	0	0	1.0	0.0	0.0	1.0
RASGRP4	NA	2022	1	0	0	0	0	0	1	0	1.0	0.0	0.0	1.0
RBM42	NA	1443	0	1	0	0	0	0	0	0	1.0	0.0	0.0	1.0
RFX1	NA	2940	1	0	0	0	0	0	1	0	1.0	0.0	0.0	1.0
RLN3	NA	429	1	0	1	0	0	0	0	0	1.0	0.0	0.0	1.0
RSPH6A	NA	2154	0	1	0	0	0	0	0	0	1.0	0.0	0.0	1.0
RYR1	NA	15117	1	0	0	0	0	0	1	0	1.0	0.0	0.0	1.0
S1PR4	NA	1155	1	0	0	0	0	0	1	0	1.0	0.0	0.0	1.0
SEMA6B	NA	2667	1	0	0	0	0	0	1	0	1.0	0.0	0.0	1.0
SGTA	NA	942	1	0	0	0	0	0	1	0	1.0	0.0	0.0	1.0
SIGLEC14	NA	1191	1	0	0	0	0	0	1	0	1.0	0.0	0.0	1.0
SIGLEC7	NA	1404	0	1	0	0	0	0	0	0	1.0	0.0	0.0	1.0
SIN3B	NA	3489	1	0	0	0	0	0	1	0	1.0	0.0	0.0	1.0
SLC1A6	NA	1695	0	1	0	0	0	0	0	0	1.0	0.0	0.0	1.0
SLC7A10	NA	1572	0	1	0	0	0	0	0	0	1.0	0.0	0.0	1.0
SPTBN4	NA	7695	1	1	0	0	0	0	1	0	1.0	0.0	0.0	1.0
SSC5D	NA	4722	2	1	0	0	0	0	2	0	1.0	0.0	0.0	1.0
TCF3	NA	1965	0	1	0	0	0	0	0	0	1.0	0.0	0.0	1.0
TMEM150B	NA	702	0	1	0	0	0	0	0	0	1.0	0.0	0.0	1.0
TMEM205	NA	570	1	0	0	0	0	0	1	0	1.0	0.0	0.0	1.0
TNPO2	NA	2694	1	0	0	0	0	0	1	0	1.0	0.0	0.0	1.0
TOMM40	NA	1086	1	0	0	0	0	0	1	0	1.0	0.0	0.0	1.0
TSEN34	NA	933	1	0	0	0	0	0	1	0	1.0	0.0	0.0	1.0
TSHZ3	NA	3246	1	0	0	0	0	0	1	0	1.0	0.0	0.0	1.0
TYK2	NA	3564	1	0	0	0	0	0	1	0	1.0	0.0	0.0	1.0
WDR88	NA	1419	0	1	0	0	0	0	0	0	1.0	0.0	0.0	1.0
WTIP	NA	1293	1	0	0	0	0	0	1	0	1.0	0.0	0.0	1.0
ZFP30	NA	1560	1	0	0	0	0	0	1	0	1.0	0.0	0.0	1.0
ZNF136	NA	1623	1	0	0	0	0	0	1	0	1.0	0.0	0.0	1.0
ZNF155	NA	1650	1	0	0	0	0	0	1	0	1.0	0.0	0.0	1.0
ZNF208	NA	3843	1	0	1	0	0	0	0	0	1.0	0.0	0.0	1.0
ZNF234	NA	2103	1	0	0	0	0	0	1	0	1.0	0.0	0.0	1.0
ZNF264	NA	1884	0	1	0	0	0	0	0	0	1.0	0.0	0.0	1.0
ZNF419	NA	1536	1	0	0	0	0	0	1	0	1.0	0.0	0.0	1.0
ZNF440	NA	1788	1	0	0	0	0	0	1	0	1.0	0.0	0.0	1.0
ZNF441	NA	2082	0	1	0	0	0	0	0	0	1.0	0.0	0.0	1.0
ZNF473	NA	2616	0	1	0	0	0	0	0	0	1.0	0.0	0.0	1.0
ZNF497	NA	1497	1	0	0	0	0	0	1	0	1.0	0.0	0.0	1.0
ZNF526	NA	2013	1	0	0	0	0	0	1	0	1.0	0.0	0.0	1.0
ZNF528	NA	1887	2	0	0	0	0	0	2	0	1.0	0.0	0.0	1.0
ZNF569	NA	2061	0	1	0	0	0	0	0	0	1.0	0.0	0.0	1.0
ZNF616	NA	2346	1	0	0	0	0	0	1	0	1.0	0.0	0.0	1.0
ZNF628	NA	3180	1	0	0	0	0	0	1	0	1.0	0.0	0.0	1.0
ZNF709	NA	1926	1	0	1	0	0	0	0	0	1.0	0.0	0.0	1.0
ZNF737	NA	1611	1	0	0	0	0	0	1	0	1.0	0.0	0.0	1.0
ZNF773	NA	1329	1	0	0	0	0	0	1	0	1.0	0.0	0.0	1.0
ZNF793	NA	1221	1	0	0	0	0	0	1	0	1.0	0.0	0.0	1.0
ZNF805	NA	1884	0	1	0	0	0	0	0	0	1.0	0.0	0.0	1.0
ZNF812	NA	1365	1	0	0	0	0	0	1	0	1.0	0.0	0.0	1.0
ZNF836	NA	2811	1	1	1	0	0	0	0	0	1.0	0.0	0.0	1.0
ZNF846	NA	1602	1	0	0	0	0	0	1	0	1.0	0.0	0.0	1.0
ZNF878	NA	1596	1	0	0	0	0	0	1	0	1.0	0.0	0.0	1.0
ZNF98	NA	1719	1	0	0	0	0	0	1	0	1.0	0.0	0.0	1.0
ZSWIM4	NA	2970	0	1	0	0	0	0	0	0	1.0	0.0	0.0	1.0
ABCG4	NA	1941	0	1	0	0	0	0	0	0	1.0	0.0	0.0	1.0
ABTB2	NA	3078	1	0	0	0	0	0	1	0	1.0	0.0	0.0	1.0
ADAMTS8	NA	2670	1	0	0	0	0	0	1	0	1.0	0.0	0.0	1.0
AHNAK	NA	17673	0	1	0	0	0	0	0	0	1.0	0.0	0.0	1.0
ANO3	NA	2946	0	1	0	0	0	0	0	0	1.0	0.0	0.0	1.0
ANO5	NA	2742	0	1	0	0	0	0	0	0	1.0	0.0	0.0	1.0
ANO9	NA	2349	1	0	0	0	0	0	1	0	1.0	0.0	0.0	1.0
ARAP1	NA	4353	1	1	0	0	0	0	1	0	1.0	0.0	0.0	1.0
ARHGAP32	NA	6264	1	0	0	0	0	0	1	0	1.0	0.0	0.0	1.0
ARRB1	NA	1257	1	0	0	0	0	0	1	0	1.0	0.0	0.0	1.0
ATG2A	NA	5817	2	1	0	0	0	0	2	0	1.0	0.0	0.0	1.0
ATM	NA	9171	1	0	0	0	0	0	1	0	1.0	0.0	0.0	1.0
B3GAT3	NA	1008	0	1	0	0	0	0	0	0	1.0	0.0	0.0	1.0
CCDC73	NA	3240	1	0	0	0	0	0	1	0	1.0	0.0	0.0	1.0
CCDC82	NA	1635	1	0	0	0	0	0	1	0	1.0	0.0	0.0	1.0
CD44	NA	2229	1	0	0	0	0	0	1	0	1.0	0.0	0.0	1.0
CDC42BPG	NA	4656	0	1	0	0	0	0	0	0	1.0	0.0	0.0	1.0
CEP164	NA	4383	1	1	0	0	0	0	1	0	1.0	0.0	0.0	1.0
CHORDC1	NA	999	1	0	0	0	0	0	1	0	1.0	0.0	0.0	1.0
CPSF7	NA	1545	1	0	0	0	0	0	1	0	1.0	0.0	0.0	1.0
CPT1A	NA	2322	1	0	0	0	0	0	1	0	1.0	0.0	0.0	1.0
CTSF	NA	1455	0	1	0	0	0	0	0	0	1.0	0.0	0.0	1.0
DCHS1	NA	9897	1	0	0	0	0	0	1	0	1.0	0.0	0.0	1.0
DDB1	NA	3423	1	0	0	0	0	0	1	0	1.0	0.0	0.0	1.0
DNHD1	NA	14262	1	0	0	0	0	0	1	0	1.0	0.0	0.0	1.0
DSCAML1	NA	6342	1	1	0	0	0	0	1	0	1.0	0.0	0.0	1.0
DYNC2H1	NA	12945	2	0	0	0	0	0	2	0	1.0	0.0	0.0	1.0
EHBP1L1	NA	4572	1	0	0	0	0	0	1	0	1.0	0.0	0.0	1.0
FAT3	NA	13674	2	1	2	0	0	0	0	0	1.0	0.0	0.0	0.579380164285695
FBXO3	NA	1416	0	1	0	0	0	0	0	0	1.0	0.0	0.0	1.0
FERMT3	NA	2004	1	0	1	0	0	0	0	0	1.0	0.0	0.0	1.0
FEZ1	NA	1179	0	1	0	0	0	0	0	0	1.0	0.0	0.0	1.0
FOLR2	NA	768	1	1	0	0	0	0	1	0	1.0	0.0	0.0	1.0
GALNT18	NA	1824	1	0	0	0	0	0	1	0	1.0	0.0	0.0	1.0
GDPD5	NA	1818	1	0	0	0	0	0	1	0	1.0	0.0	0.0	1.0
GLB1L2	NA	1911	1	0	0	0	0	0	1	0	1.0	0.0	0.0	1.0
GYLTL1B	NA	2166	1	0	0	0	0	0	1	0	1.0	0.0	0.0	1.0
IGSF9B	NA	4050	0	1	0	0	0	0	0	0	1.0	0.0	0.0	1.0
INCENP	NA	2757	0	1	0	0	0	0	0	0	1.0	0.0	0.0	1.0
INTS4	NA	2892	1	0	0	0	0	0	1	0	1.0	0.0	0.0	1.0
JAM3	NA	933	1	1	0	0	0	0	1	0	1.0	0.0	0.0	1.0
KCNC1	NA	1758	1	0	0	0	0	0	1	0	1.0	0.0	0.0	1.0
KCNJ1	NA	1176	1	0	0	0	0	0	1	0	1.0	0.0	0.0	1.0
KCNJ5	NA	1260	0	1	0	0	0	0	0	0	1.0	0.0	0.0	1.0
KIF18A	NA	2697	1	0	0	0	0	0	1	0	1.0	0.0	0.0	1.0
LRP4	NA	5718	0	1	0	0	0	0	0	0	1.0	0.0	0.0	1.0
MFRP	NA	1740	1	0	0	0	0	0	1	0	1.0	0.0	0.0	1.0
MICALCL	NA	2088	1	0	0	0	0	0	1	0	1.0	0.0	0.0	1.0
MMP3	NA	1434	0	1	0	0	0	0	0	0	1.0	0.0	0.0	1.0
MTL5	NA	1527	1	0	0	0	0	0	1	0	1.0	0.0	0.0	1.0
MUC2	NA	8442	0	1	0	0	0	0	0	0	1.0	0.0	0.0	1.0
MUC6	NA	7320	1	0	0	0	0	0	1	0	1.0	0.0	0.0	1.0
MYBPC3	NA	3825	1	0	1	0	0	0	0	0	1.0	0.0	0.0	1.0
MYO7A	NA	6648	1	0	0	0	0	0	1	0	1.0	0.0	0.0	1.0
NAA40	NA	714	1	0	0	0	0	0	1	0	1.0	0.0	0.0	1.0
NARS2	NA	1434	1	0	0	0	0	0	1	0	1.0	0.0	0.0	1.0
NCAPD3	NA	4497	1	0	0	0	0	0	1	0	1.0	0.0	0.0	1.0
NLRP10	NA	1968	1	0	0	0	0	0	1	0	1.0	0.0	0.0	1.0
OR1S2	NA	978	1	0	0	0	0	0	1	0	1.0	0.0	0.0	1.0
OR2AT4	NA	963	0	1	0	0	0	0	0	0	1.0	0.0	0.0	1.0
OR52L1	NA	990	1	0	0	0	0	0	1	0	1.0	0.0	0.0	1.0
OR52N1	NA	963	1	0	0	0	0	0	1	0	1.0	0.0	0.0	1.0
OR5F1	NA	945	0	1	0	0	0	0	0	0	1.0	0.0	0.0	1.0
OSBPL5	NA	2640	1	0	0	0	0	0	1	0	1.0	0.0	0.0	1.0
P4HA3	NA	1635	1	0	0	0	0	0	1	0	1.0	0.0	0.0	1.0
PACS1	NA	2892	1	0	0	0	0	0	1	0	1.0	0.0	0.0	1.0
PAMR1	NA	2214	1	0	0	0	0	0	1	0	1.0	0.0	0.0	1.0
PIH1D2	NA	948	0	1	0	0	0	0	0	0	1.0	0.0	0.0	1.0
PITPNM1	NA	3735	1	0	0	0	0	0	1	0	1.0	0.0	0.0	1.0
PIWIL4	NA	2559	1	0	0	0	0	0	1	0	1.0	0.0	0.0	1.0
PTS	NA	438	1	0	0	0	0	0	1	0	1.0	0.0	0.0	1.0
QSER1	NA	5208	1	0	0	0	0	0	1	0	1.0	0.0	0.0	1.0
RAB1B	NA	606	0	1	0	0	0	0	0	0	1.0	0.0	0.0	1.0
RCOR2	NA	1572	1	0	0	0	0	0	1	0	1.0	0.0	0.0	1.0
RIN1	NA	2352	0	1	0	0	0	0	0	0	1.0	0.0	0.0	1.0
SART1	NA	2403	0	1	0	0	0	0	0	0	1.0	0.0	0.0	1.0
SBF2	NA	5550	1	0	0	0	0	0	1	0	1.0	0.0	0.0	1.0
SIPA1	NA	3129	1	0	0	0	0	0	1	0	1.0	0.0	0.0	1.0
SORL1	NA	6645	1	0	0	0	0	0	1	0	1.0	0.0	0.0	1.0
SPTY2D1	NA	2058	1	0	0	0	0	0	1	0	1.0	0.0	0.0	1.0
SRPR	NA	1917	1	0	0	0	0	0	1	0	1.0	0.0	0.0	1.0
SUV420H1	NA	2658	0	1	0	0	0	0	0	0	1.0	0.0	0.0	1.0
SYT7	NA	1437	1	0	0	0	0	0	1	0	1.0	0.0	0.0	1.0
TAF10	NA	657	0	1	0	0	0	0	0	0	1.0	0.0	0.0	1.0
TPP1	NA	1692	1	0	0	0	0	0	1	0	1.0	0.0	0.0	1.0
TRIM3	NA	2235	0	1	0	0	0	0	0	0	1.0	0.0	0.0	1.0
TRIM68	NA	1458	1	0	1	0	0	0	0	0	1.0	0.0	0.0	1.0
TSKU	NA	1062	0	1	0	0	0	0	0	0	1.0	0.0	0.0	1.0
TTC12	NA	2118	1	0	0	0	0	0	1	0	1.0	0.0	0.0	1.0
TUB	NA	1686	1	0	0	0	0	0	1	0	1.0	0.0	0.0	1.0
UBQLN3	NA	1968	1	0	0	0	0	0	1	0	1.0	0.0	0.0	1.0
UCP2	NA	930	1	0	0	0	0	0	1	0	1.0	0.0	0.0	1.0
VPS37C	NA	1068	1	0	0	0	0	0	1	0	1.0	0.0	0.0	1.0
WDR74	NA	1158	1	0	0	0	0	0	1	0	1.0	0.0	0.0	1.0
WEE1	NA	1941	1	0	0	0	0	0	1	0	1.0	0.0	0.0	1.0
ZBTB16	NA	2022	0	1	0	0	0	0	0	0	1.0	0.0	0.0	1.0
ZDHHC13	NA	1869	0	1	0	0	0	0	0	0	1.0	0.0	0.0	1.0
ABCA12	NA	7788	1	0	0	0	0	0	1	0	1.0	0.0	0.0	1.0
AFF3	NA	3756	2	0	0	0	0	0	2	0	1.0	0.0	0.0	1.0
ALK	NA	4863	1	0	0	0	0	0	1	0	1.0	0.0	0.0	1.0
ALLC	NA	1176	1	0	0	0	0	0	1	0	1.0	0.0	0.0	1.0
ALPPL2	NA	1599	0	1	0	0	0	0	0	0	1.0	0.0	0.0	1.0
ASIC4	NA	1944	1	0	0	0	0	0	1	0	1.0	0.0	0.0	1.0
ATP6V1B1	NA	1542	1	0	0	0	0	0	1	0	1.0	0.0	0.0	1.0
BIN1	NA	1782	1	0	0	0	0	0	1	0	1.0	0.0	0.0	1.0
BIRC6	NA	14574	2	0	0	0	0	0	2	0	1.0	0.0	0.0	1.0
BUB1	NA	3258	1	0	0	0	0	0	1	0	1.0	0.0	0.0	1.0
C2orf16	NA	5955	0	1	0	0	0	0	0	0	1.0	0.0	0.0	1.0
C2orf49	NA	699	1	0	0	0	0	0	1	0	1.0	0.0	0.0	1.0
C2orf57	NA	1188	1	0	0	0	0	0	1	0	1.0	0.0	0.0	1.0
C2orf82	NA	366	1	0	0	0	0	0	1	0	1.0	0.0	0.0	1.0
CLHC1	NA	1761	1	0	0	0	0	0	1	0	1.0	0.0	0.0	1.0
CREG2	NA	873	2	0	0	0	0	0	2	0	1.0	0.0	0.0	1.0
DNAH6	NA	12477	0	1	0	0	0	0	0	0	1.0	0.0	0.0	1.0
DOCK10	NA	6561	1	0	0	0	0	0	1	0	1.0	0.0	0.0	1.0
DTNB	NA	1884	0	1	0	0	0	0	0	0	1.0	0.0	0.0	1.0
DUSP11	NA	1134	1	0	0	0	0	0	1	0	1.0	0.0	0.0	1.0
DYSF	NA	6360	1	0	0	0	0	0	1	0	1.0	0.0	0.0	1.0
ECEL1	NA	2328	1	0	0	0	0	0	1	0	1.0	0.0	0.0	1.0
EGR4	NA	1770	1	0	0	0	0	0	1	0	1.0	0.0	0.0	1.0
EHD3	NA	1608	1	0	0	0	0	0	1	0	1.0	0.0	0.0	1.0
EPT1	NA	1194	1	0	0	0	0	0	1	0	1.0	0.0	0.0	1.0
ERBB4	NA	3927	1	0	0	0	0	0	1	0	1.0	0.0	0.0	1.0
ETAA1	NA	2781	1	0	1	0	0	0	0	0	1.0	0.0	0.0	1.0
FAM168B	NA	588	0	1	0	0	0	0	0	0	1.0	0.0	0.0	1.0
FAM179A	NA	3060	1	0	0	0	0	0	1	0	1.0	0.0	0.0	1.0
FASTKD1	NA	2544	1	0	0	0	0	0	1	0	1.0	0.0	0.0	1.0
FOSL2	NA	981	1	0	0	0	0	0	1	0	1.0	0.0	0.0	1.0
FSIP2	NA	20991	0	1	0	0	0	0	0	0	1.0	0.0	0.0	1.0
FZD7	NA	1725	0	1	0	0	0	0	0	0	1.0	0.0	0.0	1.0
GAD1	NA	1785	0	1	0	0	0	0	0	0	1.0	0.0	0.0	1.0
GDF7	NA	1353	1	0	0	0	0	0	1	0	1.0	0.0	0.0	1.0
GPR148	NA	1044	0	1	0	0	0	0	0	0	1.0	0.0	0.0	1.0
GPR35	NA	1023	1	0	0	0	0	0	1	0	1.0	0.0	0.0	1.0
GTF3C2	NA	2736	1	0	0	0	0	0	1	0	1.0	0.0	0.0	1.0
HECW2	NA	4719	1	0	0	0	0	0	1	0	1.0	0.0	0.0	1.0
HNRNPLL	NA	1629	1	0	0	0	0	0	1	0	1.0	0.0	0.0	1.0
HSPD1	NA	1722	1	0	0	0	0	0	1	0	1.0	0.0	0.0	1.0
IGKV1-9	NA	351	0	1	0	0	0	0	0	0	1.0	0.0	0.0	1.0
IGKV3D-20	NA	348	1	0	0	0	0	0	1	0	1.0	0.0	0.0	1.0
IL1R1	NA	1710	1	0	0	0	0	0	1	0	1.0	0.0	0.0	1.0
ILKAP	NA	1179	2	0	1	0	0	0	1	0	1.0	0.0	0.0	1.0
KCNG3	NA	1311	0	1	0	0	0	0	0	0	1.0	0.0	0.0	1.0
LCT	NA	5784	0	1	0	0	0	0	0	0	1.0	0.0	0.0	1.0
LPIN1	NA	2928	1	0	0	0	0	0	1	0	1.0	0.0	0.0	1.0
LRP2	NA	13968	1	1	0	0	0	0	1	0	1.0	0.0	0.0	1.0
LYG2	NA	639	1	0	0	0	0	0	1	0	1.0	0.0	0.0	1.0
MALL	NA	462	1	0	0	0	0	0	1	0	1.0	0.0	0.0	1.0
MARCO	NA	1563	0	1	0	0	0	0	0	0	1.0	1.0	0.0	1.0
METTL8	NA	1224	1	0	0	0	0	0	1	0	1.0	0.0	0.0	1.0
MXD1	NA	666	1	0	0	0	0	0	1	0	1.0	0.0	0.0	1.0
NBEAL1	NA	8085	1	0	0	0	0	0	1	0	1.0	0.0	0.0	1.0
NCAPH	NA	2226	2	0	0	0	0	0	2	0	1.0	0.0	0.0	1.0
NT5C1B	NA	1884	0	1	0	0	0	0	0	0	1.0	0.0	0.0	1.0
OBSL1	NA	5691	1	0	0	0	0	0	1	0	1.0	0.0	0.0	1.0
OXER1	NA	1272	2	0	0	0	0	0	2	0	1.0	0.0	0.0	1.0
PECR	NA	912	1	0	0	0	0	0	1	0	1.0	0.0	0.0	1.0
PID1	NA	747	1	0	0	0	0	0	1	0	1.0	0.0	0.0	1.0
PIKFYVE	NA	6297	2	0	0	0	0	0	2	0	1.0	0.0	0.0	1.0
POLR1A	NA	5163	1	0	0	0	0	0	1	0	1.0	0.0	0.0	1.0
PPM1B	NA	1440	1	0	0	0	0	0	1	0	1.0	0.0	0.0	1.0
PPM1G	NA	1641	1	0	0	0	0	0	1	0	1.0	0.0	0.0	1.0
REV1	NA	3756	1	0	0	0	0	0	1	0	1.0	0.0	0.0	1.0
RMDN2	NA	1722	1	0	0	0	0	0	1	0	1.0	0.0	0.0	1.0
RNF103	NA	2058	2	0	1	0	0	0	1	0	1.0	0.0	0.0	1.0
RTN4	NA	3579	1	0	0	0	0	0	1	0	1.0	0.0	0.0	1.0
SCG2	NA	1854	0	1	0	0	0	0	0	0	1.0	0.0	0.0	1.0
SCN1A	NA	6030	1	0	0	0	0	0	1	0	1.0	0.0	0.0	1.0
SLC4A5	NA	3414	1	0	0	0	0	0	1	0	1.0	0.0	0.0	1.0
SRSF7	NA	717	1	0	0	0	0	0	1	0	1.0	0.0	0.0	1.0
STAT1	NA	2253	1	0	0	0	0	0	1	0	1.0	0.0	0.0	1.0
TCF7L1	NA	1767	1	0	0	0	0	0	1	0	1.0	0.0	0.0	1.0
TMEM177	NA	936	1	0	0	0	0	0	1	0	1.0	0.0	0.0	1.0
TTN	NA	107976	1	1	0	0	0	0	1	0	1.0	0.0	0.0	1.0
UBXN4	NA	1527	0	1	0	0	0	0	0	0	1.0	0.0	0.0	1.0
UGGT1	NA	4668	1	0	0	0	0	0	1	0	1.0	0.0	0.0	1.0
UNC80	NA	9777	2	0	0	0	1	0	1	0	1.0	0.0	0.0	1.0
XIRP2	NA	10650	1	1	1	0	0	0	0	0	1.0	0.0	0.0	1.0
ZNF142	NA	5064	1	0	0	0	0	0	1	0	1.0	0.0	0.0	1.0
AP2B1	NA	2856	1	0	0	0	0	0	1	0	1.0	0.0	0.0	1.0
ATP2A3	NA	3159	1	0	0	0	0	0	1	0	1.0	0.0	0.0	1.0
BCAS3	NA	2787	0	1	0	0	0	0	0	0	1.0	0.0	0.0	1.0
BPTF	NA	8763	1	0	0	0	0	0	1	0	1.0	0.0	0.0	1.0
C17orf70	NA	2646	1	0	0	0	0	0	1	0	1.0	0.0	0.0	1.0
CACNA1G	NA	7134	1	1	0	0	0	0	1	0	1.0	0.0	0.0	1.0
CACNB1	NA	1797	1	0	0	0	0	0	1	0	1.0	0.0	0.0	1.0
CCDC137	NA	870	1	0	0	0	0	0	1	0	1.0	0.0	0.0	1.0
CCL15	NA	342	1	0	0	0	0	0	1	0	1.0	0.0	0.0	1.0
CHD3	NA	6180	1	0	0	0	0	0	1	0	1.0	0.0	0.0	1.0
ELAC2	NA	2481	1	0	0	0	0	0	1	0	1.0	0.0	0.0	1.0
ENTHD2	NA	1578	1	0	0	0	0	0	1	0	1.0	0.0	0.0	1.0
EVPL	NA	6102	1	0	0	0	0	0	1	0	1.0	0.0	0.0	1.0
FAM134C	NA	1401	0	1	0	0	0	0	0	0	1.0	0.0	0.0	1.0
GJC1	NA	1191	1	0	0	0	0	0	1	0	1.0	0.0	0.0	1.0
GPR179	NA	7104	1	0	0	0	0	0	1	0	1.0	0.0	0.0	1.0
GRB7	NA	1668	1	0	0	0	0	0	1	0	1.0	0.0	0.0	1.0
HELZ	NA	5829	1	0	1	0	0	0	0	0	1.0	0.0	0.0	1.0
HGS	NA	2334	1	0	0	0	0	0	1	0	1.0	0.0	0.0	1.0
HOXB4	NA	756	1	0	0	0	0	0	1	0	1.0	0.0	0.0	1.0
ITGAE	NA	3540	1	1	0	0	0	0	1	0	1.0	0.0	0.0	1.0
ITGB4	NA	5469	0	1	0	0	0	0	0	0	1.0	0.0	0.0	1.0
KAT7	NA	1836	1	0	0	0	0	0	1	0	1.0	0.0	0.0	1.0
KIF18B	NA	2559	1	0	0	0	0	0	1	0	1.0	0.0	0.0	1.0
KRT15	NA	1371	1	0	0	0	0	0	1	0	1.0	0.0	0.0	1.0
KRTAP9-9	NA	510	0	1	0	0	0	0	0	0	1.0	0.0	0.0	1.0
MKS1	NA	1680	0	1	0	0	0	0	0	0	1.0	0.0	0.0	1.0
MPP3	NA	1758	1	0	0	0	0	0	1	0	1.0	0.0	0.0	1.0
MYH13	NA	5817	0	1	0	0	0	0	0	0	1.0	0.0	0.0	1.0
MYO15A	NA	10593	2	0	0	0	0	0	2	0	1.0	0.0	0.0	1.0
MYO18A	NA	6165	1	0	0	0	0	0	1	0	1.0	0.0	0.0	1.0
NF1	NA	8520	1	0	0	0	0	0	1	0	1.0	0.0	0.0	1.0
NLRP1	NA	4422	0	1	0	0	0	0	0	0	1.0	0.0	0.0	1.0
OR4D2	NA	924	2	0	0	0	0	0	2	0	1.0	0.0	0.0	1.0
PER1	NA	3873	0	1	0	0	0	0	0	0	1.0	0.0	0.0	1.0
PLEKHM1	NA	3171	1	1	0	0	0	0	1	0	1.0	0.0	0.0	1.0
POLDIP2	NA	1106	1	0	0	0	0	0	1	0	1.0	0.0	0.0	1.0
POLR2A	NA	5913	1	0	0	0	0	0	1	0	1.0	0.0	0.0	1.0
RAP1GAP2	NA	2193	1	0	0	0	0	0	1	0	1.0	0.0	0.0	1.0
RAPGEFL1	NA	1371	2	0	1	0	0	0	1	0	1.0	0.0	0.0	1.0
RARA	NA	1389	0	1	0	0	0	0	0	0	1.0	0.0	0.0	1.0
RASD1	NA	846	1	0	0	0	0	0	1	0	1.0	0.0	0.0	1.0
RECQL5	NA	2976	1	0	0	0	0	0	1	0	1.0	0.0	0.0	1.0
RNF157	NA	2040	1	0	0	0	0	0	1	0	1.0	0.0	0.0	1.0
RNF213	NA	15624	0	1	0	0	0	0	0	0	1.0	0.0	0.0	1.0
RNF222	NA	663	1	0	0	0	0	0	1	0	1.0	0.0	0.0	1.0
SARM1	NA	2172	1	0	0	0	0	0	1	0	1.0	0.0	0.0	1.0
SCN4A	NA	5511	0	1	0	0	0	0	0	0	1.0	0.0	0.0	1.0
SEPT4	NA	1482	1	0	0	0	0	0	1	0	1.0	0.0	0.0	1.0
SHBG	NA	1209	1	0	1	0	0	0	0	0	1.0	0.0	0.0	1.0
SLC16A13	NA	1281	1	0	0	0	0	0	1	0	1.0	0.0	0.0	1.0
SLC38A10	NA	3360	1	0	0	0	0	0	1	0	1.0	0.0	0.0	1.0
SLC5A10	NA	1839	0	1	0	0	0	0	0	0	1.0	0.0	0.0	1.0
SMTNL2	NA	1386	0	1	0	0	0	0	0	0	1.0	0.0	0.0	1.0
SPATA20	NA	2409	0	1	0	0	0	0	0	0	1.0	0.0	0.0	1.0
SRSF2	NA	666	1	0	0	0	0	0	1	0	1.0	0.0	0.0	1.0
SUPT6H	NA	5181	1	0	1	0	0	0	0	0	1.0	0.0	0.0	1.0
TEX14	NA	4494	1	0	1	0	0	0	0	0	1.0	0.0	0.0	1.0
TEX2	NA	3405	0	1	0	0	0	0	0	0	1.0	0.0	0.0	1.0
TNRC6C	NA	5181	1	0	0	0	0	0	1	0	1.0	0.0	0.0	1.0
TP53	NA	1182	14	0	2	0	0	0	12	0	1.0	0.0	0.0	0.9624786378518297
TRIM25	NA	1893	1	0	0	0	0	0	1	0	1.0	0.0	0.0	1.0
TTC19	NA	1143	0	1	0	0	0	0	0	0	1.0	0.0	0.0	1.0
UNC13D	NA	3273	1	0	0	0	0	0	1	0	1.0	0.0	0.0	1.0
WDR81	NA	5826	1	0	0	0	0	0	1	0	1.0	0.0	0.0	1.0
WNT3	NA	1068	1	0	0	0	0	0	1	0	1.0	0.0	0.0	1.0
ABHD14A	NA	816	1	0	0	0	0	0	1	0	1.0	0.0	0.0	1.0
ACTR8	NA	1875	1	0	0	0	0	0	1	0	1.0	0.0	0.0	1.0
ATG7	NA	2112	1	0	0	0	0	0	1	0	1.0	0.0	0.0	1.0
ATP13A3	NA	3681	1	0	0	0	0	0	1	0	1.0	0.0	0.0	1.0
ATR	NA	7935	1	0	0	0	1	0	0	0	1.0	0.0	0.0	1.0
ATXN7	NA	2838	1	0	0	0	0	0	1	0	1.0	0.0	0.0	1.0
AZI2	NA	1179	1	0	0	0	0	0	1	0	1.0	0.0	0.0	1.0
B3GALNT1	NA	996	1	0	0	0	0	0	1	0	1.0	0.0	0.0	1.0
BHLHE40	NA	1239	1	0	0	0	0	0	1	0	1.0	0.0	0.0	1.0
BSN	NA	11781	2	0	0	0	0	0	2	0	1.0	0.0	0.0	1.0
C3orf20	NA	2715	1	0	0	0	0	0	1	0	1.0	1.0	0.0	1.0
C3orf36	NA	498	1	0	0	0	0	0	1	0	1.0	0.0	0.0	1.0
C3orf38	NA	990	1	0	0	0	0	0	1	0	1.0	0.0	0.0	1.0
C3orf58	NA	1293	1	0	0	0	0	0	1	0	1.0	0.0	0.0	1.0
CACNA1D	NA	6546	0	1	0	0	0	0	0	0	1.0	0.0	0.0	1.0
CAND2	NA	3711	0	1	0	0	0	0	0	0	1.0	0.0	0.0	1.0
CCDC66	NA	2847	0	1	0	0	0	0	0	0	1.0	0.0	0.0	1.0
CCNL1	NA	1581	1	0	0	0	0	0	1	0	1.0	0.0	0.0	1.0
CCR2	NA	1125	1	0	0	0	0	0	1	0	1.0	0.0	0.0	1.0
CD80	NA	867	1	0	0	0	0	0	1	0	1.0	0.0	0.0	1.0
CELSR3	NA	9939	1	0	0	0	0	0	1	0	1.0	0.0	0.0	1.0
CGGBP1	NA	504	0	1	0	0	0	0	0	0	1.0	0.0	0.0	1.0
CHRD	NA	2868	1	0	0	0	0	0	1	0	1.0	0.0	0.0	1.0
CIDEC	NA	756	1	0	0	0	0	0	1	0	1.0	0.0	0.0	1.0
CLASP2	NA	4548	0	1	0	0	0	0	0	0	1.0	0.0	0.0	1.0
CLCN2	NA	2697	2	0	0	0	0	0	2	0	1.0	0.0	0.0	1.0
COL7A1	NA	8835	1	0	0	0	0	0	1	0	1.0	0.0	0.0	1.0
CRYBG3	NA	8913	1	0	0	0	0	0	1	0	1.0	0.0	0.0	1.0
CTDSPL	NA	831	0	1	0	0	0	0	0	0	1.0	0.0	0.0	1.0
CTNNB1	NA	2346	1	0	0	0	0	0	1	0	1.0	0.0	0.0	1.0
DAZL	NA	948	1	0	0	1	0	0	0	0	1.0	0.0	0.0	1.0
DCLK3	NA	1947	1	0	0	0	0	0	1	0	1.0	0.0	0.0	1.0
DGKG	NA	2376	1	0	0	0	0	0	1	0	1.0	0.0	0.0	1.0
DHX36	NA	3027	1	0	0	0	0	0	1	0	1.0	0.0	0.0	1.0
DLG1	NA	2781	1	0	0	0	0	0	1	0	1.0	0.0	0.0	1.0
DNAH1	NA	12798	2	0	0	0	0	0	2	0	1.0	0.0	0.0	1.0
DNAJC13	NA	6732	2	0	0	0	0	0	2	0	1.0	0.0	0.0	1.0
DOCK3	NA	6093	0	1	0	0	0	0	0	0	1.0	0.0	0.0	1.0
DRD3	NA	1203	1	0	0	0	0	0	1	0	1.0	0.0	0.0	1.0
EFHB	NA	2502	1	0	0	0	0	0	1	0	1.0	0.0	0.0	1.0
EIF4G1	NA	4821	0	1	0	0	0	0	0	0	1.0	0.0	0.0	1.0
EPHA3	NA	2952	1	0	0	0	0	0	1	0	1.0	0.0	0.0	1.0
EPHB1	NA	2955	1	0	0	0	0	0	1	0	1.0	0.0	0.0	1.0
FAM198A	NA	1728	1	0	0	0	0	0	1	0	1.0	0.0	0.0	1.0
FANCD2	NA	4416	1	0	0	0	0	0	1	0	1.0	0.0	0.0	1.0
GADL1	NA	1566	1	0	0	0	0	0	1	0	1.0	0.0	0.0	1.0
GFM1	NA	2256	1	0	0	0	0	0	1	0	1.0	0.0	0.0	1.0
GOLGA4	NA	6732	1	0	1	0	0	0	0	0	1.0	0.0	0.0	1.0
GPR27	NA	1128	0	1	0	0	0	0	0	0	1.0	0.0	0.0	1.0
HRG	NA	1578	1	0	1	0	0	0	0	0	1.0	0.0	0.0	1.0
HRH1	NA	1464	0	1	0	0	0	0	0	0	1.0	0.0	0.0	1.0
IFT122	NA	3879	1	0	0	0	0	0	1	0	1.0	0.0	0.0	1.0
IGSF10	NA	7872	1	0	0	0	0	0	1	0	1.0	0.0	0.0	1.0
ITGB5	NA	2400	1	0	0	0	0	0	1	0	1.0	0.0	0.0	1.0
KALRN	NA	8961	2	0	0	0	0	0	2	0	1.0	0.0	0.0	1.0
LMCD1	NA	1098	0	1	0	0	0	0	0	0	1.0	0.0	0.0	1.0
MCM2	NA	2715	1	1	0	0	0	0	1	0	1.0	0.0	0.0	1.0
MST1R	NA	4203	0	1	0	0	0	0	0	0	1.0	0.0	0.0	1.0
MYRIP	NA	2580	1	0	0	0	0	0	1	0	1.0	0.0	0.0	1.0
NBEAL2	NA	8265	0	1	0	0	0	0	0	0	1.0	0.0	0.0	1.0
NDUFAF3	NA	555	0	1	0	0	0	0	0	0	1.0	0.0	0.0	1.0
NDUFB5	NA	570	1	0	0	0	1	0	0	0	1.0	0.0	0.0	1.0
NXPE3	NA	1680	1	0	0	0	0	0	1	0	1.0	0.0	0.0	1.0
OXTR	NA	1170	1	0	0	0	0	0	1	0	1.0	0.0	0.0	1.0
PAQR9	NA	1134	0	1	0	0	0	0	0	0	1.0	0.0	0.0	1.0
PARP14	NA	5406	0	1	0	0	0	0	0	0	1.0	0.0	0.0	1.0
PBRM1	NA	4749	1	0	0	0	0	0	1	0	1.0	0.0	0.0	1.0
PHC3	NA	2988	0	1	0	0	0	0	0	0	1.0	0.0	0.0	1.0
PHLDB2	NA	3762	1	0	0	0	0	0	1	0	1.0	0.0	0.0	1.0
PLXNA1	NA	5691	1	0	0	0	0	0	1	0	1.0	0.0	0.0	1.0
PLXNB1	NA	6408	1	0	0	0	0	0	1	0	1.0	0.0	0.0	1.0
PPP4R2	NA	1254	1	0	0	0	0	0	1	0	1.0	0.0	0.0	1.0
QRICH1	NA	2331	1	0	0	0	0	0	1	0	1.0	0.0	0.0	1.0
RAB6B	NA	627	0	1	0	0	0	0	0	0	1.0	0.0	0.0	1.0
RBM6	NA	3372	1	0	1	0	0	0	0	0	1.0	0.0	0.0	1.0
ROBO1	NA	4956	0	1	0	0	0	0	0	0	1.0	0.0	0.0	1.0
ROPN1	NA	639	1	0	0	0	0	0	1	0	1.0	0.0	0.0	1.0
SLC22A13	NA	1656	1	0	0	0	0	0	1	0	1.0	0.0	0.0	1.0
SLC26A6	NA	2280	0	1	0	0	0	0	0	0	1.0	0.0	0.0	1.0
SLC6A11	NA	1899	0	1	0	0	0	0	0	0	1.0	0.0	0.0	1.0
STAB1	NA	7713	0	1	0	0	0	0	0	0	1.0	0.0	0.0	1.0
STAG1	NA	3777	1	0	0	0	0	0	1	0	1.0	0.0	0.0	1.0
STT3B	NA	2481	1	0	0	0	0	0	1	0	1.0	0.0	0.0	1.0
TBC1D5	NA	2454	1	0	0	0	0	0	1	0	1.0	0.0	0.0	1.0
TIGIT	NA	735	1	0	0	0	0	0	1	0	1.0	0.0	0.0	1.0
TM4SF1	NA	609	1	0	1	0	0	0	0	0	1.0	0.0	0.0	1.0
TMEM108	NA	1728	1	0	0	0	0	0	1	0	1.0	0.0	0.0	1.0
TP63	NA	2043	0	1	0	0	0	0	0	0	1.0	0.0	0.0	1.0
TSC22D2	NA	2343	0	1	0	0	0	0	0	0	1.0	0.0	0.0	1.0
UROC1	NA	2211	1	0	0	0	0	0	1	0	1.0	0.0	0.0	1.0
USP19	NA	4260	1	0	0	0	0	0	1	0	1.0	0.0	0.0	1.0
VHL	NA	642	1	0	0	0	0	0	1	0	1.0	0.0	0.0	1.0
VILL	NA	2571	1	0	0	0	0	0	1	0	1.0	0.0	0.0	1.0
ZNF197	NA	3090	1	0	1	0	0	0	0	0	1.0	0.0	0.0	1.0
ZNF445	NA	3096	1	0	0	0	0	0	1	0	1.0	0.0	0.0	1.0
ZNF621	NA	1320	1	0	0	0	0	0	1	0	1.0	0.0	0.0	1.0
ABCC10	NA	4479	1	0	0	0	0	0	1	0	1.0	0.0	0.0	1.0
AIM1	NA	5172	1	0	0	0	0	0	1	0	1.0	0.0	0.0	1.0
AKAP12	NA	5349	0	1	0	0	0	0	0	0	1.0	0.0	0.0	1.0
ANKRD6	NA	2184	0	1	0	0	0	0	0	0	1.0	0.0	0.0	1.0
ANKRD66	NA	756	1	0	0	0	0	0	1	0	1.0	0.0	0.0	1.0
BACH2	NA	2526	0	1	0	0	0	0	0	0	1.0	0.0	0.0	1.0
BCLAF1	NA	2763	1	0	0	0	0	0	1	0	1.0	0.0	0.0	1.0
CAP2	NA	1434	1	0	0	0	0	0	1	0	1.0	0.0	0.0	1.0
CAPN11	NA	2220	1	0	0	0	0	0	1	0	1.0	0.0	0.0	1.0
COL12A1	NA	9192	0	1	0	0	0	0	0	0	1.0	0.0	0.0	1.0
CPNE5	NA	1782	0	1	0	0	0	0	0	0	1.0	0.0	0.0	1.0
CUL9	NA	7554	1	0	0	0	0	0	1	0	1.0	0.0	0.0	1.0
DAAM2	NA	3207	1	0	0	0	0	0	1	0	1.0	0.0	0.0	1.0
DDR1	NA	2760	0	1	0	0	0	0	0	0	1.0	0.0	0.0	1.0
DNAH8	NA	14124	1	0	0	0	0	0	1	0	1.0	0.0	0.0	1.0
DSP	NA	8616	1	0	0	0	0	0	1	0	1.0	0.0	0.0	1.0
DST	NA	15516	2	0	1	0	0	0	1	0	1.0	0.0	0.0	1.0
EYA4	NA	1920	1	0	0	0	0	0	1	0	1.0	0.0	0.0	1.0
FAM50B	NA	978	1	0	0	0	0	0	1	0	1.0	0.0	0.0	1.0
GLYATL3	NA	867	1	0	0	0	0	0	1	0	1.0	0.0	0.0	1.0
GTF2H4	NA	1389	1	0	0	0	0	0	1	0	1.0	0.0	0.0	1.0
HIST1H1T	NA	624	1	0	0	0	0	0	1	0	1.0	0.0	0.0	1.0
HIST1H3C	NA	411	1	0	0	0	0	0	1	0	1.0	0.0	0.0	1.0
HSP90AB1	NA	2175	1	0	0	0	0	0	1	0	1.0	0.0	0.0	1.0
ID4	NA	486	1	0	0	0	0	0	1	0	1.0	0.0	0.0	1.0
KCNQ5	NA	2856	1	0	0	0	0	0	1	0	1.0	0.0	0.0	1.0
KIF6	NA	2445	0	1	0	0	0	0	0	0	1.0	0.0	0.0	1.0
LAMA4	NA	5472	1	0	0	0	1	0	0	0	1.0	0.0	0.0	1.0
MAP3K7	NA	1821	1	0	0	0	0	0	1	0	1.0	0.0	0.0	1.0
MDC1	NA	6270	1	0	0	0	0	0	1	0	1.0	0.0	0.0	1.0
MICAL1	NA	3204	2	0	0	0	0	0	2	0	1.0	0.0	0.0	1.0
NCOA7	NA	2829	0	1	0	0	0	0	0	0	1.0	0.0	0.0	1.0
NHSL1	NA	4833	1	0	0	0	0	0	1	0	1.0	0.0	0.0	1.0
NOX3	NA	1707	1	0	0	0	0	0	1	0	1.0	0.0	0.0	1.0
OR2W1	NA	963	1	0	0	0	0	0	1	0	1.0	0.0	0.0	1.0
PARK2	NA	1398	1	0	0	0	0	0	1	0	1.0	0.0	0.0	1.0
PBX2	NA	1293	1	0	0	0	0	0	1	0	1.0	0.0	0.0	1.0
PHACTR1	NA	1743	1	0	0	0	0	0	1	0	1.0	0.0	0.0	1.0
PHIP	NA	5466	1	0	0	0	0	0	1	0	1.0	0.0	0.0	1.0
PKHD1	NA	12225	1	0	0	0	0	0	1	0	1.0	0.0	0.0	1.0
PNISR	NA	2418	1	0	0	0	0	0	1	0	1.0	0.0	0.0	1.0
PNRC1	NA	984	1	0	0	0	0	0	1	0	1.0	0.0	0.0	1.0
PRDM1	NA	2478	0	1	0	0	0	0	0	0	1.0	0.0	0.0	1.0
RREB1	NA	5229	1	0	0	0	0	0	1	0	1.0	0.0	0.0	1.0
SERINC1	NA	1362	1	0	0	0	0	0	1	0	1.0	0.0	0.0	1.0
SESN1	NA	1656	1	0	0	0	0	0	1	0	1.0	0.0	0.0	1.0
SLC26A8	NA	2913	0	1	0	0	0	0	0	0	1.0	0.0	0.0	1.0
SLC39A7	NA	1410	0	1	0	0	0	0	0	0	1.0	0.0	0.0	1.0
SNX14	NA	2841	1	0	0	0	0	0	1	0	1.0	0.0	0.0	1.0
SPATS1	NA	903	0	1	0	0	0	0	0	0	1.0	0.0	0.0	1.0
STXBP5	NA	3456	2	0	1	0	0	0	1	0	1.0	0.0	0.0	1.0
SYNE1	NA	26394	2	0	0	0	0	0	2	0	1.0	0.0	0.0	1.0
SYTL3	NA	1833	1	1	0	0	0	0	1	0	1.0	0.0	0.0	1.0
TBC1D7	NA	882	1	0	0	0	0	0	1	0	1.0	0.0	0.0	1.0
TCP1	NA	1671	0	1	0	0	0	0	0	0	1.0	0.0	0.0	1.0
TIAM2	NA	5106	0	1	0	0	0	0	0	0	1.0	0.0	0.0	1.0
TINAG	NA	1431	1	0	0	0	0	0	1	0	1.0	0.0	0.0	1.0
TMEM151B	NA	1701	2	0	0	0	0	0	2	0	1.0	0.0	0.0	1.0
UBD	NA	498	1	0	0	0	0	0	1	0	1.0	0.0	0.0	1.0
UBR2	NA	5268	1	0	0	0	0	0	1	0	1.0	0.0	0.0	1.0
USP49	NA	1923	1	0	1	0	0	0	0	0	1.0	0.0	0.0	1.0
VARS2	NA	3282	1	0	0	0	0	0	1	0	1.0	0.0	0.0	1.0
ZNF318	NA	6840	2	0	0	0	0	0	2	0	1.0	0.0	0.0	1.0
AACS	NA	2019	0	1	0	0	0	0	0	0	1.0	0.0	0.0	1.0
ACVR1B	NA	1641	1	0	0	0	0	0	1	0	1.0	0.0	0.0	1.0
AICDA	NA	597	1	0	0	0	0	0	1	0	1.0	0.0	0.0	1.0
ANKRD52	NA	3231	1	0	0	0	0	0	1	0	1.0	0.0	0.0	1.0
ANKS1B	NA	3747	0	1	0	0	0	0	0	0	1.0	0.0	0.0	1.0
ASIC1	NA	1725	1	0	0	0	1	0	0	0	1.0	0.0	0.0	1.0
ATF7IP	NA	3813	1	0	0	0	0	0	1	0	1.0	0.0	0.0	1.0
ATN1	NA	3573	0	1	0	0	0	0	0	0	1.0	0.0	0.0	1.0
BRAP	NA	1779	1	0	0	0	0	0	1	0	1.0	0.0	0.0	1.0
C12orf60	NA	738	1	0	0	0	0	0	1	0	1.0	0.0	0.0	1.0
C1R	NA	1886	0	1	0	0	0	0	0	0	1.0	0.0	0.0	1.0
CCDC59	NA	726	1	0	1	0	0	0	0	0	1.0	0.0	0.0	1.0
CCDC60	NA	1653	1	0	1	0	0	0	0	0	1.0	0.0	0.0	1.0
CCDC62	NA	2055	1	0	0	0	0	0	1	0	1.0	0.0	0.0	1.0
CCNT1	NA	2181	1	0	0	0	0	0	1	0	1.0	0.0	0.0	1.0
CD163	NA	3471	1	0	0	0	0	0	1	0	1.0	0.0	0.0	1.0
CDKN1B	NA	597	1	0	0	0	1	0	0	0	1.0	0.0	0.0	1.0
CHD4	NA	5739	2	0	0	0	0	0	2	0	1.0	0.0	0.0	1.0
CHFR	NA	1995	1	0	0	0	0	0	1	0	1.0	0.0	0.0	1.0
CIT	NA	6210	1	0	0	0	0	0	1	0	1.0	0.0	0.0	1.0
CLEC6A	NA	630	1	0	1	0	0	0	0	0	1.0	0.0	0.0	1.0
CLEC9A	NA	726	0	1	0	0	0	0	0	0	1.0	0.0	0.0	1.0
CLECL1	NA	576	0	1	0	0	0	0	0	0	1.0	0.0	0.0	1.0
CPSF6	NA	1656	1	0	0	0	0	0	1	0	1.0	0.0	0.0	1.0
CUX2	NA	4461	0	1	0	0	0	0	0	0	1.0	0.0	0.0	1.0
CYP27B1	NA	1527	1	0	0	0	0	0	1	0	1.0	0.0	0.0	1.0
DENND5B	NA	3825	1	0	0	0	0	0	1	0	1.0	0.0	0.0	1.0
DIP2B	NA	4731	0	1	0	0	0	0	0	0	1.0	0.0	0.0	1.0
DYRK2	NA	1806	1	0	0	0	0	0	1	0	1.0	0.0	0.0	1.0
EP400	NA	9372	1	0	0	0	0	0	1	0	1.0	0.0	0.0	1.0
ERBB3	NA	4029	1	1	0	0	0	0	1	0	1.0	0.0	0.0	1.0
ESPL1	NA	6363	1	1	0	0	0	0	1	0	1.0	0.0	0.0	1.0
FMNL3	NA	3084	0	1	0	0	0	0	0	0	1.0	0.0	0.0	1.0
FOXJ2	NA	1725	1	0	0	0	0	0	1	0	1.0	0.0	0.0	1.0
GALNT6	NA	1869	1	0	1	0	0	0	0	0	1.0	0.0	0.0	1.0
GDF11	NA	1224	1	0	0	0	0	0	1	0	1.0	0.0	0.0	1.0
GIT2	NA	2280	1	0	0	0	0	0	1	0	1.0	0.0	0.0	1.0
GLT8D2	NA	1050	0	1	0	0	0	0	0	0	1.0	0.0	0.0	1.0
GNPTAB	NA	3771	1	0	0	0	0	0	1	0	1.0	0.0	0.0	1.0
GOLGA3	NA	4497	1	0	0	0	0	0	1	0	1.0	0.0	0.0	1.0
GPR133	NA	2625	1	1	0	0	0	0	1	0	1.0	0.0	0.0	1.0
HDAC7	NA	2976	0	1	0	0	0	0	0	0	1.0	1.0	0.0	1.0
HOXC13	NA	993	1	0	0	0	0	0	1	0	1.0	0.0	0.0	1.0
IFFO1	NA	1716	1	0	0	0	0	0	1	0	1.0	0.0	0.0	1.0
ITGA7	NA	3426	1	0	0	0	0	0	1	0	1.0	0.0	0.0	1.0
ITPR2	NA	8106	0	1	0	0	0	0	0	0	1.0	0.0	0.0	1.0
KCNA1	NA	1488	1	0	0	0	0	0	1	0	1.0	0.0	0.0	1.0
KIAA1551	NA	5244	0	1	0	0	0	0	0	0	1.0	0.0	0.0	1.0
KLHL42	NA	1518	0	1	0	0	0	0	0	0	1.0	0.0	0.0	1.0
KRR1	NA	1146	1	0	0	0	0	0	1	0	1.0	0.0	0.0	1.0
KRT2	NA	1920	1	0	0	0	0	0	1	0	1.0	0.0	0.0	1.0
KRT5	NA	1773	0	1	0	0	0	0	0	0	1.0	0.0	0.0	1.0
KRT6A	NA	1695	0	1	0	0	0	0	0	0	1.0	0.0	0.0	1.0
KRT6C	NA	1695	0	1	0	0	0	0	0	0	1.0	0.0	0.0	1.0
KRT76	NA	1917	1	0	0	0	0	0	1	0	1.0	0.0	0.0	1.0
KRT81	NA	1518	0	2	0	0	0	0	0	0	1.0	0.0	0.0	1.0
KRT84	NA	1803	1	1	0	0	1	0	0	0	1.0	0.0	0.0	1.0
KRT85	NA	1524	0	1	0	0	0	0	0	0	1.0	0.0	0.0	1.0
LOH12CR1	NA	591	1	0	0	0	0	0	1	0	1.0	0.0	0.0	1.0
LPCAT3	NA	1464	1	0	0	0	0	0	1	0	1.0	0.0	0.0	1.0
LRRK2	NA	7584	0	1	0	0	0	0	0	0	1.0	0.0	0.0	1.0
MARCH9	NA	1041	0	1	0	0	0	0	0	0	1.0	0.0	0.0	1.0
METTL25	NA	1812	0	1	0	0	0	0	0	0	1.0	0.0	0.0	1.0
MFSD5	NA	1674	1	0	0	0	0	0	1	0	1.0	0.0	0.0	1.0
KMT2D	NA	16614	1	0	0	0	0	0	1	0	1.0	0.0	0.0	1.0
MON2	NA	5154	0	1	0	0	0	0	0	0	1.0	0.0	0.0	1.0
MYF6	NA	729	1	0	0	0	0	0	1	0	1.0	0.0	0.0	1.0
MYO1H	NA	3069	1	0	0	0	0	0	1	0	1.0	0.0	0.0	1.0
NACA	NA	2778	0	1	0	0	0	0	0	0	1.0	0.0	0.0	1.0
NAP1L1	NA	1176	0	1	0	0	0	0	0	0	1.0	0.0	0.0	1.0
NCKAP5L	NA	4005	0	1	0	0	0	0	0	0	1.0	0.0	0.0	1.0
NR4A1	NA	1836	1	1	0	0	0	0	1	0	1.0	0.0	0.0	1.0
OAS1	NA	1245	1	0	0	0	0	0	1	0	1.0	0.0	0.0	1.0
OASL	NA	1545	1	0	0	0	0	0	1	0	1.0	0.0	0.0	1.0
OSBPL8	NA	2670	1	0	0	0	0	0	1	0	1.0	0.0	0.0	1.0
OTOGL	NA	7035	0	1	0	0	0	0	0	0	1.0	0.0	0.0	1.0
PLBD2	NA	1770	1	0	0	0	0	0	1	0	1.0	0.0	0.0	1.0
PLEKHG6	NA	2373	1	0	0	0	0	0	1	0	1.0	0.0	0.0	1.0
POLE	NA	6861	1	0	0	0	0	0	1	0	1.0	0.0	0.0	1.0
PPP1R1A	NA	516	1	0	0	0	0	0	1	0	1.0	0.0	0.0	1.0
PRKAG1	NA	1023	1	0	0	0	0	0	1	0	1.0	0.0	0.0	1.0
PRPF40B	NA	2679	1	0	0	0	0	0	1	0	1.0	0.0	0.0	1.0
R3HDM2	NA	2931	1	0	0	0	0	0	1	0	1.0	0.0	0.0	1.0
RASAL1	NA	2421	1	0	0	0	0	0	1	0	1.0	0.0	0.0	1.0
RDH16	NA	954	1	0	0	0	0	0	1	0	1.0	0.0	0.0	1.0
RIMKLB	NA	1161	1	0	0	0	0	0	1	0	1.0	0.0	0.0	1.0
RND1	NA	699	0	1	0	0	0	0	0	0	1.0	0.0	0.0	1.0
RNF10	NA	2436	1	0	0	0	0	0	1	0	1.0	0.0	0.0	1.0
RPH3A	NA	2085	1	0	0	0	0	0	1	0	1.0	0.0	0.0	1.0
SCNN1A	NA	2187	1	0	0	0	0	0	1	0	1.0	0.0	0.0	1.0
SLC2A3	NA	1491	0	1	0	0	0	0	0	0	1.0	0.0	0.0	1.0
SVOP	NA	1488	1	0	0	0	0	0	1	0	1.0	0.0	0.0	1.0
TAOK3	NA	2697	0	1	0	0	0	0	0	0	1.0	0.0	0.0	1.0
TARBP2	NA	1101	1	0	0	0	0	0	1	0	1.0	0.0	0.0	1.0
TAS2R50	NA	900	1	0	0	0	0	0	1	0	1.0	0.0	0.0	1.0
TMPRSS12	NA	1047	1	0	0	0	0	0	1	0	1.0	0.0	0.0	1.0
VAMP1	NA	357	1	0	0	0	0	0	1	0	1.0	0.0	0.0	1.0
VDR	NA	1434	1	0	0	0	0	0	1	0	1.0	0.0	0.0	1.0
VEZT	NA	2340	1	0	0	0	0	0	1	0	1.0	0.0	0.0	1.0
VWF	NA	8442	1	0	1	0	0	0	0	0	1.0	0.0	0.0	1.0
WDR66	NA	3450	0	1	0	0	0	0	0	0	1.0	0.0	0.0	1.0
WNT5B	NA	1080	1	0	1	0	0	0	0	0	1.0	0.0	0.0	1.0
ZDHHC17	NA	1899	1	0	0	0	0	0	1	0	1.0	0.0	0.0	1.0
ABCB5	NA	3774	0	1	0	0	0	0	0	0	1.0	0.0	0.0	1.0
AHCYL2	NA	1836	1	0	0	0	0	0	1	0	1.0	0.0	0.0	1.0
AHR	NA	2547	0	1	0	0	0	0	0	0	1.0	0.0	0.0	1.0
AKAP9	NA	11724	1	0	0	0	0	0	1	0	1.0	0.0	0.0	1.0
AQP1	NA	810	0	1	0	0	0	0	0	0	1.0	0.0	0.0	1.0
ASIC3	NA	1650	0	1	0	0	0	0	0	0	1.0	0.0	0.0	1.0
AUTS2	NA	3780	0	1	0	0	0	0	0	0	1.0	0.0	0.0	1.0
AZGP1	NA	897	1	0	0	0	0	0	1	0	1.0	0.0	0.0	1.0
CACNA2D1	NA	3276	1	0	0	0	0	0	1	0	1.0	0.0	0.0	1.0
CDHR3	NA	2658	1	0	0	0	0	0	1	0	1.0	0.0	0.0	1.0
CDK6	NA	981	1	0	0	0	0	0	1	0	1.0	0.0	0.0	1.0
CHPF2	NA	2319	1	0	1	0	0	0	0	0	1.0	0.0	0.0	1.0
COL28A1	NA	3378	1	1	0	0	0	0	1	0	1.0	0.0	0.0	1.0
CROT	NA	1923	1	0	0	0	0	0	1	0	1.0	0.0	0.0	1.0
CTTNBP2	NA	4992	0	1	0	0	0	0	0	0	1.0	0.0	0.0	1.0
CYTH3	NA	1200	1	0	0	0	0	0	1	0	1.0	0.0	0.0	1.0
DBF4	NA	2025	1	0	0	0	1	0	0	0	1.0	0.0	0.0	1.0
DDC	NA	1443	1	0	0	0	0	0	1	0	1.0	0.0	0.0	1.0
DOCK4	NA	5901	1	1	0	0	0	0	1	0	1.0	0.0	0.0	1.0
FAM221A	NA	897	0	1	0	0	0	0	0	0	1.0	0.0	0.0	1.0
FBXL13	NA	2208	1	0	0	0	0	0	1	0	1.0	0.0	0.0	1.0
FBXO24	NA	1857	1	0	0	0	0	0	1	0	1.0	0.0	0.0	1.0
FGL2	NA	1320	0	1	0	0	0	0	0	0	1.0	0.0	0.0	1.0
FLNC	NA	8178	0	1	0	0	0	0	0	0	1.0	0.0	0.0	1.0
GARS	NA	2220	0	1	0	0	0	0	0	0	1.0	0.0	0.0	1.0
GIMAP8	NA	1998	1	0	0	0	0	0	1	0	1.0	0.0	0.0	1.0
GRM3	NA	2640	1	0	0	0	0	0	1	0	1.0	0.0	0.0	1.0
GRM8	NA	2727	1	0	0	0	0	0	1	0	1.0	0.0	0.0	1.0
GTF2IRD2B	NA	2850	0	1	0	0	0	0	0	0	1.0	0.0	0.0	1.0
HDAC9	NA	3210	1	0	0	0	0	0	1	0	1.0	0.0	0.0	1.0
IKZF1	NA	1560	0	1	0	0	0	0	0	0	1.0	0.0	0.0	1.0
IRF5	NA	1545	1	0	0	0	0	0	1	0	1.0	0.0	0.0	1.0
KCNH2	NA	3480	0	1	0	0	0	0	0	0	1.0	0.0	0.0	1.0
KLF14	NA	972	1	0	0	0	0	0	1	0	1.0	0.0	0.0	1.0
KLRG2	NA	1230	1	0	0	0	0	0	1	0	1.0	0.0	0.0	1.0
LAMB1	NA	5361	1	0	0	0	0	0	1	0	1.0	0.0	0.0	1.0
LAMB4	NA	5286	1	0	0	0	0	0	1	0	1.0	0.0	0.0	1.0
LAT2	NA	732	1	0	0	0	0	0	1	0	1.0	0.0	0.0	1.0
LMTK2	NA	4512	1	0	0	0	0	0	1	0	1.0	0.0	0.0	1.0
MEST	NA	1008	1	0	0	0	0	0	1	0	1.0	0.0	0.0	1.0
KMT2C	NA	14736	1	0	0	0	0	0	1	0	1.0	0.0	0.0	1.0
MLXIPL	NA	2559	0	1	0	0	0	0	0	0	1.0	0.0	0.0	1.0
MUC17	NA	13482	1	0	0	0	0	0	1	0	1.0	0.0	0.0	1.0
MYL10	NA	681	0	1	0	0	0	0	0	0	1.0	0.0	0.0	1.0
NCAPG2	NA	3432	1	0	0	0	0	0	1	0	1.0	0.0	0.0	1.0
NOM1	NA	2583	0	1	0	0	0	0	0	0	1.0	0.0	0.0	1.0
NPTX2	NA	1296	1	0	0	0	0	0	1	0	1.0	0.0	0.0	1.0
NUP205	NA	6039	1	0	0	0	0	0	1	0	1.0	0.0	0.0	1.0
NYAP1	NA	2526	1	0	0	0	0	0	1	0	1.0	0.0	0.0	1.0
OR2A2	NA	957	1	0	1	0	0	0	0	0	1.0	0.0	0.0	1.0
OR2A5	NA	936	0	1	0	0	0	0	0	0	1.0	0.0	0.0	1.0
OR9A4	NA	945	0	1	0	0	0	0	0	0	1.0	0.0	0.0	1.0
PCLO	NA	15429	1	0	0	0	0	0	1	0	1.0	0.0	0.0	1.0
PILRB	NA	684	1	0	0	0	0	0	1	0	1.0	0.0	0.0	1.0
POR	NA	2043	1	0	0	0	0	0	1	0	1.0	0.0	0.0	1.0
PRSS58	NA	726	1	0	0	0	0	0	1	0	1.0	0.0	0.0	1.0
PTPRN2	NA	3048	1	0	0	0	0	0	1	0	1.0	0.0	0.0	1.0
RNF32	NA	1089	1	0	0	0	1	0	0	0	1.0	0.0	0.0	1.0
SEMA3C	NA	2256	1	0	1	0	0	0	0	0	1.0	0.0	0.0	1.0
SLC12A9	NA	2745	2	0	0	0	0	0	2	0	1.0	0.0	0.0	1.0
SPAM1	NA	1536	1	0	0	0	0	0	1	0	1.0	0.0	0.0	1.0
SRRT	NA	2631	0	1	0	0	0	0	0	0	1.0	0.0	0.0	1.0
SSMEM1	NA	735	1	0	0	0	0	0	1	0	1.0	0.0	0.0	1.0
STEAP2	NA	1473	0	1	0	0	0	0	0	0	1.0	0.0	0.0	1.0
TMEM176B	NA	813	1	0	0	0	0	0	1	0	1.0	0.0	0.0	1.0
TMEM184A	NA	1242	0	1	0	0	0	0	0	0	1.0	0.0	0.0	1.0
TRRAP	NA	11580	2	0	0	0	0	0	2	0	1.0	0.0	0.0	1.0
URGCP	NA	2796	1	0	0	0	0	0	1	0	1.0	0.0	0.0	1.0
VPS37D	NA	756	1	0	0	0	0	0	1	0	1.0	0.0	0.0	1.0
VWDE	NA	4773	1	0	0	0	1	0	0	0	1.0	0.0	0.0	1.0
WASL	NA	1518	1	0	0	0	0	0	1	0	1.0	0.0	0.0	1.0
WNT2	NA	1083	1	0	0	0	0	0	1	0	1.0	0.0	0.0	1.0
ZAN	NA	8438	2	0	0	0	0	0	2	0	1.0	0.0	0.0	1.0
ZNF3	NA	1341	1	0	0	0	0	0	1	0	1.0	0.0	0.0	1.0
ZNF789	NA	1278	0	1	0	0	0	0	0	0	1.0	0.0	0.0	1.0
ACOT12	NA	1668	1	0	0	0	0	0	1	0	1.0	0.0	0.0	1.0
ACTBL2	NA	1131	1	0	0	0	0	0	1	0	1.0	0.0	0.0	1.0
ADAMTS16	NA	3675	1	0	0	0	0	0	1	0	1.0	0.0	0.0	1.0
ADAMTS6	NA	3354	1	0	0	0	0	0	1	0	1.0	0.0	0.0	1.0
AGGF1	NA	2145	0	1	0	0	0	0	0	0	1.0	0.0	0.0	1.0
ANKHD1	NA	7629	2	0	0	0	0	0	2	0	1.0	0.0	0.0	1.0
ATP10B	NA	4386	2	0	0	0	0	0	2	0	1.0	0.0	0.0	1.0
BTNL8	NA	1503	1	0	0	0	0	0	1	0	1.0	0.0	0.0	1.0
TRAPPC13	NA	1260	1	0	0	0	0	0	1	0	1.0	0.0	0.0	1.0
CCDC112	NA	1590	1	0	0	0	0	0	1	0	1.0	0.0	0.0	1.0
COL23A1	NA	1623	1	0	0	0	0	0	1	0	1.0	0.0	0.0	1.0
COMMD10	NA	609	1	0	0	0	0	0	1	0	1.0	0.0	0.0	1.0
DAB2	NA	2313	0	1	0	0	0	0	0	0	1.0	0.0	0.0	1.0
DMXL1	NA	9084	1	0	0	0	0	0	1	0	1.0	0.0	0.0	1.0
DNAH5	NA	13875	2	0	1	0	0	0	1	0	1.0	0.0	0.0	1.0
DTWD2	NA	897	1	0	0	0	0	0	1	0	1.0	0.0	0.0	1.0
EBF1	NA	1776	0	1	0	0	0	0	0	0	1.0	0.0	0.0	1.0
EIF4EBP3	NA	303	1	0	0	0	0	0	1	0	1.0	0.0	0.0	1.0
FLT4	NA	4092	2	0	0	0	0	0	2	0	1.0	0.0	0.0	1.0
FNIP1	NA	3501	1	0	0	0	0	0	1	0	1.0	0.0	0.0	1.0
FOXI1	NA	1137	1	0	0	0	0	0	1	0	1.0	0.0	0.0	1.0
FTMT	NA	729	1	0	0	0	0	0	1	0	1.0	0.0	0.0	1.0
GABRG2	NA	1548	1	0	0	0	0	0	1	0	1.0	0.0	0.0	1.0
GALNT10	NA	1812	0	1	0	0	0	0	0	0	1.0	0.0	0.0	1.0
GPBP1	NA	1443	2	0	0	0	0	0	2	0	1.0	0.0	0.0	1.0
GZMK	NA	795	1	0	1	0	0	0	0	0	1.0	0.0	0.0	1.0
HMGXB3	NA	3879	1	0	0	0	0	0	1	0	1.0	0.0	0.0	1.0
KCNIP1	NA	684	0	1	0	0	0	0	0	0	1.0	0.0	0.0	1.0
LIFR	NA	3294	0	1	0	0	0	0	0	0	1.0	0.0	0.0	1.0
LRRTM2	NA	1551	0	1	0	0	0	0	0	0	1.0	0.0	0.0	1.0
MAML1	NA	3051	1	1	1	0	0	0	0	0	1.0	0.0	0.0	1.0
MAP1B	NA	7407	1	0	0	0	0	0	1	0	1.0	0.0	0.0	1.0
MCTP1	NA	3000	1	0	0	0	0	0	1	0	1.0	0.0	0.0	1.0
MEGF10	NA	3423	1	0	0	0	0	0	1	0	1.0	0.0	0.0	1.0
MIER3	NA	1650	1	0	0	0	0	0	1	0	1.0	0.0	0.0	1.0
MRPS30	NA	1320	2	0	0	0	0	0	2	0	1.0	0.0	0.0	1.0
NIPBL	NA	8415	2	0	0	0	0	0	2	0	1.0	0.0	0.0	1.0
NNT	NA	3261	0	1	0	0	0	0	0	0	1.0	0.0	0.0	1.0
NR3C1	NA	2337	1	0	0	0	0	0	1	0	1.0	0.0	0.0	1.0
NRG2	NA	2577	0	1	0	0	0	0	0	0	1.0	0.0	0.0	1.0
NUDT12	NA	1389	0	1	0	0	0	0	0	0	1.0	0.0	0.0	1.0
PCDH1	NA	3714	1	0	0	0	0	0	1	0	1.0	0.0	0.0	1.0
PCDHA11	NA	2850	1	1	0	0	0	0	1	0	1.0	0.0	0.0	1.0
PCDHA8	NA	2853	0	2	0	0	0	0	0	0	1.0	0.0	0.0	1.0
PCDHA9	NA	2853	0	1	0	0	0	0	0	0	1.0	0.0	0.0	1.0
PCDHGA2	NA	2799	1	1	0	0	0	0	1	0	1.0	0.0	0.0	1.0
PCDHGA4	NA	2889	1	0	0	0	0	0	1	0	1.0	0.0	0.0	1.0
PCDHGB1	NA	2784	1	0	0	0	0	0	1	0	1.0	0.0	0.0	1.0
PCDHGB2	NA	2796	1	0	0	0	0	0	1	0	1.0	0.0	0.0	1.0
PCDHGB3	NA	2790	0	1	0	0	0	0	0	0	1.0	0.0	0.0	1.0
PCDHGC3	NA	2805	0	1	0	0	0	0	0	0	1.0	0.0	0.0	1.0
PDE8B	NA	2658	0	1	0	0	0	0	0	0	1.0	0.0	0.0	1.0
PDZD2	NA	8520	1	0	0	0	0	0	1	0	1.0	0.0	0.0	1.0
PIK3R1	NA	2175	1	0	0	0	0	0	1	0	1.0	0.0	0.0	1.0
PJA2	NA	2127	0	1	0	0	0	0	0	0	1.0	0.0	0.0	1.0
PROP1	NA	681	0	1	0	0	0	0	0	0	1.0	0.0	0.0	1.0
PTGER4	NA	1467	0	1	0	0	0	0	0	0	1.0	0.0	0.0	1.0
RAI14	NA	2952	1	0	0	0	0	0	1	0	1.0	0.0	0.0	1.0
RASA1	NA	3144	1	0	0	0	0	0	1	0	1.0	0.0	0.0	1.0
SCGB3A1	NA	315	1	0	0	0	0	0	1	0	1.0	0.0	0.0	1.0
SDHA	NA	1995	2	0	0	0	0	0	2	0	1.0	0.0	0.0	1.0
SH3RF2	NA	2190	1	0	0	0	0	0	1	0	1.0	0.0	0.0	1.0
SIL1	NA	1386	1	0	0	0	0	0	1	0	1.0	0.0	0.0	1.0
SLC1A3	NA	1629	1	0	0	0	0	0	1	0	1.0	0.0	0.0	1.0
SLC6A19	NA	1905	2	0	0	0	0	0	2	0	1.0	0.0	0.0	1.0
SLIT3	NA	4593	0	1	0	0	0	0	0	0	1.0	0.0	0.0	1.0
TAS2R1	NA	900	0	1	0	0	0	0	0	0	1.0	0.0	0.0	1.0
TCOF1	NA	4467	1	0	0	0	0	0	1	0	1.0	0.0	0.0	1.0
TMEM161B	NA	1464	1	0	1	0	0	0	0	0	1.0	0.0	0.0	1.0
UBE2QL1	NA	486	1	0	0	0	0	0	1	0	1.0	0.0	0.0	1.0
VCAN	NA	10191	0	1	0	0	0	0	0	0	1.0	0.0	0.0	1.0
WDR70	NA	1965	1	1	0	0	0	0	1	0	1.0	0.0	0.0	1.0
XRCC4	NA	1011	1	0	0	0	0	0	1	0	1.0	0.0	0.0	1.0
YTHDC2	NA	4293	1	0	0	0	0	0	1	0	1.0	0.0	0.0	1.0
ZNF354C	NA	1665	1	0	0	0	0	0	1	0	1.0	0.0	0.0	1.0
ZNF879	NA	1692	0	1	0	0	0	0	0	0	1.0	0.0	0.0	1.0
ACIN1	NA	4026	1	0	0	0	0	0	1	0	1.0	0.0	0.0	1.0
AHNAK2	NA	17388	1	0	0	0	0	0	1	0	1.0	0.0	0.0	1.0
ATG2B	NA	6237	1	0	0	0	0	0	1	0	1.0	0.0	0.0	1.0
BDKRB1	NA	1062	1	0	0	0	0	0	1	0	1.0	0.0	0.0	1.0
CKB	NA	1146	0	1	0	0	0	0	0	0	1.0	0.0	0.0	1.0
DICER1	NA	5769	0	1	0	0	0	0	0	0	1.0	0.0	0.0	1.0
ESR2	NA	1593	1	0	0	0	0	0	1	0	1.0	0.0	0.0	1.0
EXOC5	NA	2127	1	0	0	0	0	0	1	0	1.0	0.0	0.0	1.0
GOLGA5	NA	2196	1	0	0	0	0	0	1	0	1.0	0.0	0.0	1.0
GPR137C	NA	1290	1	0	0	0	0	0	1	0	1.0	0.0	0.0	1.0
GPR65	NA	1014	1	0	0	0	0	0	1	0	1.0	0.0	0.0	1.0
HECTD1	NA	7833	1	0	0	0	0	0	1	0	1.0	0.0	0.0	1.0
HHIPL1	NA	2349	0	1	0	0	0	0	0	0	1.0	0.0	0.0	1.0
IGHD	NA	1292	1	0	0	0	0	0	1	0	1.0	0.0	0.0	1.0
IGHD3-9	NA	30	1	0	1	0	0	0	0	0	1.0	0.0	0.0	1.0
KLHL33	NA	1602	1	0	0	0	0	0	1	0	1.0	0.0	0.0	1.0
NEK9	NA	2940	1	0	0	0	0	0	1	0	1.0	0.0	0.0	1.0
NEMF	NA	3231	1	0	0	0	0	0	1	0	1.0	0.0	0.0	1.0
NIN	NA	6402	1	1	0	0	0	0	1	0	1.0	0.0	0.0	1.0
NPAS3	NA	2802	0	1	0	0	0	0	0	0	1.0	0.0	0.0	1.0
NYNRIN	NA	5697	1	1	0	0	0	0	1	0	1.0	0.0	0.0	1.0
OR11H12	NA	981	1	0	0	0	0	0	1	0	1.0	0.0	0.0	1.0
OR4K13	NA	915	1	0	0	0	0	0	1	0	1.0	0.0	0.0	1.0
OR5AU1	NA	1089	1	0	0	0	0	0	1	0	1.0	0.0	0.0	1.0
PNP	NA	870	1	0	0	0	0	0	1	0	1.0	0.0	0.0	1.0
PPP1R13B	NA	3273	1	0	0	0	0	0	1	0	1.0	0.0	0.0	1.0
PSME2	NA	720	1	0	0	0	0	0	1	0	1.0	0.0	0.0	1.0
PTPN21	NA	3525	0	1	0	0	0	0	0	0	1.0	0.0	0.0	1.0
RBM25	NA	2532	1	0	0	0	0	0	1	0	1.0	0.0	0.0	1.0
RPS6KA5	NA	2409	1	0	0	0	0	0	1	0	1.0	0.0	0.0	1.0
RTL1	NA	4077	1	0	0	0	0	0	1	0	1.0	0.0	0.0	1.0
SCFD1	NA	1929	1	0	0	0	0	0	1	0	1.0	0.0	0.0	1.0
SERPINA10	NA	1335	1	0	0	0	0	0	1	0	1.0	0.0	0.0	1.0
SIX4	NA	2346	1	0	0	0	0	0	1	0	1.0	0.0	0.0	1.0
SLC7A8	NA	1608	1	0	0	0	0	0	1	0	1.0	0.0	0.0	1.0
SOS2	NA	3999	1	0	0	0	0	0	1	0	1.0	0.0	0.0	1.0
SPTB	NA	6987	1	0	0	0	1	0	0	0	1.0	0.0	0.0	1.0
SUPT16H	NA	3144	0	1	0	0	0	0	0	0	1.0	0.0	0.0	1.0
SYT16	NA	1938	2	0	0	0	0	0	2	0	1.0	0.0	0.0	1.0
TDRD9	NA	4149	1	0	0	0	0	0	1	0	1.0	0.0	0.0	1.0
TEP1	NA	7884	1	0	0	0	0	0	1	0	1.0	0.0	0.0	1.0
TINF2	NA	1356	1	0	0	0	0	0	1	0	1.0	0.0	0.0	1.0
TRIP11	NA	5940	1	0	0	0	0	0	1	0	1.0	0.0	0.0	1.0
TSSK4	NA	1017	1	0	0	0	0	0	1	0	1.0	0.0	0.0	1.0
TTC5	NA	1323	1	0	1	0	0	0	0	0	1.0	0.0	0.0	1.0
TTC8	NA	1548	1	0	0	0	1	0	0	0	1.0	0.0	0.0	1.0
VRTN	NA	2109	1	0	0	0	0	0	1	0	1.0	0.0	0.0	1.0
YLPM1	NA	6441	1	0	0	0	0	0	1	0	1.0	0.0	0.0	1.0
ZFYVE1	NA	2334	1	0	0	0	0	0	1	0	1.0	0.0	0.0	1.0
ZNF839	NA	2784	1	0	0	0	0	0	1	0	1.0	0.0	0.0	1.0
ACSF3	NA	1731	0	1	0	0	0	0	0	0	1.0	0.0	0.0	1.0
ADCY7	NA	3243	0	1	0	0	0	0	0	0	1.0	0.0	0.0	1.0
ANKRD11	NA	7992	1	0	0	0	0	0	1	0	1.0	0.0	0.0	1.0
BCAR1	NA	2751	1	0	0	0	0	0	1	0	1.0	0.0	0.0	1.0
CALB2	NA	816	0	1	0	0	0	0	0	0	1.0	0.0	0.0	1.0
CEMP1	NA	744	1	0	0	0	0	0	1	0	1.0	0.0	0.0	1.0
CPPED1	NA	945	0	1	0	0	0	0	0	0	1.0	0.0	0.0	1.0
DCUN1D3	NA	915	1	0	0	0	0	0	1	0	1.0	0.0	0.0	1.0
DEF8	NA	1539	1	0	0	0	0	0	1	0	1.0	0.0	0.0	1.0
DNAH3	NA	12351	2	0	1	0	0	0	1	0	1.0	0.0	0.0	1.0
EARS2	NA	1572	0	1	0	0	0	0	0	0	1.0	0.0	0.0	1.0
ERCC4	NA	2751	1	0	0	0	0	0	1	0	1.0	0.0	0.0	1.0
FAM192A	NA	765	1	0	0	0	0	0	1	0	1.0	0.0	0.0	1.0
FANCA	NA	4368	0	1	0	0	0	0	0	0	1.0	0.0	0.0	1.0
GALNS	NA	1569	2	0	0	0	0	0	2	0	1.0	0.0	1.0	1.0
HPR	NA	1047	1	0	0	0	0	0	1	0	1.0	0.0	0.0	1.0
HSD11B2	NA	1218	1	0	0	0	0	0	1	0	1.0	0.0	0.0	1.0
IFT140	NA	4389	0	2	0	0	0	0	0	0	1.0	0.0	0.0	1.0
IRX6	NA	1341	0	1	0	0	0	0	0	0	1.0	0.0	0.0	1.0
ITGAM	NA	3462	1	0	0	0	0	0	1	0	1.0	0.0	0.0	1.0
ITGAX	NA	3492	1	0	0	0	0	0	1	0	1.0	0.0	0.0	1.0
ITPRIPL2	NA	1608	0	1	0	0	0	0	0	0	1.0	0.0	0.0	1.0
KIAA0430	NA	5229	0	1	0	0	0	0	0	0	1.0	0.0	0.0	1.0
MON1B	NA	1644	0	1	0	0	0	0	0	0	1.0	0.0	0.0	1.0
MSLN	NA	1893	0	1	0	0	0	0	0	0	1.0	0.0	0.0	1.0
MSRB1	NA	351	1	0	0	0	0	0	1	0	1.0	0.0	0.0	1.0
NDE1	NA	1008	0	1	0	0	0	0	0	0	1.0	0.0	0.0	1.0
NECAB2	NA	1161	1	0	0	0	0	0	1	0	1.0	0.0	0.0	1.0
NLRC5	NA	5601	1	0	0	0	0	0	1	0	1.0	0.0	0.0	1.0
NTHL1	NA	939	0	1	0	0	0	0	0	0	1.0	0.0	0.0	1.0
OTOA	NA	3420	1	0	0	0	1	0	0	0	1.0	0.0	0.0	1.0
PDPR	NA	2640	0	1	0	0	0	0	0	0	1.0	0.0	0.0	1.0
PKD1	NA	12912	0	1	0	0	0	0	0	0	1.0	0.0	0.0	1.0
PPL	NA	5271	1	1	0	0	0	0	1	0	1.0	0.0	0.0	1.0
PRKCB	NA	2022	1	0	0	0	0	0	1	0	1.0	0.0	0.0	1.0
RNF40	NA	3006	1	0	0	0	0	0	1	0	1.0	0.0	0.0	1.0
SETD1A	NA	5124	1	0	0	0	0	0	1	0	1.0	0.0	0.0	1.0
SETD6	NA	1422	1	0	0	0	0	0	1	0	1.0	0.0	0.0	1.0
SLC6A2	NA	1887	0	1	0	0	0	0	0	0	1.0	0.0	0.0	1.0
SLC9A5	NA	2691	1	0	0	0	0	0	1	0	1.0	0.0	0.0	1.0
SRCAP	NA	9693	1	0	0	0	0	0	1	0	1.0	0.0	0.0	1.0
SULT1A2	NA	888	0	1	0	0	0	0	0	0	1.0	0.0	0.0	1.0
SYT17	NA	1425	0	1	0	0	0	0	0	0	1.0	0.0	0.0	1.0
TBL3	NA	2427	1	0	0	0	0	0	1	0	1.0	0.0	0.0	1.0
TBX6	NA	1311	1	0	0	0	0	0	1	0	1.0	0.0	0.0	1.0
TPSAB1	NA	828	0	1	0	0	0	0	0	0	1.0	0.0	0.0	1.0
TPSD1	NA	729	1	1	0	0	0	0	1	0	1.0	0.0	0.0	1.0
TRAF7	NA	2013	1	0	0	0	0	0	1	0	1.0	0.0	0.0	1.0
TSC2	NA	5424	1	0	0	0	0	0	1	0	1.0	0.0	0.0	1.0
UMOD	NA	1923	1	0	0	0	0	0	1	0	1.0	0.0	0.0	1.0
UQCRC2	NA	1362	1	0	0	0	0	0	1	0	1.0	0.0	0.0	1.0
USP10	NA	2409	0	1	0	0	0	0	0	0	1.0	0.0	0.0	1.0
WFDC1	NA	663	1	0	0	0	0	0	1	0	1.0	0.0	0.0	1.0
XYLT1	NA	2880	1	0	0	0	0	0	1	0	1.0	0.0	0.0	1.0
ZFHX3	NA	11112	0	1	0	0	0	0	0	0	1.0	0.0	0.0	1.0
ZNF263	NA	2052	0	1	0	0	0	0	0	0	1.0	0.0	0.0	1.0
ZNF319	NA	1749	1	1	0	0	0	0	1	0	1.0	0.0	0.0	1.0
ZNF423	NA	3855	0	1	0	0	0	0	0	0	1.0	0.0	0.0	1.0
ZNF629	NA	2610	1	0	0	0	0	0	1	0	1.0	0.0	0.0	1.0
ZNF646	NA	5499	1	0	0	0	0	0	1	0	1.0	0.0	0.0	1.0
ZNF785	NA	1218	1	0	1	0	0	0	0	0	1.0	0.0	0.0	1.0
ABCA2	NA	7401	1	1	1	0	0	0	0	0	1.0	0.0	0.0	1.0
ABL1	NA	3450	1	0	0	0	0	0	1	0	1.0	0.0	0.0	1.0
ANAPC2	NA	2469	1	0	0	0	0	0	1	0	1.0	0.0	0.0	1.0
ANGPTL2	NA	1482	0	1	0	0	0	0	0	0	1.0	0.0	0.0	1.0
BNC2	NA	3300	1	0	0	0	0	0	1	0	1.0	0.0	0.0	1.0
C9orf131	NA	3240	0	1	0	0	0	0	0	0	1.0	0.0	0.0	1.0
C9orf43	NA	1386	1	0	0	0	0	0	1	0	1.0	0.0	0.0	1.0
C9orf64	NA	1026	0	1	0	0	0	0	0	0	1.0	0.0	0.0	1.0
CACNA1B	NA	7020	1	0	0	0	0	0	1	0	1.0	0.0	0.0	1.0
CCL27	NA	339	1	0	0	1	0	0	0	0	1.0	0.0	0.0	1.0
COL5A1	NA	5517	1	0	0	0	0	0	1	0	1.0	0.0	0.0	1.0
BRINP1	NA	2286	1	0	0	0	0	0	1	0	1.0	0.0	0.0	1.0
DOCK8	NA	6300	1	0	0	0	0	0	1	0	1.0	0.0	0.0	1.0
DOLPP1	NA	717	1	0	0	0	0	0	1	0	1.0	0.0	0.0	1.0
FAM154A	NA	1425	1	0	0	0	0	0	1	0	1.0	0.0	0.0	1.0
FKTN	NA	1386	1	0	0	0	0	0	1	0	1.0	0.0	0.0	1.0
FPGS	NA	1764	1	0	0	0	0	0	1	0	1.0	0.0	0.0	1.0
FXN	NA	633	1	0	0	0	1	0	0	0	1.0	0.0	0.0	1.0
GOLGA2	NA	3009	1	0	0	0	0	0	1	0	1.0	0.0	0.0	1.0
GPSM1	NA	2028	1	0	0	0	0	0	1	0	1.0	0.0	0.0	1.0
GRIN3A	NA	3348	1	0	0	0	0	0	1	0	1.0	0.0	0.0	1.0
GSN	NA	2349	1	0	0	0	0	0	1	0	1.0	0.0	0.0	1.0
GTF3C4	NA	2469	0	1	0	0	0	0	0	0	1.0	0.0	0.0	1.0
GTF3C5	NA	1581	0	1	0	0	0	0	0	0	1.0	0.0	0.0	1.0
ISCA1	NA	390	0	1	0	0	0	0	0	0	1.0	0.0	0.0	1.0
KCNT1	NA	3708	1	0	0	0	0	0	1	0	1.0	0.0	0.0	1.0
LINGO2	NA	1821	1	0	0	0	0	0	1	0	1.0	0.0	0.0	1.0
MAPKAP1	NA	1569	0	1	0	0	0	0	0	0	1.0	0.0	0.0	1.0
MRPL50	NA	477	1	0	1	0	0	0	0	0	1.0	0.0	0.0	1.0
MURC	NA	1095	1	0	0	0	0	0	1	0	1.0	0.0	0.0	1.0
MUSK	NA	2610	1	0	0	0	0	0	1	0	1.0	0.0	0.0	1.0
NEK6	NA	1044	1	0	0	0	0	0	1	0	1.0	0.0	0.0	1.0
NTNG2	NA	1593	0	1	0	0	0	0	0	0	1.0	0.0	0.0	1.0
OR13C2	NA	957	1	0	1	0	0	0	0	0	1.0	0.0	0.0	1.0
PCSK5	NA	5583	1	0	0	0	0	0	1	0	1.0	0.0	0.0	1.0
PIGO	NA	3270	1	0	0	0	0	0	1	0	1.0	0.0	0.0	1.0
PIP5KL1	NA	1185	0	1	0	0	0	0	0	0	1.0	0.0	0.0	1.0
PLIN2	NA	1314	1	0	0	0	0	0	1	0	1.0	0.0	0.0	1.0
PNPLA7	NA	4029	1	0	0	0	0	0	1	0	1.0	0.0	0.0	1.0
PRRC2B	NA	6690	0	1	0	0	0	0	0	0	1.0	0.0	0.0	1.0
PRUNE2	NA	9267	0	1	0	0	0	0	0	0	1.0	0.0	0.0	1.0
PTPRD	NA	5739	0	1	0	0	0	0	0	0	1.0	0.0	0.0	1.0
RABEPK	NA	1119	1	0	0	0	0	0	1	0	1.0	0.0	0.0	1.0
RABL6	NA	2193	0	1	0	0	0	0	0	0	1.0	0.0	0.0	1.0
RAD23B	NA	1230	1	0	0	0	0	0	1	0	1.0	0.0	0.0	1.0
RAPGEF1	NA	3288	1	0	0	0	0	0	1	0	1.0	0.0	0.0	1.0
RC3H2	NA	3576	1	0	0	0	0	0	1	0	1.0	0.0	0.0	1.0
RGS3	NA	3597	1	0	0	0	0	0	1	0	1.0	0.0	0.0	1.0
RNF208	NA	786	1	0	0	0	0	0	1	0	1.0	0.0	0.0	1.0
SARDH	NA	2757	1	0	0	0	1	0	0	0	1.0	0.0	0.0	1.0
SHC3	NA	1785	1	0	0	0	0	0	1	0	1.0	0.0	0.0	1.0
SLC2A8	NA	1434	1	0	0	0	0	0	1	0	1.0	0.0	0.0	1.0
SMARCA2	NA	4773	0	1	0	0	0	0	0	0	1.0	0.0	0.0	1.0
SPATA31D1	NA	4731	1	0	0	0	0	0	1	0	1.0	0.0	0.0	1.0
SPATA31E1	NA	4338	1	1	0	0	0	0	1	0	1.0	0.0	0.0	1.0
SPTAN1	NA	7434	1	0	0	0	0	0	1	0	1.0	0.0	0.0	1.0
SURF4	NA	810	0	1	0	0	0	0	0	0	1.0	0.0	0.0	1.0
SWI5	NA	708	2	0	0	0	0	0	2	0	1.0	0.0	0.0	1.0
TBC1D13	NA	1203	1	0	0	0	0	0	1	0	1.0	0.0	0.0	1.0
TEX10	NA	2790	0	1	0	0	0	0	0	0	1.0	0.0	0.0	1.0
TLE1	NA	2313	1	0	0	0	0	1	0	0	1.0	0.0	0.0	1.0
TMEM2	NA	4152	1	0	0	0	0	0	1	0	1.0	0.0	0.0	1.0
TNC	NA	6606	1	0	0	0	0	0	1	0	1.0	0.0	0.0	1.0
TYRP1	NA	1614	1	0	0	0	0	0	1	0	1.0	0.0	0.0	1.0
UNC13B	NA	4776	1	0	1	0	0	0	0	0	1.0	0.0	0.0	1.0
ZBTB34	NA	1503	3	0	1	0	0	0	2	0	1.0	0.0	0.0	1.0
ZCCHC6	NA	4488	1	0	0	0	0	0	1	0	1.0	0.0	0.0	1.0
ZNF618	NA	2586	1	0	0	0	0	0	1	0	1.0	0.0	0.0	1.0
AFF2	NA	3936	1	0	0	0	0	0	1	0	1.0	0.0	0.0	1.0
AIFM1	NA	1842	1	0	0	0	0	0	1	0	1.0	0.0	0.0	1.0
ARHGAP36	NA	1644	0	1	0	0	0	0	0	0	1.0	0.0	0.0	1.0
ARHGAP4	NA	2961	1	0	0	0	0	0	1	0	1.0	0.0	0.0	1.0
ATP11C	NA	3399	0	1	0	0	0	0	0	0	1.0	0.0	0.0	1.0
ATXN3L	NA	1068	1	0	0	0	0	0	1	0	1.0	0.0	0.0	1.0
BCORL1	NA	5136	1	0	0	0	0	0	1	0	1.0	0.0	0.0	1.0
BRS3	NA	1200	1	0	0	0	0	0	1	0	1.0	0.0	0.0	1.0
CCDC22	NA	1884	0	1	0	0	0	0	0	0	1.0	0.0	0.0	1.0
CXorf22	NA	2931	1	0	0	0	0	0	1	0	1.0	0.0	0.0	1.0
CXorf23	NA	2049	1	0	1	0	0	0	0	0	1.0	0.0	0.0	1.0
CXorf66	NA	1086	0	1	0	0	0	0	0	0	1.0	0.0	0.0	1.0
DCAF12L2	NA	1392	1	0	0	0	0	0	1	0	1.0	0.0	0.0	1.0
DUSP21	NA	573	0	1	0	0	0	0	0	0	1.0	0.0	0.0	1.0
DUSP9	NA	1155	1	0	0	0	0	0	1	0	1.0	0.0	0.0	1.0
EIF2S3	NA	1419	1	0	0	0	0	0	1	0	1.0	0.0	0.0	1.0
ENOX2	NA	1833	1	0	0	0	0	0	1	0	1.0	0.0	0.0	1.0
F8	NA	7056	1	0	0	0	1	0	0	0	1.0	0.0	0.0	1.0
FAM199X	NA	1167	1	0	0	0	0	0	1	0	1.0	0.0	0.0	1.0
FAM47C	NA	3108	1	1	0	0	0	0	1	0	1.0	0.0	0.0	1.0
FLNA	NA	7944	1	0	0	0	0	0	1	0	1.0	0.0	0.0	1.0
FMR1	NA	1899	1	0	0	0	0	0	1	0	1.0	0.0	0.0	1.0
GATA1	NA	1242	1	0	0	0	0	0	1	0	1.0	0.0	0.0	1.0
GRPR	NA	1155	1	0	0	0	0	0	1	0	1.0	0.0	0.0	1.0
H2BFM	NA	465	2	0	0	0	0	0	2	0	1.0	0.0	0.0	1.0
HDX	NA	2073	0	1	0	0	0	0	0	0	1.0	0.0	0.0	1.0
HUWE1	NA	13125	1	0	0	0	0	0	1	0	1.0	0.0	0.0	1.0
IGSF1	NA	4026	1	0	0	0	0	0	1	0	1.0	0.0	0.0	1.0
IL13RA1	NA	1284	1	0	0	0	0	0	1	0	1.0	0.0	0.0	1.0
KIF4A	NA	3699	1	0	0	0	0	0	1	0	1.0	0.0	0.0	1.0
KLHL34	NA	1935	1	0	0	0	0	0	1	0	1.0	0.0	0.0	1.0
MAGED2	NA	1821	0	1	0	0	0	0	0	0	1.0	0.0	0.0	1.0
MAMLD1	NA	2997	0	1	0	0	0	0	0	0	1.0	0.0	0.0	1.0
MECP2	NA	1497	1	0	0	0	0	0	1	0	1.0	0.0	0.0	1.0
MTM1	NA	1812	1	0	0	0	0	0	1	0	1.0	0.0	0.0	1.0
NHSL2	NA	3678	0	1	0	0	0	0	0	0	1.0	0.0	0.0	1.0
NLGN4X	NA	2451	1	0	0	0	0	0	1	0	1.0	0.0	0.0	1.0
PCDH11X	NA	4044	0	1	0	0	0	0	0	0	1.0	0.0	0.0	1.0
PHF8	NA	3183	0	1	0	0	0	0	0	0	1.0	0.0	0.0	1.0
PJA1	NA	1932	1	0	0	0	0	0	1	0	1.0	0.0	0.0	1.0
PLXNB3	NA	5799	1	0	0	0	0	0	1	0	1.0	0.0	0.0	1.0
PNMA5	NA	1347	1	0	0	0	0	0	1	0	1.0	0.0	0.0	1.0
PRRG1	NA	657	0	1	0	0	0	0	0	0	1.0	0.0	0.0	1.0
RBM10	NA	2988	1	0	0	0	1	0	0	0	1.0	0.0	0.0	1.0
RGAG1	NA	4167	1	0	0	0	0	0	1	0	1.0	0.0	0.0	1.0
SHROOM2	NA	4851	1	0	0	0	0	0	1	0	1.0	0.0	0.0	1.0
SSX3	NA	567	1	0	0	0	0	0	1	0	1.0	0.0	0.0	1.0
TBC1D25	NA	2067	0	1	0	0	0	0	0	0	1.0	0.0	0.0	1.0
TEX11	NA	2823	1	0	1	0	0	0	0	0	1.0	0.0	0.0	1.0
TEX13A	NA	1230	0	1	0	0	0	0	0	0	1.0	0.0	0.0	1.0
THOC2	NA	4782	1	0	0	0	0	0	1	0	1.0	0.0	0.0	1.0
TKTL1	NA	1791	1	0	0	0	0	0	1	0	1.0	0.0	0.0	1.0
TMEM27	NA	669	0	1	0	0	0	0	0	0	1.0	0.0	0.0	1.0
TMEM31	NA	507	1	0	0	0	0	0	1	0	1.0	0.0	0.0	1.0
USP27X	NA	1317	1	0	0	0	0	0	1	0	1.0	0.0	0.0	1.0
ZNF280C	NA	2214	1	0	0	0	0	0	1	0	1.0	0.0	0.0	1.0
ARID5B	NA	3567	1	0	0	0	0	0	1	0	1.0	0.0	0.0	1.0
BAG3	NA	1728	1	0	0	0	0	0	1	0	1.0	0.0	0.0	1.0
BTBD16	NA	1521	0	1	0	0	0	0	0	0	1.0	0.0	0.0	1.0
C10orf120	NA	1008	2	0	1	0	0	0	1	0	1.0	0.0	0.0	1.0
CALHM1	NA	1041	1	0	0	0	0	0	1	0	1.0	0.0	0.0	1.0
COX15	NA	1233	1	0	0	0	0	0	1	0	1.0	0.0	0.0	1.0
CUBN	NA	10872	1	0	0	0	0	0	1	0	1.0	0.0	0.0	1.0
CYP2E1	NA	1482	1	1	0	0	0	0	1	0	1.0	0.0	0.0	1.0
DDX50	NA	2214	1	0	0	0	0	0	1	0	1.0	0.0	0.0	1.0
DNMBP	NA	4734	1	0	1	0	0	0	0	0	1.0	0.0	0.0	1.0
DOCK1	NA	5598	0	1	0	0	0	0	0	0	1.0	0.0	0.0	1.0
GDI2	NA	1338	1	0	0	0	0	0	1	0	1.0	0.0	0.0	1.0
GPR158	NA	3648	0	1	0	0	0	0	0	0	1.0	0.0	0.0	1.0
HNRNPF	NA	1248	1	0	0	0	0	0	1	0	1.0	0.0	0.0	1.0
HPS1	NA	2103	1	0	0	0	0	0	1	0	1.0	0.0	0.0	1.0
IL2RA	NA	819	0	1	0	0	0	0	0	0	1.0	0.0	0.0	1.0
ITGB1	NA	2406	1	0	0	0	0	0	1	0	1.0	0.0	0.0	1.0
KIAA1462	NA	4080	1	0	0	0	0	0	1	0	1.0	0.0	0.0	1.0
KIF5B	NA	2892	1	0	0	0	0	0	1	0	1.0	0.0	0.0	1.0
KNDC1	NA	5250	1	0	0	0	0	0	1	0	1.0	0.0	0.0	1.0
LCOR	NA	1302	0	1	0	0	0	0	0	0	1.0	0.0	0.0	1.0
MASTL	NA	2640	1	0	0	0	0	0	1	0	1.0	0.0	0.0	1.0
MKI67	NA	9771	1	0	0	0	0	0	1	0	1.0	0.0	0.0	1.0
MYOF	NA	6186	0	1	0	0	0	0	0	0	1.0	0.0	0.0	1.0
MYPN	NA	3963	1	0	0	0	0	0	1	0	1.0	0.0	0.0	1.0
NEBL	NA	3045	0	1	0	0	0	0	0	0	1.0	0.0	0.0	1.0
NEURL1	NA	1725	1	0	0	0	0	0	1	0	1.0	0.0	0.0	1.0
NOC3L	NA	2403	1	0	0	0	0	0	1	0	1.0	0.0	0.0	1.0
NRAP	NA	5196	1	0	0	0	0	0	1	0	1.0	0.0	0.0	1.0
PALD1	NA	2571	1	0	0	0	0	0	1	0	1.0	0.0	0.0	1.0
PANK1	NA	1797	0	1	0	0	0	0	0	0	1.0	0.0	0.0	1.0
PLEKHA1	NA	1215	1	0	1	0	0	0	0	0	1.0	0.0	0.0	1.0
PPRC1	NA	4995	1	0	0	0	0	0	1	0	1.0	0.0	0.0	1.0
PTPRE	NA	2103	0	1	0	0	0	0	0	0	1.0	0.0	0.0	1.0
RASSF4	NA	966	0	1	0	0	0	0	0	0	1.0	0.0	0.0	1.0
RSU1	NA	834	1	0	0	0	0	0	1	0	1.0	0.0	0.0	1.0
SEC24C	NA	3285	0	1	0	0	0	0	0	0	1.0	0.0	0.0	1.0
SEMA4G	NA	2532	1	0	0	0	0	0	1	0	1.0	0.0	0.0	1.0
SLIT1	NA	4605	1	0	0	0	0	0	1	0	1.0	0.0	0.0	1.0
SLK	NA	3708	1	0	0	0	0	0	1	0	1.0	0.0	0.0	1.0
SVIL	NA	6645	0	1	0	0	0	0	0	0	1.0	0.0	0.0	1.0
TET1	NA	6411	1	0	0	0	0	0	1	0	1.0	0.0	0.0	1.0
TSPAN14	NA	813	1	0	0	0	0	0	1	0	1.0	0.0	0.0	1.0
UCN3	NA	486	0	1	0	0	0	0	0	0	1.0	0.0	0.0	1.0
USP54	NA	5055	1	0	0	0	0	0	1	0	1.0	0.0	0.0	1.0
WDR37	NA	1485	1	0	0	0	0	0	1	0	1.0	0.0	0.0	1.0
ZCCHC24	NA	726	1	0	0	0	0	0	1	0	1.0	0.0	0.0	1.0
ABCE1	NA	1800	1	0	0	0	0	0	1	0	1.0	0.0	0.0	1.0
ANK2	NA	11874	1	1	1	0	0	0	0	0	1.0	0.0	0.0	1.0
ANKRD17	NA	7812	1	0	0	0	0	0	1	0	1.0	0.0	0.0	1.0
ANTXR2	NA	1470	1	0	0	0	0	0	1	0	1.0	0.0	0.0	1.0
BOD1L1	NA	9156	0	1	0	0	0	0	0	0	1.0	0.0	0.0	1.0
CBR4	NA	714	1	0	0	0	0	0	1	0	1.0	0.0	0.0	1.0
CCKAR	NA	1287	1	0	0	0	0	0	1	0	1.0	0.0	0.0	1.0
COL25A1	NA	1965	1	0	0	0	0	0	1	0	1.0	0.0	0.0	1.0
CPZ	NA	1959	1	0	0	0	0	0	1	0	1.0	0.0	0.0	1.0
CXCL5	NA	345	1	0	0	0	0	0	1	0	1.0	0.0	0.0	1.0
DCHS2	NA	8751	0	2	0	0	0	0	0	0	1.0	0.0	0.0	1.0
DCUN1D4	NA	879	1	0	0	0	0	0	1	0	1.0	0.0	0.0	1.0
ENPP6	NA	1323	1	0	0	0	0	0	1	0	1.0	0.0	0.0	1.0
F11	NA	1878	1	0	0	0	0	0	1	0	1.0	0.0	0.0	1.0
FAM13A	NA	3072	1	0	0	0	0	0	1	0	1.0	0.0	0.0	1.0
FAM198B	NA	1584	0	1	0	0	0	0	0	0	1.0	0.0	0.0	1.0
FAT1	NA	13767	0	1	0	0	0	0	0	0	1.0	1.0	0.0	1.0
FAT4	NA	14946	2	1	0	0	0	0	2	0	1.0	0.0	0.0	1.0
FBXL5	NA	2076	1	0	0	0	0	0	1	0	1.0	0.0	0.0	1.0
FGA	NA	2601	1	0	0	0	0	0	1	0	1.0	0.0	0.0	1.0
FGB	NA	1476	2	0	0	0	0	0	2	0	1.0	0.0	0.0	1.0
FRAS1	NA	12039	0	1	0	0	0	0	0	0	1.0	0.0	0.0	1.0
FRYL	NA	9042	1	0	0	0	1	0	0	0	1.0	0.0	0.0	1.0
GALNT7	NA	1974	1	0	0	0	0	0	1	0	1.0	0.0	0.0	1.0
GK2	NA	1662	1	0	0	0	0	0	1	0	1.0	0.0	0.0	1.0
GRID2	NA	3024	0	1	0	0	0	0	0	0	1.0	0.0	0.0	1.0
GUCY1A3	NA	2073	1	0	0	0	0	0	1	0	1.0	0.0	0.0	1.0
HERC5	NA	3075	0	1	0	0	0	0	0	0	1.0	0.0	0.0	1.0
HMGB2	NA	630	0	1	0	0	0	0	0	0	1.0	0.0	0.0	1.0
HS3ST1	NA	924	0	1	0	0	0	0	0	0	1.0	0.0	0.0	1.0
HTT	NA	9429	0	1	0	0	0	0	0	0	1.0	0.0	0.0	1.0
KCTD8	NA	1422	0	1	0	0	0	0	0	0	1.0	0.0	0.0	1.0
KIAA1109	NA	15018	2	0	0	0	0	0	2	0	1.0	0.0	0.0	1.0
KIAA1211	NA	3702	2	1	0	0	0	0	2	0	1.0	0.0	0.0	1.0
LRRC66	NA	2643	0	1	0	0	0	0	0	0	1.0	0.0	0.0	1.0
NDST4	NA	2619	1	0	0	0	0	0	1	0	1.0	0.0	0.0	1.0
NOP14	NA	2574	0	1	0	0	0	0	0	0	1.0	0.0	0.0	1.0
NPY1R	NA	1155	1	0	0	0	0	0	1	0	1.0	0.0	0.0	1.0
PDHA2	NA	1167	1	0	0	0	0	0	1	0	1.0	0.0	0.0	1.0
PDS5A	NA	4014	1	0	0	0	0	0	1	0	1.0	0.0	0.0	1.0
PKD2	NA	2907	1	0	1	0	0	0	0	0	1.0	0.0	0.0	1.0
PLK4	NA	2913	1	0	0	0	0	0	1	0	1.0	0.0	0.0	1.0
PPAT	NA	1554	1	0	0	0	0	0	1	0	1.0	0.0	0.0	1.0
PPM1K	NA	1119	1	0	0	0	0	0	1	0	1.0	0.0	0.0	1.0
PRDM8	NA	2070	1	0	0	0	0	0	1	0	1.0	0.0	0.0	1.0
PTPN13	NA	7473	1	0	0	0	0	0	1	0	1.0	0.0	0.0	1.0
PTTG2	NA	576	1	0	0	0	0	0	1	0	1.0	0.0	0.0	1.0
RASGEF1B	NA	1422	1	0	0	0	0	0	1	0	1.0	0.0	0.0	1.0
RUFY3	NA	1863	1	0	0	0	0	0	1	0	1.0	0.0	0.0	1.0
SCD5	NA	993	1	0	0	0	0	0	1	0	1.0	0.0	0.0	1.0
SHROOM3	NA	5991	1	0	0	0	0	0	1	0	1.0	0.0	0.0	1.0
SLAIN2	NA	1746	1	0	0	0	0	0	1	0	1.0	0.0	0.0	1.0
SLC26A1	NA	2106	0	1	0	0	0	0	0	0	1.0	0.0	0.0	1.0
SLIT2	NA	4590	1	0	0	0	0	0	1	0	1.0	0.0	0.0	1.0
SNX25	NA	2523	2	0	0	0	0	0	2	0	1.0	0.0	0.0	1.0
SPOCK3	NA	1311	1	0	0	0	0	0	1	0	1.0	0.0	0.0	1.0
SYNPO2	NA	3786	0	1	0	0	0	0	0	0	1.0	0.0	0.0	1.0
TACC3	NA	2517	1	1	0	0	0	0	1	0	1.0	0.0	0.0	1.0
TENM3	NA	8100	1	0	0	0	0	0	1	0	1.0	0.0	0.0	1.0
UCP1	NA	924	0	1	0	0	0	0	0	0	1.0	0.0	0.0	1.0
UGT2B7	NA	1590	1	0	1	0	0	0	0	0	1.0	0.0	0.0	1.0
UVSSA	NA	2130	1	0	0	0	0	0	1	0	1.0	0.0	0.0	1.0
YTHDC1	NA	2184	1	0	0	0	0	0	1	0	1.0	0.0	0.0	1.0
ZBTB49	NA	2298	0	1	0	0	0	0	0	0	1.0	0.0	0.0	1.0
AARD	NA	468	0	1	0	0	0	0	0	0	1.0	0.0	0.0	1.0
ADCK5	NA	1743	1	0	0	0	0	0	1	0	1.0	0.0	0.0	1.0
AP3M2	NA	1257	1	0	0	0	0	0	1	0	1.0	0.0	0.0	1.0
ATP6V1B2	NA	1536	1	0	0	0	0	0	1	0	1.0	0.0	0.0	1.0
BAI1	NA	4755	2	0	0	0	0	0	2	0	1.0	0.0	0.0	1.0
BRF2	NA	1260	1	0	0	0	0	0	1	0	1.0	0.0	0.0	1.0
C8orf48	NA	960	1	0	0	0	0	0	1	0	1.0	0.0	0.0	1.0
CDCA2	NA	3072	0	1	0	0	0	0	0	0	1.0	0.0	0.0	1.0
CHD7	NA	8994	1	0	0	0	0	0	1	0	1.0	0.0	0.0	1.0
CSGALNACT1	NA	1599	0	1	0	0	0	0	0	0	1.0	0.0	0.0	1.0
CSMD3	NA	11124	1	0	0	0	1	0	0	0	1.0	0.0	0.0	1.0
DECR1	NA	1008	1	0	0	0	0	0	1	0	1.0	0.0	0.0	1.0
DENND3	NA	3597	1	0	0	0	0	0	1	0	1.0	0.0	0.0	1.0
DPYSL2	NA	2034	0	1	0	0	0	0	0	0	1.0	0.0	0.0	1.0
EEF1D	NA	1944	1	0	0	0	0	0	1	0	1.0	0.0	0.0	1.0
ENPP2	NA	2748	2	0	1	0	0	0	1	0	1.0	0.0	0.0	1.0
DMTN	NA	1218	0	1	0	0	0	0	0	0	1.0	0.0	0.0	1.0
EPPK1	NA	7263	1	0	0	0	0	0	1	0	1.0	0.0	0.0	1.0
EYA1	NA	1779	1	1	0	0	0	0	1	0	1.0	0.0	0.0	1.0
FAM86B2	NA	993	0	1	0	0	0	0	0	0	1.0	0.0	0.0	1.0
GEM	NA	891	1	0	0	0	0	0	1	0	1.0	0.0	0.0	1.0
GGH	NA	957	1	0	0	0	0	0	1	0	1.0	0.0	0.0	1.0
GPAA1	NA	1866	1	1	0	0	0	0	1	0	1.0	0.0	0.0	1.0
GTF2E2	NA	876	1	0	1	0	0	0	0	0	1.0	0.0	0.0	1.0
HGSNAT	NA	1908	1	0	0	0	0	0	1	0	1.0	0.0	0.0	1.0
HOOK3	NA	2157	1	0	0	0	0	0	1	0	1.0	0.0	0.0	1.0
HR	NA	3570	1	0	0	0	0	0	1	0	1.0	0.0	0.0	1.0
IKBKB	NA	2271	1	0	0	0	0	0	1	0	1.0	0.0	0.0	1.0
IMPA1	NA	1011	1	0	1	0	0	0	0	0	1.0	0.0	0.0	1.0
KCNS2	NA	1434	0	1	0	0	0	0	0	0	1.0	0.0	0.0	1.0
KIAA1429	NA	5439	2	0	1	0	0	0	1	0	1.0	0.0	0.0	1.0
LGI3	NA	1647	1	0	0	0	0	0	1	0	1.0	0.0	0.0	1.0
LOXL2	NA	2325	2	0	0	0	0	0	2	0	1.0	0.0	0.0	1.0
LRRC14	NA	1482	1	0	0	0	0	0	1	0	1.0	0.0	0.0	1.0
LRRC24	NA	1542	1	0	0	0	0	0	1	0	1.0	0.0	0.0	1.0
LRRC6	NA	1401	1	0	0	0	0	0	1	0	1.0	0.0	0.0	1.0
LZTS1	NA	1791	1	0	0	0	0	0	1	0	1.0	0.0	0.0	1.0
MAPK15	NA	1635	1	0	0	0	0	0	1	0	1.0	0.0	0.0	1.0
MATN2	NA	2871	1	0	0	0	0	0	1	0	1.0	0.0	0.0	1.0
MTUS1	NA	3813	1	0	0	0	0	0	1	0	1.0	0.0	0.0	1.0
MYOM2	NA	4398	1	0	0	0	0	0	1	0	1.0	0.0	0.0	1.0
NCALD	NA	582	0	1	0	0	0	0	0	0	1.0	0.0	0.0	1.0
NSMAF	NA	2847	1	0	0	0	0	0	1	0	1.0	0.0	0.0	1.0
OPRK1	NA	1143	1	0	0	0	0	0	1	0	1.0	0.0	0.0	1.0
PBK	NA	969	1	0	0	0	0	0	1	0	1.0	0.0	0.0	1.0
PDP1	NA	1689	1	0	0	0	0	0	1	0	1.0	0.0	0.0	1.0
PLEC	NA	14055	0	1	0	0	0	0	0	0	1.0	0.0	0.0	1.0
R3HCC1	NA	762	1	0	0	0	0	0	1	0	1.0	0.0	0.0	1.0
RPL8	NA	774	1	0	0	0	0	0	1	0	1.0	0.0	0.0	1.0
SCRIB	NA	4968	0	1	0	0	0	0	0	0	1.0	0.0	0.0	1.0
SLC20A2	NA	1959	1	1	0	0	0	0	1	0	1.0	0.0	0.0	1.0
SLC26A7	NA	1992	1	0	0	0	0	0	1	0	1.0	0.0	0.0	1.0
SLC45A4	NA	2397	1	0	0	0	0	0	1	0	1.0	0.0	0.0	1.0
SPATC1	NA	1776	1	0	0	0	0	0	1	0	1.0	0.0	0.0	1.0
ST3GAL1	NA	1023	1	0	0	0	0	0	1	0	1.0	0.0	0.0	1.0
SYBU	NA	1992	2	0	0	0	0	0	2	0	1.0	0.0	0.0	1.0
TAF2	NA	3600	0	1	0	0	0	0	0	0	1.0	0.0	0.0	1.0
TG	NA	8307	1	0	0	0	0	0	1	0	1.0	0.0	0.0	1.0
TONSL	NA	4137	0	2	0	0	0	0	0	0	1.0	0.0	0.0	1.0
TOX	NA	1581	1	0	1	0	0	0	0	0	1.0	0.0	0.0	1.0
TRAPPC9	NA	3741	1	1	0	0	0	0	1	0	1.0	0.0	0.0	1.0
TRPS1	NA	3885	1	0	0	0	0	0	1	0	1.0	0.0	0.0	1.0
ZFAT	NA	3732	1	0	0	0	0	0	1	0	1.0	0.0	0.0	1.0
ZFHX4	NA	10851	1	0	0	0	0	0	1	0	1.0	0.0	0.0	1.0
ZHX2	NA	2514	0	1	0	0	0	0	0	0	1.0	0.0	0.0	1.0
ADAMTS17	NA	3288	1	0	0	0	0	0	1	0	1.0	0.0	0.0	1.0
AGBL1	NA	3201	2	0	0	0	0	0	2	0	1.0	0.0	0.0	1.0
ALPK3	NA	5724	1	0	0	0	0	0	1	0	1.0	0.0	0.0	1.0
ANP32A	NA	750	1	0	0	0	0	0	1	0	1.0	0.0	0.0	1.0
C15orf39	NA	3144	1	0	0	0	0	0	1	0	1.0	0.0	0.0	1.0
C15orf59	NA	882	0	1	0	0	0	0	0	0	1.0	0.0	0.0	1.0
CASC5	NA	7029	2	0	0	0	0	0	2	0	1.0	0.0	0.0	1.0
CCDC33	NA	2268	1	0	0	0	0	0	1	0	1.0	0.0	0.0	1.0
CD276	NA	1605	1	0	0	0	0	0	1	0	1.0	0.0	0.0	1.0
CEP152	NA	5133	0	1	0	0	0	0	0	0	1.0	0.0	0.0	1.0
CSPG4	NA	6969	0	1	0	0	0	0	0	0	1.0	0.0	0.0	1.0
CYFIP1	NA	3762	1	0	0	0	0	0	1	0	1.0	0.0	0.0	1.0
DUOX2	NA	4647	1	0	0	0	0	0	1	0	1.0	0.0	0.0	1.0
EHD4	NA	1626	0	1	0	0	0	0	0	0	1.0	0.0	0.0	1.0
FAM154B	NA	1197	1	0	0	0	0	0	1	0	1.0	0.0	0.0	1.0
FAM98B	NA	1302	1	0	0	0	0	0	1	0	1.0	0.0	0.0	1.0
FBN1	NA	8616	0	2	0	0	0	0	0	0	1.0	0.0	0.0	1.0
FMN1	NA	3591	1	0	0	0	0	0	1	0	1.0	0.0	0.0	1.0
GLCE	NA	1854	1	0	0	0	0	0	1	0	1.0	0.0	0.0	1.0
HCN4	NA	3612	1	0	0	0	0	0	1	0	1.0	0.0	0.0	1.0
HERC1	NA	14586	1	0	1	0	0	0	0	0	1.0	0.0	0.0	1.0
HERC2	NA	14505	3	0	0	0	0	0	3	0	1.0	0.0	0.0	1.0
HOMER2	NA	1065	1	0	0	0	0	0	1	0	1.0	0.0	0.0	1.0
IGDCC4	NA	3753	1	0	0	0	1	0	0	0	1.0	0.0	0.0	1.0
IGF1R	NA	4104	1	0	0	0	1	0	0	0	1.0	0.0	0.0	1.0
LCMT2	NA	2061	1	0	0	0	0	0	1	0	1.0	0.0	0.0	1.0
LMAN1L	NA	1581	1	0	0	0	0	0	1	0	1.0	0.0	0.0	1.0
LRRK1	NA	6048	1	0	0	0	0	0	1	0	1.0	0.0	0.0	1.0
MAGEL2	NA	3750	1	1	0	0	0	0	1	0	1.0	0.0	0.0	1.0
MAP1A	NA	8412	1	0	0	0	0	0	1	0	1.0	0.0	0.0	1.0
MAPKBP1	NA	4545	1	0	0	0	0	0	1	0	1.0	0.0	0.0	1.0
MEGF11	NA	3135	0	1	0	0	0	0	0	0	1.0	0.0	0.0	1.0
MESDC1	NA	1089	0	1	0	0	0	0	0	0	1.0	0.0	0.0	1.0
MGA	NA	9198	1	1	0	0	0	0	1	0	1.0	0.0	0.0	1.0
MYO5C	NA	5229	0	1	0	0	0	0	0	0	1.0	0.0	0.0	1.0
MYO9A	NA	7647	1	0	0	0	0	0	1	0	1.0	0.0	0.0	1.0
NTRK3	NA	2520	1	0	0	0	0	0	1	0	1.0	0.0	0.0	1.0
PLEKHO2	NA	1473	0	1	0	0	0	0	0	0	1.0	0.0	0.0	1.0
PML	NA	2649	0	1	0	0	0	0	0	0	1.0	0.0	0.0	1.0
RFX7	NA	4383	0	1	0	0	0	0	0	0	1.0	0.0	0.0	1.0
SCAPER	NA	4203	2	0	0	0	0	0	2	0	1.0	0.0	0.0	1.0
SECISBP2L	NA	3306	2	0	0	0	0	0	2	0	1.0	0.0	0.0	1.0
SLC28A1	NA	1950	1	0	0	0	0	0	1	0	1.0	0.0	0.0	1.0
SMAD3	NA	1278	1	0	1	0	0	0	0	0	1.0	0.0	0.0	1.0
SNX33	NA	1725	0	1	0	0	0	0	0	0	1.0	0.0	0.0	1.0
SPATA5L1	NA	2262	1	0	0	0	0	0	1	0	1.0	0.0	0.0	1.0
SPG11	NA	7332	0	1	0	0	0	0	0	0	1.0	0.0	0.0	1.0
SQRDL	NA	1353	1	0	0	0	0	0	1	0	1.0	0.0	0.0	1.0
TGM7	NA	2133	1	0	0	0	0	0	1	0	1.0	0.0	0.0	1.0
TJP1	NA	5247	1	0	0	0	0	0	1	0	1.0	0.0	0.0	1.0
TMC3	NA	3303	2	0	0	0	0	0	2	0	1.0	0.0	0.0	1.0
TRPM7	NA	5598	1	0	0	0	0	0	1	0	1.0	0.0	0.0	1.0
UBAP1L	NA	1146	0	1	0	0	0	0	0	0	1.0	0.0	0.0	1.0
WDR72	NA	3309	1	0	0	0	0	0	1	0	1.0	0.0	0.0	1.0
ZFYVE19	NA	1416	0	1	0	0	0	0	0	0	1.0	0.0	0.0	1.0
ZNF106	NA	5652	1	0	0	0	0	0	1	0	1.0	0.0	0.0	1.0
ZNF592	NA	3804	1	0	0	0	0	0	1	0	1.0	0.0	0.0	1.0
ZNF609	NA	4236	1	0	0	0	0	0	1	0	1.0	0.0	0.0	1.0
BCAS1	NA	1755	1	1	0	0	0	0	1	0	1.0	0.0	0.0	1.0
BMP7	NA	1296	1	0	0	0	0	0	1	0	1.0	0.0	0.0	1.0
C20orf195	NA	957	1	0	0	0	0	0	1	0	1.0	0.0	0.0	1.0
C20orf196	NA	618	1	0	0	0	0	0	1	0	1.0	0.0	0.0	1.0
CEP250	NA	7329	1	0	0	0	0	0	1	0	1.0	0.0	0.0	1.0
CHRNA4	NA	1884	0	1	0	0	0	0	0	0	1.0	0.0	0.0	1.0
COL20A1	NA	3855	1	0	0	0	0	0	1	0	1.0	0.0	0.0	1.0
COX4I2	NA	516	0	1	0	0	0	0	0	0	1.0	0.0	0.0	1.0
CST5	NA	429	1	0	0	0	0	0	1	0	1.0	0.0	0.0	1.0
EDN3	NA	717	1	0	0	0	0	0	1	0	1.0	0.0	0.0	1.0
EFCAB8	NA	1187	1	0	0	0	0	0	1	0	1.0	0.0	0.0	1.0
FAM110A	NA	888	1	0	0	0	0	0	1	0	1.0	0.0	0.0	1.0
FAM209B	NA	516	1	0	1	0	0	0	0	0	1.0	0.0	0.0	1.0
FAM65C	NA	2841	1	0	0	0	0	0	1	0	1.0	0.0	0.0	1.0
FAM83D	NA	1848	1	0	0	0	0	0	1	0	1.0	0.0	0.0	1.0
GDF5	NA	1506	1	0	0	0	0	0	1	0	1.0	0.0	0.0	1.0
HELZ2	NA	7950	1	0	0	0	0	0	1	0	1.0	0.0	0.0	1.0
HRH3	NA	1338	1	0	0	0	0	0	1	0	1.0	0.0	0.0	1.0
JAG1	NA	3657	0	1	0	0	0	0	0	0	1.0	0.0	0.0	1.0
KCNB1	NA	2577	1	0	0	0	0	0	1	0	1.0	0.0	0.0	1.0
KCNQ2	NA	2619	0	1	0	0	0	0	0	0	1.0	0.0	0.0	1.0
KIAA1755	NA	3603	2	0	0	0	0	0	2	0	1.0	0.0	0.0	1.0
LIME1	NA	888	1	0	0	0	0	0	1	0	1.0	0.0	0.0	1.0
LPIN3	NA	2556	1	0	0	0	0	0	1	0	1.0	0.0	0.0	1.0
MACROD2	NA	1278	1	0	0	0	1	0	0	0	1.0	0.0	0.0	1.0
MMP9	NA	2124	0	1	0	0	0	0	0	0	1.0	0.0	0.0	1.0
MRGBP	NA	615	1	0	0	0	0	0	1	0	1.0	0.0	0.0	1.0
NKX2-4	NA	1065	0	1	0	0	0	0	0	0	1.0	0.0	0.0	1.0
NTSR1	NA	1257	0	1	0	0	0	0	0	0	1.0	0.0	0.0	1.0
OVOL2	NA	828	1	0	0	0	0	0	1	0	1.0	0.0	0.0	1.0
PLCB1	NA	3651	1	0	0	0	0	0	1	0	1.0	0.0	0.0	1.0
PLCG1	NA	3876	1	0	0	0	0	0	1	0	1.0	0.0	0.0	1.0
PMEPA1	NA	864	1	0	0	0	0	0	1	0	1.0	0.0	0.0	1.0
PPP1R16B	NA	1704	1	0	0	0	0	0	1	0	1.0	0.0	0.0	1.0
PRNP	NA	762	1	0	0	0	0	0	1	0	1.0	0.0	0.0	1.0
RALGAPA2	NA	5622	1	0	0	0	1	0	0	0	1.0	0.0	0.0	1.0
RBCK1	NA	1533	1	0	0	0	0	0	1	0	1.0	0.0	0.0	1.0
SLA2	NA	786	1	0	0	0	0	0	1	0	1.0	0.0	0.0	1.0
SLC2A10	NA	1626	1	0	1	0	0	0	0	0	1.0	0.0	0.0	1.0
SLC32A1	NA	1578	2	0	0	0	0	0	2	0	1.0	0.0	0.0	1.0
SNRPB	NA	723	1	0	0	0	0	0	1	0	1.0	0.0	0.0	1.0
SOGA1	NA	4986	0	1	0	0	0	0	0	0	1.0	0.0	0.0	1.0
SPATA2	NA	1563	1	0	0	0	0	0	1	0	1.0	0.0	0.0	1.0
SULF2	NA	2613	1	0	0	0	0	0	1	0	1.0	0.0	0.0	1.0
SYNDIG1	NA	777	2	0	0	0	0	0	2	0	1.0	0.0	0.0	1.0
TBC1D20	NA	1212	0	1	0	0	0	0	0	0	1.0	0.0	0.0	1.0
TFAP2C	NA	1353	0	1	0	0	0	0	0	0	1.0	0.0	0.0	1.0
TGM3	NA	2082	0	1	0	0	0	0	0	0	1.0	0.0	0.0	1.0
TMC2	NA	2721	1	0	1	0	0	0	0	0	1.0	0.0	0.0	1.0
TMEM189-UBE2V1	NA	1113	0	1	0	0	0	0	0	0	1.0	0.0	0.0	1.0
UCKL1	NA	1647	0	1	0	0	0	0	0	0	1.0	0.0	0.0	1.0
XKR7	NA	1740	0	1	0	0	0	0	0	0	1.0	0.0	0.0	1.0
ZBP1	NA	1290	0	1	0	0	0	0	0	0	1.0	0.0	0.0	1.0
ZNF133	NA	1962	1	0	0	0	0	0	1	0	1.0	0.0	0.0	1.0
ZNF343	NA	1800	1	0	0	0	0	0	1	0	1.0	0.0	0.0	1.0
ZNF512B	NA	2679	1	0	0	0	0	0	1	0	1.0	0.0	0.0	1.0
ZNF831	NA	5034	0	1	0	0	0	0	0	0	1.0	0.0	0.0	1.0
ADORA2A	NA	1239	2	0	0	0	0	0	2	0	1.0	0.0	0.0	1.0
AIFM3	NA	1818	1	0	0	0	0	0	1	0	1.0	0.0	0.0	1.0
APOBEC3G	NA	1155	1	0	0	0	0	0	1	0	1.0	0.0	0.0	1.0
ARFGAP3	NA	1551	2	0	1	0	0	0	1	0	1.0	0.0	0.0	1.0
ARSA	NA	1530	0	1	0	0	0	0	0	0	1.0	0.0	0.0	1.0
BPIFC	NA	1524	0	1	0	0	0	0	0	0	1.0	0.0	0.0	1.0
BRD1	NA	3177	1	0	0	0	0	0	1	0	1.0	0.0	0.0	1.0
RTCB	NA	1518	1	0	0	0	1	0	0	0	1.0	0.0	0.0	1.0
C22orf29	NA	1095	0	1	0	0	0	0	0	0	1.0	0.0	0.0	1.0
C22orf34	NA	1089	1	0	0	0	0	0	1	0	1.0	0.0	0.0	1.0
CARD10	NA	3099	0	1	0	0	0	0	0	0	1.0	0.0	0.0	1.0
CCT8L2	NA	1674	1	0	0	0	0	0	1	0	1.0	0.0	0.0	1.0
CELSR1	NA	9045	1	0	0	0	0	0	1	0	1.0	0.0	0.0	1.0
CENPM	NA	543	0	1	0	0	0	0	0	0	1.0	0.0	0.0	1.0
CHEK2	NA	1761	1	0	0	0	0	0	1	0	1.0	0.0	0.0	1.0
CLTCL1	NA	4923	1	0	0	0	0	0	1	0	1.0	0.0	0.0	1.0
CSF2RB	NA	2694	1	0	0	0	0	0	1	0	1.0	0.0	0.0	1.0
CYP2D6	NA	1494	1	0	0	0	0	0	1	0	1.0	0.0	0.0	1.0
DNAJB7	NA	930	1	0	0	0	0	0	1	0	1.0	0.0	0.0	1.0
EIF4ENIF1	NA	2958	2	0	0	0	0	0	2	0	1.0	0.0	0.0	1.0
ELFN2	NA	2463	1	0	0	0	0	0	1	0	1.0	0.0	0.0	1.0
GAL3ST1	NA	1272	1	0	0	0	0	0	1	0	1.0	0.0	0.0	1.0
GNAZ	NA	1068	1	0	0	0	0	0	1	0	1.0	0.0	0.0	1.0
IGLC3	NA	320	1	0	0	0	0	0	1	0	1.0	0.0	0.0	1.0
IGLL5	NA	645	1	0	0	0	0	0	1	0	1.0	0.0	0.0	1.0
IGLV11-55	NA	414	0	1	0	0	0	0	0	0	1.0	0.0	0.0	1.0
IGLV3-12	NA	351	0	1	0	0	0	0	0	0	1.0	0.0	0.0	1.0
KDELR3	NA	663	1	0	0	0	0	0	1	0	1.0	0.0	0.0	1.0
KLHDC7B	NA	1785	1	0	0	0	0	0	1	0	1.0	0.0	0.0	1.0
KREMEN1	NA	1479	1	0	0	0	0	0	1	0	1.0	0.0	0.0	1.0
MICALL1	NA	2592	1	0	0	0	0	0	1	0	1.0	0.0	0.0	1.0
MN1	NA	3963	0	1	0	0	0	0	0	0	1.0	0.0	0.0	1.0
MORC2	NA	2913	1	0	0	0	0	0	1	0	1.0	0.0	0.0	1.0
MYH9	NA	5883	1	0	0	0	0	0	1	0	1.0	0.0	0.0	1.0
MYO18B	NA	7704	1	0	0	0	0	0	1	0	1.0	0.0	0.0	1.0
OSBP2	NA	2751	0	1	0	0	0	0	0	0	1.0	0.0	0.0	1.0
PDXP	NA	891	1	0	0	0	0	0	1	0	1.0	0.0	0.0	1.0
PHF5A	NA	333	1	0	0	0	0	0	1	0	1.0	0.0	0.0	1.0
PISD	NA	1128	1	0	0	0	0	0	1	0	1.0	0.0	0.0	1.0
PLA2G6	NA	2421	1	1	0	0	0	0	1	0	1.0	0.0	0.0	1.0
PLXNB2	NA	5517	0	1	0	0	0	0	0	0	1.0	0.0	0.0	1.0
PRODH	NA	1803	1	0	0	0	0	0	1	0	1.0	0.0	0.0	1.0
RBFOX2	NA	1356	1	0	0	0	0	0	1	0	1.0	0.0	0.0	1.0
RBX1	NA	327	1	0	0	0	0	0	1	0	1.0	0.0	0.0	1.0
RIMBP3	NA	4920	0	1	0	0	0	0	0	0	1.0	0.0	0.0	1.0
SEPT5	NA	1110	1	0	0	0	0	0	1	0	1.0	0.0	0.0	1.0
SEZ6L	NA	3075	1	0	0	0	0	0	1	0	1.0	0.0	0.0	1.0
SHANK3	NA	5154	0	1	0	0	0	0	0	0	1.0	0.0	0.0	1.0
SMARCB1	NA	1158	1	0	0	0	0	0	1	0	1.0	0.0	0.0	1.0
SMDT1	NA	324	2	0	0	0	0	0	2	0	1.0	0.0	0.0	1.0
TBC1D22A	NA	1554	1	0	0	0	0	0	1	0	1.0	0.0	0.0	1.0
TCF20	NA	5883	1	0	0	0	0	0	1	0	1.0	0.0	0.0	1.0
TMEM184B	NA	1224	1	0	0	0	0	0	1	0	1.0	0.0	0.0	1.0
TNRC6B	NA	5502	1	0	1	0	0	0	0	0	1.0	0.0	0.0	1.0
TRIOBP	NA	7098	1	0	0	0	0	0	1	0	1.0	0.0	0.0	1.0
TSPO	NA	510	1	0	0	0	0	0	1	0	1.0	0.0	0.0	1.0
TUBGCP6	NA	5460	1	0	0	0	0	0	1	0	1.0	0.0	0.0	1.0
YDJC	NA	972	0	1	0	0	0	0	0	0	1.0	0.0	0.0	1.0
ZBED4	NA	3516	1	0	0	0	0	0	1	0	1.0	0.0	0.0	1.0
ALG11	NA	1479	1	0	0	0	0	0	1	0	1.0	0.0	0.0	1.0
ATP11A	NA	3576	1	0	0	0	0	0	1	0	1.0	0.0	0.0	1.0
DIS3	NA	2877	1	0	0	0	0	0	1	0	1.0	0.0	0.0	1.0
DOCK9	NA	6206	0	1	0	0	0	0	0	0	1.0	0.0	0.0	1.0
HS6ST3	NA	1416	1	0	0	0	0	0	1	0	1.0	0.0	0.0	1.0
MPHOSPH8	NA	2583	2	0	0	0	0	0	2	0	1.0	0.0	0.0	1.0
N4BP2L2	NA	2259	1	0	0	0	0	0	1	0	1.0	0.0	0.0	1.0
NBEA	NA	8841	0	1	0	0	0	0	0	0	1.0	0.0	0.0	1.0
POLR1D	NA	402	1	0	0	0	0	0	1	0	1.0	0.0	0.0	1.0
RASA3	NA	2505	1	0	0	0	0	0	1	0	1.0	0.0	0.0	1.0
SACS	NA	13740	1	0	0	0	0	0	1	0	1.0	0.0	0.0	1.0
SLC7A1	NA	1890	1	0	0	0	0	0	1	0	1.0	0.0	0.0	1.0
SPERT	NA	1347	1	0	0	0	0	0	1	0	1.0	0.0	0.0	1.0
SPG20	NA	2001	0	1	0	0	0	0	0	0	1.0	0.0	0.0	1.0
WBP4	NA	1131	1	0	1	0	0	0	0	0	1.0	0.0	0.0	1.0
ATP9B	NA	3444	2	0	0	0	0	0	2	0	1.0	0.0	0.0	1.0
CTIF	NA	1803	0	1	0	0	0	0	0	0	1.0	0.0	0.0	1.0
DSC3	NA	2691	0	1	0	0	0	0	0	0	1.0	0.0	0.0	1.0
DSG1	NA	3150	1	0	0	0	0	0	1	0	1.0	0.0	0.0	1.0
DSG4	NA	3180	1	0	0	0	0	0	1	0	1.0	0.0	0.0	1.0
GREB1L	NA	5772	0	1	0	0	0	0	0	0	1.0	0.0	0.0	1.0
LAMA3	NA	10002	1	1	0	0	0	0	1	0	1.0	0.0	0.0	1.0
LPIN2	NA	2691	1	0	0	0	0	0	1	0	1.0	0.0	0.0	1.0
NDC80	NA	1929	1	0	0	0	0	0	1	0	1.0	0.0	0.0	1.0
NEDD4L	NA	2928	1	0	0	0	0	0	1	0	1.0	0.0	0.0	1.0
NFATC1	NA	2793	1	0	0	0	0	0	1	0	1.0	0.0	0.0	1.0
ONECUT2	NA	1515	0	1	0	0	0	0	0	0	1.0	0.0	0.0	1.0
PIAS2	NA	1866	1	0	0	0	0	0	1	0	1.0	0.0	0.0	1.0
SERPINB3	NA	1173	1	0	0	0	0	0	1	0	1.0	0.0	0.0	1.0
SIGLEC15	NA	987	1	0	0	0	0	0	1	0	1.0	0.0	0.0	1.0
SMCHD1	NA	6018	1	0	0	0	0	0	1	0	1.0	0.0	0.0	1.0
SYT4	NA	1278	0	1	0	0	0	0	0	0	1.0	0.0	0.0	1.0
TCEB3B	NA	2262	2	0	0	0	0	0	2	0	1.0	0.0	0.0	1.0
THOC1	NA	1974	0	1	0	0	0	0	0	0	1.0	0.0	0.0	1.0
TRAPPC8	NA	4308	0	1	0	0	0	0	0	0	1.0	0.0	0.0	1.0
VAPA	NA	885	0	1	0	0	0	0	0	0	1.0	0.0	0.0	1.0
WDR7	NA	4473	2	0	0	0	0	0	2	0	1.0	0.0	0.0	1.0
ZBTB7C	NA	1860	1	0	0	0	0	0	1	0	1.0	0.0	0.0	1.0
ZCCHC2	NA	3537	1	0	0	0	0	0	1	0	1.0	0.0	0.0	1.0
ADAMTS1	NA	2904	1	0	0	0	0	0	1	0	1.0	0.0	0.0	1.0
DSCAM	NA	6039	1	0	0	0	0	0	1	0	1.0	0.0	0.0	1.0
HUNK	NA	2145	1	0	0	0	0	0	1	0	1.0	0.0	0.0	1.0
IGSF5	NA	1224	1	0	0	0	0	0	1	0	1.0	0.0	0.0	1.0
ITSN1	NA	5166	1	0	0	0	0	0	1	0	1.0	0.0	0.0	1.0
KCNE1	NA	390	0	1	0	0	0	0	0	0	1.0	0.0	0.0	1.0
KRTAP10-12	NA	738	1	0	0	0	0	0	1	0	1.0	0.0	0.0	1.0
KRTAP10-4	NA	1206	1	0	0	0	0	0	1	0	1.0	0.0	0.0	1.0
LTN1	NA	5439	2	0	0	0	0	0	2	0	1.0	0.0	0.0	1.0
PAXBP1	NA	2754	1	0	0	1	0	0	0	0	1.0	0.0	0.0	1.0
TMPRSS15	NA	3060	1	0	1	0	0	0	0	0	1.0	0.0	0.0	1.0
USP16	NA	2472	1	0	0	0	0	0	1	0	1.0	0.0	0.0	1.0
