Gene	ID	gene length	non-silent snv	silent snv	nonsense	lost stop	splice site	lost start	missense	recurrent missense	normalized missense position entropy	frameshift indel	inframe indel	normalized mutation entropy
ACOT11	NA	1824	1	0	0	0	0	0	1	0	1.0	0.0	0.0	1.0
ADAMTS4	NA	2514	1	0	0	0	0	0	1	0	1.0	0.0	0.0	1.0
ADAMTSL4	NA	3225	0	1	0	0	0	0	0	0	1.0	0.0	0.0	1.0
AK2	NA	720	1	0	0	0	0	0	1	0	1.0	0.0	0.0	1.0
ALDH9A1	NA	1557	1	0	0	0	0	0	1	0	1.0	0.0	0.0	1.0
ANKRD35	NA	3006	1	0	0	0	0	0	1	0	1.0	0.0	0.0	1.0
AP4B1	NA	2220	1	0	0	0	0	0	1	0	1.0	0.0	0.0	1.0
ARHGAP29	NA	3786	1	0	0	0	0	0	1	0	1.0	0.0	0.0	1.0
ARHGEF2	NA	2961	1	0	0	0	0	0	1	0	1.0	0.0	0.0	1.0
ATP1A2	NA	3063	0	1	0	0	0	0	0	0	1.0	0.0	0.0	1.0
ATP1A4	NA	3090	1	0	0	0	0	0	1	0	1.0	0.0	0.0	1.0
BCAN	NA	2736	1	0	0	0	0	0	1	0	1.0	0.0	0.0	1.0
C1orf109	NA	612	0	1	0	0	0	0	0	0	1.0	0.0	0.0	1.0
C1orf27	NA	1365	1	0	0	0	0	0	1	0	1.0	0.0	0.0	1.0
C1orf94	NA	1797	0	1	0	0	0	0	0	0	1.0	0.0	0.0	1.0
C4BPA	NA	1794	0	1	0	0	0	0	0	0	1.0	0.0	0.0	1.0
CAPN2	NA	2103	1	0	0	0	0	0	1	0	1.0	0.0	0.0	1.0
CAPZA1	NA	861	1	0	0	0	0	0	1	0	1.0	0.0	0.0	1.0
CASZ1	NA	5280	0	1	0	0	0	0	0	0	1.0	0.0	0.0	1.0
CCNL2	NA	1563	1	0	0	0	0	0	1	0	1.0	0.0	0.0	1.0
CDCP2	NA	1350	0	1	0	0	0	0	0	0	1.0	0.0	0.0	1.0
CDKN2C	NA	507	1	0	0	0	0	0	1	0	1.0	0.0	0.0	1.0
CEP104	NA	2778	0	1	0	0	0	0	0	0	1.0	0.0	0.0	1.0
CFHR5	NA	1710	1	0	0	0	0	0	1	0	1.0	0.0	0.0	1.0
CHD5	NA	5865	1	0	0	0	0	0	1	0	1.0	0.0	0.0	1.0
CHI3L1	NA	1152	1	0	0	0	0	0	1	0	1.0	0.0	0.0	1.0
CLCA1	NA	2745	1	0	0	0	0	0	1	0	1.0	0.0	0.0	1.0
CLCNKB	NA	2064	1	0	0	0	0	0	1	0	1.0	0.0	0.0	1.0
CLSTN1	NA	2946	1	0	0	0	0	0	1	0	1.0	0.0	0.0	1.0
COL24A1	NA	5145	1	0	0	0	0	0	1	0	1.0	0.0	0.0	1.0
COL8A2	NA	2112	1	0	0	0	0	0	1	0	1.0	0.0	0.0	1.0
COPA	NA	3702	0	1	0	0	0	0	0	0	1.0	0.0	0.0	1.0
CR1	NA	7470	1	0	0	0	0	0	1	0	1.0	0.0	0.0	1.0
CROCC	NA	6054	1	0	0	0	0	0	1	0	1.0	0.0	0.0	1.0
CTSS	NA	996	1	0	0	0	0	0	1	0	1.0	0.0	0.0	1.0
DCLRE1B	NA	1599	2	0	0	0	0	0	2	0	1.0	0.0	0.0	1.0
DEDD	NA	957	1	0	0	0	0	0	1	0	1.0	0.0	0.0	1.0
DENND4B	NA	4491	1	0	0	0	0	0	1	0	1.0	0.0	0.0	1.0
DIEXF	NA	2271	1	0	0	0	0	0	1	0	1.0	0.0	0.0	1.0
DISC1	NA	2661	1	0	0	0	0	0	1	0	1.0	0.0	0.0	1.0
DISP1	NA	4575	1	0	0	0	0	0	1	0	1.0	0.0	0.0	1.0
DNAH14	NA	13548	1	0	0	0	0	0	1	0	1.0	0.0	0.0	1.0
DOCK7	NA	6390	1	0	0	0	0	0	1	0	1.0	0.0	0.0	1.0
EGLN1	NA	1281	1	0	0	0	0	0	1	0	1.0	0.0	0.0	1.0
AGO1	NA	2574	1	0	0	0	0	0	1	0	1.0	0.0	0.0	1.0
EPHB2	NA	2964	1	0	0	0	0	0	1	0	1.0	0.0	0.0	1.0
EXOC8	NA	2178	1	0	0	0	0	0	1	0	1.0	0.0	0.0	1.0
F11R	NA	900	1	0	0	0	0	0	1	0	1.0	0.0	0.0	1.0
FAM78B	NA	786	1	0	0	0	0	0	1	0	1.0	0.0	0.0	1.0
FGR	NA	1590	0	1	0	0	0	0	0	0	1.0	0.0	0.0	1.0
FLG	NA	12186	2	0	1	0	0	0	1	0	1.0	0.0	0.0	1.0
FLG2	NA	7176	0	1	0	0	0	0	0	0	1.0	0.0	0.0	1.0
FMN2	NA	5169	1	0	0	0	0	0	1	0	1.0	0.0	0.0	1.0
GALNT2	NA	1716	1	0	0	0	0	0	1	0	1.0	0.0	0.0	1.0
GATAD2B	NA	1782	1	0	0	0	0	0	1	0	1.0	0.0	0.0	1.0
GBP2	NA	1776	1	0	0	0	0	0	1	0	1.0	0.0	0.0	1.0
GPATCH2	NA	1587	1	0	0	0	0	0	1	0	1.0	0.0	0.0	1.0
GPATCH3	NA	1578	1	0	0	0	0	0	1	0	1.0	0.0	0.0	1.0
GPR157	NA	1008	0	1	0	0	0	0	0	0	1.0	0.0	0.0	1.0
GPR88	NA	1155	1	0	0	0	0	0	1	0	1.0	0.0	0.0	1.0
GRIK3	NA	2760	1	1	0	0	0	0	1	0	1.0	0.0	0.0	1.0
HDAC1	NA	1449	1	0	0	0	0	0	1	0	1.0	0.0	0.0	1.0
HECTD3	NA	2586	0	1	0	0	0	0	0	0	1.0	0.0	0.0	1.0
HEYL	NA	987	0	1	0	0	0	0	0	0	1.0	0.0	0.0	1.0
HIST2H2AB	NA	393	1	0	0	0	0	0	1	0	1.0	0.0	0.0	1.0
HNRNPR	NA	1911	1	0	0	0	0	0	1	0	1.0	0.0	0.0	1.0
IFI44L	NA	1359	1	0	0	0	0	0	1	0	1.0	0.0	0.0	1.0
IGFN1	NA	11127	1	0	0	0	0	0	1	0	1.0	0.0	0.0	1.0
IKBKE	NA	2151	1	0	0	0	0	0	1	0	1.0	1.0	0.0	1.0
IL23R	NA	1890	1	0	0	0	0	0	1	0	1.0	0.0	0.0	1.0
ITLN2	NA	978	1	0	0	0	0	0	1	0	1.0	0.0	0.0	1.0
ITPKB	NA	2841	1	0	0	0	1	0	0	0	1.0	0.0	0.0	1.0
JMJD4	NA	1392	0	1	0	0	0	0	0	0	1.0	0.0	0.0	1.0
KCNQ4	NA	2088	1	0	0	0	0	0	1	0	1.0	0.0	0.0	1.0
KIAA1522	NA	3285	0	1	0	0	0	0	0	0	1.0	0.0	0.0	1.0
KIAA1614	NA	3573	1	0	0	0	0	0	1	0	1.0	0.0	0.0	1.0
KIF21B	NA	4914	1	0	0	0	0	0	1	0	1.0	0.0	0.0	1.0
KIRREL	NA	2274	0	1	0	0	0	0	0	0	1.0	0.0	0.0	1.0
LAMC2	NA	3582	1	0	0	0	0	0	1	0	1.0	0.0	0.0	1.0
LAX1	NA	1197	1	0	0	0	0	0	1	0	1.0	0.0	0.0	1.0
LGALS8	NA	1080	0	1	0	0	0	0	0	0	1.0	0.0	0.0	1.0
LMO4	NA	498	1	0	0	0	0	0	1	0	1.0	0.0	0.0	1.0
LPAR3	NA	1062	0	1	0	0	0	0	0	0	1.0	0.0	0.0	1.0
LRRC7	NA	4614	1	0	0	0	0	0	1	0	1.0	0.0	0.0	1.0
MAB21L3	NA	1089	0	1	0	0	0	0	0	0	1.0	0.0	0.0	1.0
MACF1	NA	16293	1	0	0	0	0	0	1	0	1.0	0.0	0.0	1.0
MAN1C1	NA	1893	1	0	0	0	0	0	1	0	1.0	0.0	0.0	1.0
MARK1	NA	2388	0	1	0	0	0	0	0	0	1.0	0.0	0.0	1.0
MIXL1	NA	699	1	0	0	0	0	0	1	0	1.0	0.0	0.0	1.0
MROH9	NA	2586	0	1	0	0	0	0	0	0	1.0	0.0	0.0	1.0
MSH4	NA	2811	1	0	0	0	0	0	1	0	1.0	0.0	0.0	1.0
NASP	NA	2367	0	1	0	0	0	0	0	0	1.0	0.0	0.0	1.0
NAV1	NA	5634	0	1	0	0	0	0	0	0	1.0	0.0	0.0	1.0
NBPF1	NA	3425	1	0	0	0	0	0	1	0	1.0	0.0	0.0	1.0
NCF2	NA	1581	1	0	0	0	0	0	1	0	1.0	0.0	0.0	1.0
NEK2	NA	1338	1	0	0	0	0	0	1	0	1.0	0.0	0.0	1.0
NES	NA	4866	1	0	0	0	0	0	1	0	1.0	0.0	0.0	1.0
NFIA	NA	1665	0	1	0	0	0	0	0	0	1.0	0.0	0.0	1.0
NR5A2	NA	1626	0	1	0	0	0	0	0	0	1.0	0.0	0.0	1.0
NRAS	NA	570	1	0	0	0	0	1	0	0	1.0	0.0	0.0	1.0
NVL	NA	2571	1	0	0	0	0	0	1	0	1.0	0.0	0.0	1.0
OBSCN	NA	26772	2	0	0	0	0	0	2	0	1.0	0.0	0.0	1.0
OR10K1	NA	942	1	0	0	0	0	0	1	0	1.0	0.0	0.0	1.0
OR14I1	NA	936	0	1	0	0	0	0	0	0	1.0	0.0	0.0	1.0
OR2AK2	NA	1008	0	1	0	0	0	0	0	0	1.0	0.0	0.0	1.0
OR2T4	NA	1047	1	1	0	0	0	0	1	0	1.0	0.0	0.0	1.0
OTUD7B	NA	2532	1	0	0	0	0	0	1	0	1.0	0.0	0.0	1.0
PABPC4	NA	1983	0	1	0	0	0	0	0	0	1.0	0.0	0.0	1.0
PADI4	NA	1992	1	1	0	0	0	0	1	0	1.0	0.0	0.0	1.0
PAPPA2	NA	5376	1	0	0	0	0	0	1	0	1.0	0.0	0.0	1.0
PAQR6	NA	1056	1	0	0	0	0	0	1	0	1.0	0.0	0.0	1.0
PEX10	NA	1041	1	0	0	0	0	0	1	0	1.0	0.0	0.0	1.0
PINK1	NA	1746	1	0	0	0	0	0	1	0	1.0	0.0	0.0	1.0
PLA2G4A	NA	2250	1	0	0	0	0	0	1	0	1.0	0.0	0.0	1.0
PLEKHA6	NA	3147	1	0	0	0	0	0	1	0	1.0	0.0	0.0	1.0
PLEKHG5	NA	3258	1	0	0	0	0	0	1	0	1.0	0.0	0.0	1.0
PLK3	NA	1941	0	1	0	0	0	0	0	0	1.0	0.0	0.0	1.0
PM20D1	NA	1509	0	1	0	0	0	0	0	0	1.0	0.0	0.0	1.0
PPIAL4G	NA	495	1	0	0	0	0	0	1	0	1.0	0.0	0.0	1.0
PROX1	NA	2214	1	0	0	0	0	0	1	0	1.0	0.0	0.0	1.0
PRPF3	NA	2052	0	1	0	0	0	0	0	0	1.0	0.0	0.0	1.0
PRRC2C	NA	8454	1	0	0	0	0	0	1	0	1.0	0.0	0.0	1.0
PTPN14	NA	3564	1	0	1	0	0	0	0	0	1.0	0.0	0.0	1.0
RCC2	NA	1569	0	1	0	0	0	0	0	0	1.0	0.0	0.0	1.0
RGS18	NA	708	1	0	0	0	0	0	1	0	1.0	0.0	0.0	1.0
RGS5	NA	558	1	0	0	0	1	0	0	0	1.0	0.0	0.0	1.0
RIMKLA	NA	1176	0	1	0	0	0	0	0	0	1.0	0.0	0.0	1.0
RRNAD1	NA	1428	1	0	0	0	0	0	1	0	1.0	0.0	0.0	1.0
RUSC1	NA	2709	0	1	0	0	0	0	0	0	1.0	0.0	0.0	1.0
RYR2	NA	14904	2	0	1	0	0	0	1	0	1.0	0.0	0.0	1.0
S100A7A	NA	306	0	1	0	0	0	0	0	0	1.0	0.0	0.0	1.0
S100A9	NA	345	1	1	0	0	0	0	1	0	1.0	0.0	0.0	1.0
SELE	NA	1833	1	0	0	0	0	0	1	0	1.0	0.0	0.0	1.0
SELENBP1	NA	1545	1	0	0	0	0	0	1	0	1.0	0.0	0.0	1.0
SELP	NA	2493	1	0	0	0	0	0	1	0	1.0	0.0	0.0	1.0
COA7	NA	696	1	0	0	0	0	0	1	0	1.0	0.0	0.0	1.0
SERINC2	NA	1395	1	0	0	0	0	0	1	0	1.0	0.0	0.0	1.0
SETDB1	NA	3876	1	0	1	0	0	0	0	0	1.0	2.0	0.0	-0.0
SGIP1	NA	2487	1	0	0	0	0	0	1	0	1.0	0.0	0.0	1.0
SIPA1L2	NA	5169	1	0	0	0	0	0	1	0	1.0	0.0	0.0	1.0
SLC25A24	NA	1434	1	0	0	0	0	0	1	0	1.0	0.0	0.0	1.0
SLC5A9	NA	2121	1	0	0	0	0	0	1	0	1.0	0.0	0.0	1.0
SLC6A9	NA	2121	0	1	0	0	0	0	0	0	1.0	0.0	0.0	1.0
SLC9A1	NA	2448	1	0	0	0	0	0	1	0	1.0	0.0	0.0	1.0
SLC9C2	NA	3375	0	1	0	0	0	0	0	0	1.0	0.0	0.0	1.0
SOAT1	NA	1653	1	0	0	0	0	0	1	0	1.0	0.0	0.0	1.0
SPTA1	NA	7260	1	0	0	0	0	0	1	0	1.0	0.0	0.0	1.0
SRSF4	NA	1485	0	1	0	0	0	0	0	0	1.0	0.0	0.0	1.0
TAF1A	NA	1353	1	0	0	0	0	0	1	0	1.0	0.0	0.0	1.0
TAS1R2	NA	2520	2	0	0	0	0	0	2	0	1.0	0.0	0.0	1.0
TCHH	NA	5832	1	0	0	0	0	0	1	0	1.0	0.0	0.0	1.0
TCHHL1	NA	2715	1	0	0	0	0	0	1	0	1.0	0.0	0.0	1.0
TESK2	NA	1716	1	0	0	0	0	0	1	0	1.0	0.0	0.0	1.0
TGFB2	NA	1329	1	0	0	0	0	0	1	0	1.0	0.0	0.0	1.0
THRAP3	NA	2868	1	0	1	0	0	0	0	0	1.0	0.0	0.0	1.0
TIE1	NA	3417	0	1	0	0	0	0	0	0	1.0	0.0	0.0	1.0
TMCC2	NA	2130	1	0	0	0	0	0	1	0	1.0	0.0	0.0	1.0
TNR	NA	4077	1	0	0	0	0	0	1	0	1.0	0.0	0.0	1.0
TOMM40L	NA	927	1	0	0	0	0	0	1	0	1.0	0.0	0.0	1.0
TUFT1	NA	1173	1	0	0	0	0	0	1	0	1.0	0.0	0.0	1.0
UBAP2L	NA	3264	1	0	0	0	0	0	1	0	1.0	0.0	0.0	1.0
UCHL5	NA	990	1	0	0	0	1	0	0	0	1.0	0.0	0.0	1.0
USH2A	NA	15609	2	1	0	0	0	0	2	0	1.0	0.0	0.0	1.0
USP24	NA	7863	1	0	1	0	0	0	0	0	1.0	0.0	0.0	1.0
VANGL2	NA	1566	1	0	1	0	0	0	0	0	1.0	0.0	0.0	1.0
VAV3	NA	2544	1	0	0	0	0	0	1	0	1.0	0.0	0.0	1.0
VPS13D	NA	13167	1	1	0	0	0	0	1	0	1.0	0.0	0.0	1.0
VWA5B1	NA	3648	1	0	0	0	0	0	1	0	1.0	0.0	0.0	1.0
XKR8	NA	1188	0	1	0	0	0	0	0	0	1.0	0.0	0.0	1.0
ZP4	NA	1623	0	1	0	0	0	0	0	0	1.0	0.0	0.0	1.0
ACTN4	NA	2736	1	0	0	0	0	0	1	0	1.0	0.0	0.0	1.0
ANKLE1	NA	2010	1	0	0	0	0	0	1	0	1.0	0.0	0.0	1.0
APC2	NA	6912	1	0	0	0	0	0	1	0	1.0	0.0	0.0	1.0
ARHGAP35	NA	4500	1	0	0	0	0	0	1	0	1.0	0.0	0.0	1.0
ARMC6	NA	1506	0	1	0	0	0	0	0	0	1.0	0.0	0.0	1.0
AXL	NA	2685	1	0	0	0	0	0	1	0	1.0	0.0	0.0	1.0
C19orf26	NA	1362	0	1	0	0	0	0	0	0	1.0	0.0	0.0	1.0
C19orf57	NA	1914	0	1	0	0	0	0	0	0	1.0	0.0	0.0	1.0
CACTIN	NA	2277	1	0	0	0	0	0	1	0	1.0	0.0	0.0	1.0
CATSPERD	NA	2397	1	1	0	0	0	0	1	0	1.0	0.0	0.0	1.0
CCDC114	NA	2013	0	1	0	0	0	0	0	0	1.0	0.0	0.0	1.0
CCDC155	NA	1689	1	0	0	0	0	0	1	0	1.0	0.0	0.0	1.0
CD79A	NA	681	0	1	0	0	0	0	0	0	1.0	0.0	0.0	1.0
CFD	NA	762	0	1	0	0	0	0	0	0	1.0	0.0	0.0	1.0
CIC	NA	4827	1	0	0	0	0	0	1	0	1.0	0.0	0.0	1.0
CILP2	NA	3471	0	1	0	0	0	0	0	0	1.0	0.0	0.0	1.0
CNOT3	NA	2262	1	0	0	0	0	0	1	0	1.0	0.0	0.0	1.0
CYP4F2	NA	1563	1	0	0	0	0	0	1	0	1.0	0.0	0.0	1.0
DENND1C	NA	2406	1	0	0	0	0	0	1	0	1.0	0.0	0.0	1.0
DMRTC2	NA	1104	0	1	0	0	0	0	0	0	1.0	0.0	0.0	1.0
DOCK6	NA	6144	1	0	0	0	0	0	1	0	1.0	0.0	0.0	1.0
DOT1L	NA	4614	0	1	0	0	0	0	0	0	1.0	0.0	0.0	1.0
DYRK1B	NA	1890	1	0	0	0	0	0	1	0	1.0	0.0	0.0	1.0
EMC10	NA	789	1	0	0	0	0	0	1	0	1.0	0.0	0.0	1.0
EMR1	NA	2661	1	0	0	0	0	0	1	0	1.0	0.0	0.0	1.0
EPS15L1	NA	2733	1	0	0	0	0	0	1	0	1.0	0.0	0.0	1.0
FBL	NA	966	1	0	0	0	0	0	1	0	1.0	0.0	0.0	1.0
FBN3	NA	8430	0	1	0	0	0	0	0	0	1.0	0.0	0.0	1.0
FCGBP	NA	16218	0	2	0	0	0	0	0	0	1.0	0.0	0.0	1.0
FCGRT	NA	1098	1	0	0	0	0	0	1	0	1.0	0.0	0.0	1.0
FCHO1	NA	2676	1	0	0	0	0	0	1	0	1.0	0.0	0.0	1.0
FKBP8	NA	1242	0	1	0	0	0	0	0	0	1.0	0.0	0.0	1.0
GIPC3	NA	939	1	0	0	0	0	0	1	0	1.0	0.0	0.0	1.0
GLTSCR1	NA	4683	0	2	0	0	0	0	0	0	1.0	0.0	0.0	1.0
GNG7	NA	207	1	0	0	0	0	0	1	0	1.0	0.0	0.0	1.0
GRIN3B	NA	3132	1	0	0	0	0	0	1	0	1.0	0.0	0.0	1.0
GTF2F1	NA	1554	1	0	0	0	0	0	1	0	1.0	0.0	0.0	1.0
GYS1	NA	2214	0	1	0	0	0	0	0	0	1.0	0.0	0.0	1.0
GZMM	NA	774	1	0	0	0	0	0	1	0	1.0	0.0	0.0	1.0
HOOK2	NA	2160	1	1	0	0	0	0	1	0	1.0	0.0	0.0	1.0
IRF2BP1	NA	1755	1	0	0	0	0	0	1	0	1.0	0.0	0.0	1.0
ISYNA1	NA	1677	0	1	0	0	0	0	0	0	1.0	0.0	0.0	1.0
KIAA0355	NA	3213	1	0	0	0	0	0	1	0	1.0	0.0	0.0	1.0
KLK3	NA	786	1	0	0	0	0	0	1	0	1.0	0.0	0.0	1.0
LENG8	NA	2403	1	0	0	0	0	0	1	0	1.0	0.0	0.0	1.0
LILRA3	NA	1320	1	0	0	0	0	0	1	0	1.0	0.0	0.0	1.0
LIM2	NA	648	1	0	0	0	0	0	1	0	1.0	0.0	0.0	1.0
LPPR3	NA	2241	1	0	0	0	0	0	1	0	1.0	0.0	0.0	1.0
LYPD5	NA	756	0	1	0	0	0	0	0	0	1.0	0.0	0.0	1.0
MEGF8	NA	8538	1	0	1	0	0	0	0	0	1.0	1.0	0.0	-0.0
KMT2B	NA	8148	1	0	0	0	0	0	1	0	1.0	0.0	0.0	1.0
MRI1	NA	1110	1	0	0	0	0	0	1	0	1.0	0.0	0.0	1.0
MUC16	NA	43524	2	4	0	0	0	0	2	0	1.0	0.0	0.0	1.0
NACC1	NA	1584	1	0	0	0	0	0	1	0	1.0	0.0	0.0	1.0
NFKBID	NA	942	1	0	0	0	0	0	1	0	1.0	0.0	0.0	1.0
NLRP4	NA	2985	1	0	0	0	0	0	1	0	1.0	0.0	0.0	1.0
NLRP7	NA	3114	3	0	0	0	0	0	3	0	1.0	0.0	0.0	1.0
NLRP8	NA	3147	1	1	0	0	1	0	0	0	1.0	0.0	0.0	1.0
NLRP9	NA	2976	1	0	0	0	0	0	1	0	1.0	0.0	0.0	1.0
NMRK2	NA	693	1	0	0	0	0	0	1	0	1.0	0.0	0.0	1.0
NOTCH3	NA	6966	0	1	0	0	0	0	0	0	1.0	0.0	0.0	1.0
NRTN	NA	594	1	0	0	0	0	0	1	0	1.0	0.0	0.0	1.0
OR1M1	NA	942	0	1	0	0	0	0	0	0	1.0	0.0	0.0	1.0
PALM3	NA	2022	1	0	0	0	0	0	1	0	1.0	0.0	0.0	1.0
PAPL	NA	1317	1	1	0	0	0	0	1	0	1.0	0.0	0.0	1.0
PDE4A	NA	2661	1	0	0	0	0	0	1	0	1.0	0.0	0.0	1.0
PGLYRP1	NA	591	1	0	0	0	0	0	1	0	1.0	0.0	0.0	1.0
PKN1	NA	2847	1	0	0	0	0	0	1	0	1.0	0.0	0.0	1.0
PNPLA6	NA	4128	0	1	0	0	0	0	0	0	1.0	0.0	0.0	1.0
PPP1R15A	NA	2025	0	1	0	0	0	0	0	0	1.0	0.0	0.0	1.0
PRMT1	NA	1116	0	1	0	0	0	0	0	0	1.0	0.0	0.0	1.0
PRR19	NA	1071	1	0	0	0	0	0	1	0	1.0	0.0	0.0	1.0
PSG7	NA	1260	1	1	0	0	0	0	1	0	1.0	0.0	0.0	1.0
RAB11B	NA	657	1	0	0	0	0	0	1	0	1.0	0.0	0.0	1.0
RAB3D	NA	660	1	0	0	0	0	0	1	0	1.0	0.0	0.0	1.0
RANBP3	NA	1704	0	1	0	0	0	0	0	0	1.0	0.0	0.0	1.0
RAVER1	NA	2271	1	0	0	0	0	0	1	0	1.0	0.0	0.0	1.0
SCAMP4	NA	690	1	0	0	0	0	0	1	0	1.0	0.0	0.0	1.0
SEMA6B	NA	2667	0	1	0	0	0	0	0	0	1.0	0.0	0.0	1.0
SHISA7	NA	1617	0	1	0	0	0	0	0	0	1.0	0.0	0.0	1.0
SIGLEC10	NA	2094	1	1	0	0	0	0	1	0	1.0	0.0	0.0	1.0
SLC1A6	NA	1695	1	0	0	0	0	0	1	0	1.0	0.0	0.0	1.0
SLC44A2	NA	2121	1	0	0	0	0	0	1	0	1.0	0.0	0.0	1.0
SLC8A2	NA	2766	1	0	0	0	0	0	1	0	1.0	0.0	0.0	1.0
SMARCA4	NA	5040	1	0	0	0	0	0	1	0	1.0	0.0	0.0	1.0
SNRNP70	NA	1314	1	0	0	0	0	0	1	0	1.0	0.0	0.0	1.0
SRRM5	NA	2148	0	1	0	0	0	0	0	0	1.0	0.0	0.0	1.0
SUGP1	NA	1938	1	0	0	0	0	0	1	0	1.0	0.0	0.0	1.0
SYMPK	NA	3825	1	1	0	0	0	0	1	0	1.0	0.0	0.0	1.0
SYT3	NA	1773	0	1	0	0	0	0	0	0	1.0	0.0	0.0	1.0
SYT5	NA	1161	0	1	0	0	0	0	0	0	1.0	0.0	0.0	1.0
TFPT	NA	762	0	1	0	0	0	0	0	0	1.0	0.0	0.0	1.0
TRIP10	NA	1638	1	0	0	0	0	0	1	0	1.0	0.0	0.0	1.0
TSKS	NA	1779	1	0	0	0	0	0	1	0	1.0	0.0	0.0	1.0
TSPAN16	NA	738	1	0	0	0	0	0	1	0	1.0	0.0	0.0	1.0
TULP2	NA	1563	0	1	0	0	0	0	0	0	1.0	0.0	0.0	1.0
VSIG10L	NA	2604	0	1	0	0	0	0	0	0	1.0	0.0	0.0	1.0
WDR62	NA	4572	0	1	0	0	0	0	0	0	1.0	0.0	0.0	1.0
ZFR2	NA	2820	0	1	0	0	0	0	0	0	1.0	0.0	0.0	1.0
ZNF225	NA	2121	1	0	0	0	0	0	1	0	1.0	0.0	0.0	1.0
ZNF304	NA	1980	1	0	0	0	0	0	1	0	1.0	0.0	0.0	1.0
ZNF324B	NA	1635	0	1	0	0	0	0	0	0	1.0	0.0	0.0	1.0
ZNF333	NA	1998	0	1	0	0	0	0	0	0	1.0	0.0	0.0	1.0
ZNF358	NA	1707	1	0	0	0	0	0	1	0	1.0	0.0	0.0	1.0
ZNF419	NA	1536	1	0	0	0	0	0	1	0	1.0	0.0	0.0	1.0
ZNF440	NA	1788	1	0	0	0	0	0	1	0	1.0	0.0	0.0	1.0
ZNF493	NA	2325	0	1	0	0	0	0	0	0	1.0	0.0	0.0	1.0
ZNF536	NA	3903	0	1	0	0	0	0	0	0	1.0	0.0	0.0	1.0
ZNF541	NA	4041	1	0	0	0	0	0	1	0	1.0	0.0	0.0	1.0
ZNF543	NA	1803	0	1	0	0	0	0	0	0	1.0	0.0	0.0	1.0
ZNF544	NA	2148	1	0	0	0	0	0	1	0	1.0	0.0	0.0	1.0
ZNF567	NA	1851	1	0	0	0	0	0	1	0	1.0	0.0	0.0	1.0
ZNF569	NA	2061	1	0	1	0	0	0	0	0	1.0	0.0	0.0	1.0
ZNF579	NA	1689	1	0	0	0	0	0	1	0	1.0	0.0	0.0	1.0
ZNF582	NA	1554	1	0	0	0	0	0	1	0	1.0	0.0	0.0	1.0
ZNF585A	NA	2145	0	1	0	0	0	0	0	0	1.0	0.0	0.0	1.0
ZNF628	NA	3180	1	0	0	0	0	0	1	0	1.0	0.0	0.0	1.0
ZNF724P	NA	1860	1	0	0	0	0	0	1	0	1.0	0.0	0.0	1.0
ZNF737	NA	1611	1	0	0	0	0	0	1	0	1.0	0.0	0.0	1.0
ZNF835	NA	1614	1	0	0	0	0	0	1	0	1.0	0.0	0.0	1.0
ZNF99	NA	2595	1	0	0	0	0	0	1	0	1.0	0.0	0.0	1.0
ZSCAN1	NA	1227	0	1	0	0	0	0	0	0	1.0	0.0	0.0	1.0
ABCC8	NA	4746	2	0	0	0	0	0	2	0	1.0	0.0	0.0	1.0
ADM	NA	558	1	0	0	0	0	0	1	0	1.0	0.0	0.0	1.0
AGBL2	NA	2709	1	0	0	0	0	0	1	0	1.0	0.0	0.0	1.0
AHNAK	NA	17673	1	0	0	0	0	0	1	0	1.0	0.0	0.0	1.0
AMBRA1	NA	3906	1	0	0	0	0	0	1	0	1.0	0.0	0.0	1.0
AMICA1	NA	1185	1	0	0	0	0	0	1	0	1.0	0.0	0.0	1.0
AQP11	NA	816	1	0	0	0	0	0	1	0	1.0	0.0	0.0	1.0
ARAP1	NA	4353	1	0	0	0	0	0	1	0	1.0	0.0	0.0	1.0
ARHGAP20	NA	3576	0	1	0	0	0	0	0	0	1.0	0.0	0.0	1.0
ARHGAP32	NA	6264	1	0	0	0	0	0	1	0	1.0	0.0	0.0	1.0
ARHGEF12	NA	4635	1	0	0	0	0	0	1	0	1.0	0.0	0.0	1.0
BBOX1	NA	1164	1	0	0	0	0	0	1	0	1.0	0.0	0.0	1.0
BEST1	NA	1815	1	0	0	0	0	0	1	0	1.0	0.0	0.0	1.0
C11orf91	NA	582	1	0	0	0	0	0	1	0	1.0	0.0	0.0	1.0
COLCA2	NA	756	1	0	0	0	0	0	1	0	1.0	0.0	0.0	1.0
C1QTNF4	NA	990	0	1	0	0	0	0	0	0	1.0	0.0	0.0	1.0
CAPN5	NA	1923	1	0	0	0	0	0	1	0	1.0	0.0	0.0	1.0
CCDC153	NA	633	1	0	0	0	0	0	1	0	1.0	0.0	0.0	1.0
CD5	NA	1488	1	0	0	0	0	0	1	0	1.0	0.0	0.0	1.0
CKAP5	NA	6099	0	1	0	0	0	0	0	0	1.0	0.0	0.0	1.0
CLPB	NA	2124	0	1	0	0	0	0	0	0	1.0	0.0	0.0	1.0
CSTF3	NA	2154	1	0	0	0	0	0	1	0	1.0	0.0	0.0	1.0
DBX1	NA	1032	1	0	0	0	0	0	1	0	1.0	0.0	0.0	1.0
DCHS1	NA	9897	3	0	0	0	0	0	3	0	1.0	0.0	0.0	1.0
DENND5A	NA	3864	0	1	0	0	0	0	0	0	1.0	0.0	0.0	1.0
DNHD1	NA	14262	2	0	0	0	0	0	2	0	1.0	0.0	0.0	1.0
DRD4	NA	1260	1	0	0	0	0	0	1	0	1.0	0.0	0.0	1.0
DYNC2H1	NA	12945	0	1	0	0	0	0	0	0	1.0	0.0	0.0	1.0
EHF	NA	969	1	0	0	0	0	0	1	0	1.0	0.0	0.0	1.0
EIF4G2	NA	2724	1	0	0	0	0	0	1	0	1.0	0.0	0.0	1.0
GAL3ST3	NA	1296	2	1	0	0	0	0	2	0	1.0	0.0	0.0	1.0
GANAB	NA	2901	1	0	0	0	0	0	1	0	1.0	0.0	0.0	1.0
GLYAT	NA	891	1	0	0	0	0	0	1	0	1.0	0.0	0.0	1.0
GRM5	NA	3639	1	1	0	0	0	0	1	0	1.0	0.0	0.0	1.0
GUCY1A2	NA	2292	0	1	0	0	0	0	0	0	1.0	0.0	0.0	1.0
HINFP	NA	1554	1	0	0	0	0	0	1	0	1.0	0.0	0.0	1.0
INPPL1	NA	3777	2	0	0	0	0	0	2	0	1.0	0.0	0.0	1.0
INSC	NA	1740	1	0	0	0	0	0	1	0	1.0	0.0	0.0	1.0
IPO7	NA	3117	1	0	0	0	0	0	1	0	1.0	0.0	0.0	1.0
KCNC1	NA	1758	1	0	0	0	0	0	1	0	1.0	0.0	0.0	1.0
KDM4E	NA	1521	1	0	0	0	0	0	1	0	1.0	0.0	0.0	1.0
KIAA1549L	NA	5550	1	0	0	0	0	0	1	0	1.0	0.0	0.0	1.0
LRP4	NA	5718	2	0	1	0	0	0	1	0	1.0	0.0	0.0	1.0
LRRC55	NA	1026	1	0	0	0	0	0	1	0	1.0	0.0	0.0	1.0
MAPK8IP1	NA	2136	0	1	0	0	0	0	0	0	1.0	0.0	0.0	1.0
KMT2A	NA	11919	0	2	0	0	0	0	0	0	1.0	0.0	0.0	1.0
MMP20	NA	1452	1	0	0	0	0	0	1	0	1.0	0.0	0.0	1.0
MMP8	NA	1404	1	0	0	0	0	0	1	0	1.0	0.0	0.0	1.0
MUC2	NA	8442	1	2	0	0	0	0	1	0	1.0	0.0	0.0	1.0
MUC5B	NA	17289	2	2	0	0	0	0	2	0	1.0	0.0	0.0	1.0
MYRF	NA	3456	1	0	0	0	0	0	1	0	1.0	0.0	0.0	1.0
NLRP14	NA	3282	1	0	0	0	0	0	1	0	1.0	0.0	0.0	1.0
NLRP6	NA	2679	0	1	0	0	0	0	0	0	1.0	0.0	0.0	1.0
OPCML	NA	1038	1	0	0	0	0	0	1	0	1.0	0.0	0.0	1.0
OR10A2	NA	912	0	1	0	0	0	0	0	0	1.0	0.0	0.0	1.0
OR4D6	NA	945	1	0	0	0	0	0	1	0	1.0	0.0	0.0	1.0
OR52A1	NA	939	1	0	0	0	0	0	1	0	1.0	0.0	0.0	1.0
OR52K2	NA	945	1	0	0	0	0	0	1	0	1.0	0.0	0.0	1.0
OR5D14	NA	945	1	0	0	0	0	0	1	0	1.0	0.0	0.0	1.0
OR5F1	NA	945	1	0	0	0	0	0	1	0	1.0	0.0	0.0	1.0
OR5L1	NA	936	1	0	0	0	0	0	1	0	1.0	0.0	0.0	1.0
OR5M3	NA	924	1	0	0	0	0	0	1	0	1.0	0.0	0.0	1.0
OR8H2	NA	939	1	0	0	0	0	0	1	0	1.0	0.0	0.0	1.0
OR8H3	NA	939	1	0	0	0	0	0	1	0	1.0	0.0	0.0	1.0
OTOG	NA	8778	0	1	0	0	0	0	0	0	1.0	0.0	0.0	1.0
P4HA3	NA	1635	1	0	0	0	0	0	1	0	1.0	0.0	0.0	1.0
PAAF1	NA	1179	1	0	0	0	0	0	1	0	1.0	0.0	0.0	1.0
PACS1	NA	2892	1	0	0	0	0	0	1	0	1.0	0.0	0.0	1.0
PAMR1	NA	2214	0	1	0	0	0	0	0	0	1.0	0.0	0.0	1.0
PDHX	NA	1506	1	0	0	0	0	0	1	0	1.0	0.0	0.0	1.0
PHRF1	NA	4947	2	0	0	0	0	0	2	0	1.0	0.0	0.0	1.0
PIH1D2	NA	948	0	1	0	0	0	0	0	0	1.0	0.0	0.0	1.0
OOSP2	NA	477	1	0	1	0	0	0	0	0	1.0	0.0	0.0	1.0
POLR2G	NA	519	1	0	0	0	0	0	1	0	1.0	0.0	0.0	1.0
RAB1B	NA	606	1	0	0	0	0	0	1	0	1.0	0.0	0.0	1.0
RAG2	NA	1584	0	1	0	0	0	0	0	0	1.0	0.0	0.0	1.0
RELT	NA	1293	0	1	0	0	0	0	0	0	1.0	0.0	0.0	1.0
RIN1	NA	2352	1	0	0	0	0	0	1	0	1.0	0.0	0.0	1.0
RNF214	NA	2112	1	0	0	0	0	0	1	0	1.0	0.0	0.0	1.0
ROBO3	NA	4161	1	0	0	0	0	0	1	0	1.0	0.0	0.0	1.0
RTN4RL2	NA	1263	1	0	0	0	0	0	1	0	1.0	0.0	0.0	1.0
SF1	NA	2022	0	1	0	0	0	0	0	0	1.0	0.0	0.0	1.0
SHANK2	NA	5359	1	0	0	0	0	0	1	0	1.0	0.0	0.0	1.0
SIGIRR	NA	1233	1	0	0	0	0	0	1	0	1.0	0.0	0.0	1.0
SIK3	NA	3966	1	0	0	0	0	0	1	0	1.0	0.0	0.0	1.0
SLC1A2	NA	1725	1	1	0	0	0	0	1	0	1.0	0.0	0.0	1.0
SMPD1	NA	1896	0	1	0	0	0	0	0	0	1.0	0.0	0.0	1.0
SPI1	NA	816	0	1	0	0	0	0	0	0	1.0	0.0	0.0	1.0
TBC1D10C	NA	1341	0	1	0	0	0	0	0	0	1.0	0.0	0.0	1.0
TBRG1	NA	1236	1	0	0	0	0	0	1	0	1.0	0.0	0.0	1.0
TENM4	NA	8310	1	0	1	0	0	0	0	0	1.0	0.0	0.0	1.0
TMEM123	NA	627	0	1	0	0	0	0	0	0	1.0	0.0	0.0	1.0
TMEM132A	NA	3075	2	0	0	0	0	0	2	0	1.0	0.0	0.0	1.0
TMEM138	NA	489	1	0	0	0	0	0	1	0	1.0	0.0	0.0	1.0
TMEM80	NA	852	1	0	0	0	0	0	1	0	1.0	0.0	0.0	1.0
TMEM9B	NA	597	1	0	0	0	0	0	1	0	1.0	0.0	0.0	1.0
TRAF6	NA	1569	1	0	0	0	0	0	1	0	1.0	0.0	0.0	1.0
TRIM66	NA	3651	1	0	0	0	0	0	1	0	1.0	0.0	0.0	1.0
TRPM5	NA	3498	0	1	0	0	0	0	0	0	1.0	0.0	0.0	1.0
VPS11	NA	2825	1	0	0	0	0	0	1	0	1.0	0.0	0.0	1.0
ABCG8	NA	2022	1	0	0	0	0	0	1	0	1.0	0.0	0.0	1.0
ABHD1	NA	1218	1	0	0	0	0	0	1	0	1.0	0.0	0.0	1.0
ACVR1	NA	1530	1	0	0	0	0	0	1	0	1.0	0.0	0.0	1.0
ADAM17	NA	2475	1	0	0	0	0	0	1	0	1.0	0.0	0.0	1.0
AGPS	NA	1977	0	1	0	0	0	0	0	0	1.0	0.0	0.0	1.0
ALS2	NA	4974	1	0	0	0	0	0	1	0	1.0	0.0	0.0	1.0
ANKRD30BL	NA	777	1	0	0	0	0	0	1	0	1.0	0.0	0.0	1.0
AQP12B	NA	924	1	0	0	0	0	0	1	0	1.0	0.0	0.0	1.0
ARL4C	NA	579	1	0	0	0	0	0	1	0	1.0	0.0	0.0	1.0
BAZ2B	NA	6507	2	0	0	0	0	0	2	0	1.0	0.0	0.0	1.0
BIRC6	NA	14574	0	1	0	0	0	0	0	0	1.0	0.0	0.0	1.0
BMP10	NA	1275	1	0	0	0	0	0	1	0	1.0	0.0	0.0	1.0
CAD	NA	6678	1	0	0	0	0	0	1	0	1.0	0.0	0.0	1.0
CASP10	NA	1569	1	0	0	0	0	0	1	0	1.0	0.0	0.0	1.0
CCDC93	NA	1896	1	0	0	0	1	0	0	0	1.0	0.0	0.0	1.0
CCNYL1	NA	927	1	0	0	0	0	0	1	0	1.0	0.0	0.0	1.0
CNOT11	NA	1533	1	0	0	0	0	0	1	0	1.0	0.0	0.0	1.0
COL4A3	NA	5013	1	0	0	0	0	0	1	0	1.0	0.0	0.0	1.0
COL5A2	NA	4500	1	0	0	0	0	0	1	0	1.0	0.0	0.0	1.0
CWC22	NA	2727	0	1	0	0	0	0	0	0	1.0	0.0	0.0	1.0
DAPL1	NA	324	1	0	0	0	0	0	1	0	1.0	0.0	0.0	1.0
DCTN1	NA	3837	1	0	0	0	0	0	1	0	1.0	0.0	0.0	1.0
DLX2	NA	987	1	0	0	0	0	0	1	0	1.0	0.0	0.0	1.0
DNAH6	NA	12477	2	0	1	0	0	0	1	0	1.0	0.0	0.0	1.0
DNMT3A	NA	2739	1	1	1	0	0	0	0	0	1.0	0.0	0.0	1.0
DPYSL5	NA	1695	1	0	0	0	0	0	1	0	1.0	0.0	0.0	1.0
EEF1B2	NA	678	1	0	0	0	0	0	1	0	1.0	0.0	0.0	1.0
EGR4	NA	1770	1	0	0	0	0	0	1	0	1.0	0.0	0.0	1.0
ELMOD3	NA	1176	0	1	0	0	0	0	0	0	1.0	0.0	0.0	1.0
ERBB4	NA	3927	0	1	0	0	0	0	0	0	1.0	0.0	0.0	1.0
ERCC3	NA	2349	1	0	0	0	0	0	1	0	1.0	0.0	0.0	1.0
FAM124B	NA	1368	0	1	0	0	0	0	0	0	1.0	0.0	0.0	1.0
FMNL2	NA	3279	1	0	0	0	0	0	1	0	1.0	0.0	0.0	1.0
FN1	NA	7434	1	0	0	0	0	0	1	0	1.0	0.0	0.0	1.0
FSIP2	NA	20991	1	0	0	0	0	0	1	0	1.0	0.0	0.0	1.0
GALNT14	NA	1674	1	0	0	0	0	0	1	0	1.0	0.0	0.0	1.0
GLI2	NA	4761	0	1	0	0	0	0	0	0	1.0	0.0	0.0	1.0
GLS	NA	2010	0	1	0	0	0	0	0	0	1.0	0.0	0.0	1.0
GPD2	NA	2184	1	0	0	0	0	0	1	0	1.0	0.0	0.0	1.0
GPN1	NA	1167	1	0	0	0	0	0	1	0	1.0	0.0	0.0	1.0
GPR45	NA	1119	1	0	0	0	0	0	1	0	1.0	0.0	0.0	1.0
GREB1	NA	5850	1	0	0	0	0	0	1	0	1.0	0.0	0.0	1.0
GRHL1	NA	1857	1	0	0	0	0	0	1	0	1.0	0.0	0.0	1.0
HDLBP	NA	3807	1	0	0	0	0	0	1	0	1.0	1.0	0.0	1.0
IFIH1	NA	3078	1	0	0	0	0	0	1	0	1.0	0.0	0.0	1.0
IFT172	NA	5250	1	0	0	0	0	0	1	0	1.0	0.0	0.0	1.0
IL18RAP	NA	1800	0	1	0	0	0	0	0	0	1.0	0.0	0.0	1.0
INPP1	NA	1200	0	1	0	0	0	0	0	0	1.0	0.0	0.0	1.0
ITGB6	NA	2367	1	0	0	0	0	0	1	0	1.0	0.0	0.0	1.0
KCNF1	NA	1485	0	1	0	0	0	0	0	0	1.0	0.0	0.0	1.0
KIAA1211L	NA	2889	1	0	0	0	0	0	1	0	1.0	0.0	0.0	1.0
KIDINS220	NA	5316	1	0	0	0	0	0	1	0	1.0	0.0	0.0	1.0
KIF5C	NA	2874	1	0	0	0	0	0	1	0	1.0	0.0	0.0	1.0
KYNU	NA	1398	1	0	0	0	0	0	1	0	1.0	0.0	0.0	1.0
LGALSL	NA	519	1	0	0	0	0	0	1	0	1.0	0.0	0.0	1.0
LPIN1	NA	2928	1	0	0	0	0	0	1	0	1.0	0.0	0.0	1.0
LRP1B	NA	13800	1	0	0	0	0	0	1	0	1.0	0.0	0.0	1.0
LTBP1	NA	5166	1	0	0	0	0	0	1	0	1.0	0.0	0.0	1.0
MAP4K3	NA	2685	1	0	0	0	0	0	1	0	1.0	0.0	0.0	1.0
MGAT5	NA	2226	1	0	0	0	0	0	1	0	1.0	0.0	0.0	1.0
MSH2	NA	2805	1	0	1	0	0	0	0	0	1.0	0.0	0.0	1.0
MSH6	NA	4083	1	0	0	0	0	0	1	0	1.0	0.0	0.0	1.0
MYT1L	NA	3555	1	0	0	0	0	0	1	0	1.0	0.0	0.0	1.0
NCKAP5	NA	5730	1	0	0	0	0	0	1	0	1.0	0.0	0.0	1.0
NDUFA10	NA	1068	1	0	0	0	0	0	1	0	1.0	0.0	0.0	1.0
NEB	NA	25683	1	0	0	0	0	0	1	0	1.0	0.0	0.0	1.0
NEU2	NA	1143	0	1	0	0	0	0	0	0	1.0	0.0	0.0	1.0
NPHP1	NA	2202	1	0	0	0	0	0	1	0	1.0	0.0	0.0	1.0
NRBP1	NA	1608	0	1	0	0	0	0	0	0	1.0	0.0	0.0	1.0
OR6B3	NA	996	0	1	0	0	0	0	0	0	1.0	0.0	0.0	1.0
PAPOLG	NA	2211	1	0	0	0	0	0	1	0	1.0	0.0	0.0	1.0
PASK	NA	3993	0	1	0	0	0	0	0	0	1.0	0.0	0.0	1.0
PTH2R	NA	1653	1	0	0	0	0	0	1	0	1.0	0.0	0.0	1.0
RAD51AP2	NA	3480	1	0	0	0	0	0	1	0	1.0	0.0	0.0	1.0
RANBP2	NA	9675	1	0	0	0	0	0	1	0	1.0	0.0	0.0	1.0
RGPD3	NA	5277	1	0	0	0	0	0	1	0	1.0	0.0	0.0	1.0
SCN1A	NA	6030	1	0	0	0	0	0	1	0	1.0	0.0	0.0	1.0
SCN9A	NA	5934	1	0	0	0	0	0	1	0	1.0	0.0	0.0	1.0
SERPINE2	NA	1230	1	0	0	0	0	0	1	0	1.0	0.0	0.0	1.0
SERTAD2	NA	945	1	0	0	0	0	0	1	0	1.0	0.0	0.0	1.0
SLC3A1	NA	2058	0	1	0	0	0	0	0	0	1.0	0.0	0.0	1.0
SLC5A7	NA	1743	0	1	0	0	0	0	0	0	1.0	0.0	0.0	1.0
SNRNP200	NA	6411	0	1	0	0	0	0	0	0	1.0	0.0	0.0	1.0
SNRNP27	NA	468	1	0	0	0	0	0	1	0	1.0	0.0	0.0	1.0
SPTBN1	NA	7095	2	0	0	0	0	0	2	0	1.0	0.0	0.0	1.0
STK11IP	NA	3300	0	1	0	0	0	0	0	0	1.0	0.0	0.0	1.0
TEKT4	NA	1308	0	1	0	0	0	0	0	0	1.0	0.0	0.0	1.0
TIGD1	NA	1776	1	0	0	0	0	0	1	0	1.0	0.0	0.0	1.0
TMEM194B	NA	1254	1	0	0	0	0	0	1	0	1.0	0.0	0.0	1.0
TMEM37	NA	573	1	0	0	0	0	0	1	0	1.0	0.0	0.0	1.0
TRABD2A	NA	1518	1	0	0	0	0	0	1	0	1.0	0.0	0.0	1.0
TSSC1	NA	1164	1	0	0	0	0	0	1	0	1.0	0.0	0.0	1.0
TTL	NA	1134	1	0	0	0	0	0	1	0	1.0	0.0	0.0	1.0
TTN	NA	107976	3	3	0	0	0	0	3	0	1.0	0.0	0.0	1.0
UGP2	NA	1527	1	0	0	0	1	0	0	0	1.0	0.0	0.0	1.0
UNC50	NA	780	1	0	0	0	1	0	0	0	1.0	0.0	0.0	1.0
VWA3B	NA	3885	2	0	0	0	0	0	2	0	1.0	0.0	0.0	1.0
ZNF2	NA	1281	0	1	0	0	0	0	0	0	1.0	0.0	0.0	1.0
ZNF638	NA	5937	1	0	0	0	0	0	1	0	1.0	0.0	0.0	1.0
ZRANB3	NA	3240	1	0	0	0	0	0	1	0	1.0	0.0	0.0	1.0
ACADVL	NA	2037	0	1	0	0	0	0	0	0	1.0	0.0	0.0	1.0
ACAP1	NA	2223	1	0	0	0	0	0	1	0	1.0	0.0	0.0	1.0
ACSF2	NA	1848	0	1	0	0	0	0	0	0	1.0	0.0	0.0	1.0
ALOX15B	NA	2031	1	0	0	0	0	0	1	0	1.0	0.0	0.0	1.0
ARHGAP23	NA	4476	0	1	0	0	0	0	0	0	1.0	0.0	0.0	1.0
ARRB2	NA	1293	0	1	0	0	0	0	0	0	1.0	0.0	0.0	1.0
BRIP1	NA	3750	1	0	0	0	0	0	1	0	1.0	0.0	0.0	1.0
BZRAP1	NA	5574	1	0	0	0	0	0	1	0	1.0	0.0	0.0	1.0
CANT1	NA	1206	1	0	0	0	0	0	1	0	1.0	0.0	0.0	1.0
CASKIN2	NA	3609	0	1	0	0	0	0	0	0	1.0	0.0	0.0	1.0
CD300LB	NA	606	0	1	0	0	0	0	0	0	1.0	0.0	0.0	1.0
CD79B	NA	693	1	0	0	0	0	0	1	0	1.0	0.0	0.0	1.0
CDC27	NA	2493	1	0	0	0	0	0	1	0	1.0	0.0	0.0	1.0
COASY	NA	1782	1	0	0	0	0	0	1	0	1.0	0.0	0.0	1.0
DHX58	NA	2037	1	0	0	0	0	0	1	0	1.0	0.0	0.0	1.0
FAM171A2	NA	2481	1	0	0	0	0	0	1	0	1.0	0.0	0.0	1.0
FAM83G	NA	2472	0	1	0	0	0	0	0	0	1.0	0.0	0.0	1.0
FBF1	NA	3402	1	0	0	0	0	0	1	0	1.0	0.0	0.0	1.0
FBXO47	NA	1359	0	1	0	0	0	0	0	0	1.0	0.0	0.0	1.0
GAA	NA	2859	1	0	0	0	0	0	1	0	1.0	0.0	0.0	1.0
GIP	NA	462	1	0	0	0	0	0	1	0	1.0	0.0	0.0	1.0
GIT1	NA	2313	1	0	0	0	0	0	1	0	1.0	0.0	0.0	1.0
GPR179	NA	7104	0	1	0	0	0	0	0	0	1.0	0.0	0.0	1.0
GSDMA	NA	1338	0	1	0	0	0	0	0	0	1.0	0.0	0.0	1.0
HOXB1	NA	906	1	0	0	0	0	0	1	0	1.0	0.0	0.0	1.0
HOXB6	NA	675	1	0	0	0	0	0	1	0	1.0	0.0	0.0	1.0
ITGAE	NA	3540	0	1	0	0	0	0	0	0	1.0	0.0	0.0	1.0
ITGB3	NA	2367	1	1	0	0	0	0	1	0	1.0	0.0	0.0	1.0
KIAA0100	NA	6708	1	0	0	0	0	0	1	0	1.0	0.0	0.0	1.0
KIAA0195	NA	4071	1	0	0	0	0	0	1	0	1.0	0.0	0.0	1.0
KRT14	NA	1419	1	0	0	0	0	0	1	0	1.0	0.0	0.0	1.0
KRT33A	NA	1215	0	1	0	0	0	0	0	0	1.0	0.0	0.0	1.0
KRT34	NA	1311	1	0	1	0	0	0	0	0	1.0	0.0	0.0	1.0
LLGL2	NA	3063	0	1	0	0	0	0	0	0	1.0	0.0	0.0	1.0
MAP3K3	NA	1974	1	0	0	0	0	0	1	0	1.0	0.0	0.0	1.0
MAPK7	NA	2451	0	1	0	0	0	0	0	0	1.0	0.0	0.0	1.0
MGAT5B	NA	2406	0	1	0	0	0	0	0	0	1.0	0.0	0.0	1.0
MINK1	NA	3999	1	0	0	0	1	0	0	0	1.0	0.0	0.0	1.0
MKS1	NA	1680	1	0	0	0	0	0	1	0	1.0	0.0	0.0	1.0
MYH1	NA	5820	0	1	0	0	0	0	0	0	1.0	0.0	0.0	1.0
MYO1D	NA	3021	1	0	0	0	0	0	1	0	1.0	0.0	0.0	1.0
NCOR1	NA	7323	1	0	0	0	0	0	1	0	1.0	0.0	0.0	1.0
NFE2L1	NA	2319	1	0	0	0	0	0	1	0	1.0	0.0	0.0	1.0
NLE1	NA	1458	1	0	0	0	0	0	1	0	1.0	0.0	0.0	1.0
NSF	NA	2235	1	0	0	0	0	0	1	0	1.0	0.0	0.0	1.0
NUFIP2	NA	2088	1	0	0	0	0	0	1	0	1.0	0.0	0.0	1.0
NUP88	NA	2226	1	0	0	0	0	0	1	0	1.0	0.0	0.0	1.0
OR1D2	NA	939	1	0	0	0	0	0	1	0	1.0	0.0	0.0	1.0
PHB	NA	819	1	0	0	0	0	0	1	0	1.0	0.0	0.0	1.0
PLD2	NA	2802	1	0	0	0	0	0	1	0	1.0	0.0	0.0	1.0
PNMT	NA	849	0	1	0	0	0	0	0	0	1.0	0.0	0.0	1.0
POLR2A	NA	5913	1	0	0	0	0	0	1	0	1.0	0.0	0.0	1.0
PRKCA	NA	2019	1	0	0	0	0	0	1	0	1.0	0.0	0.0	1.0
RAP1GAP2	NA	2193	1	0	0	0	0	0	1	0	1.0	0.0	0.0	1.0
RFNG	NA	996	0	1	0	0	0	0	0	0	1.0	0.0	0.0	1.0
RPS6KB1	NA	1578	1	0	0	0	0	0	1	0	1.0	0.0	0.0	1.0
RPTOR	NA	4008	1	0	0	0	0	0	1	0	1.0	0.0	0.0	1.0
RTN4RL1	NA	1326	0	1	0	0	0	0	0	0	1.0	0.0	0.0	1.0
SCARF1	NA	2493	0	1	0	0	0	0	0	0	1.0	0.0	0.0	1.0
SDK2	NA	6519	0	1	0	0	0	0	0	0	1.0	0.0	0.0	1.0
SEPT9	NA	1761	1	0	0	0	0	0	1	0	1.0	0.0	0.0	1.0
SGSH	NA	1509	2	0	0	0	0	0	2	0	1.0	0.0	0.0	1.0
SHPK	NA	1437	0	1	0	0	0	0	0	0	1.0	0.0	0.0	1.0
SLC25A11	NA	945	1	0	0	0	0	0	1	0	1.0	0.0	0.0	1.0
SLC38A10	NA	3360	1	0	0	0	0	0	1	0	1.0	0.0	0.0	1.0
SLC43A2	NA	1710	0	1	0	0	0	0	0	0	1.0	0.0	0.0	1.0
MIEF2	NA	1398	1	0	0	0	0	0	1	0	1.0	0.0	0.0	1.0
SMCR8	NA	2814	1	0	0	0	0	0	1	0	1.0	0.0	0.0	1.0
SMYD4	NA	2415	0	1	0	0	0	0	0	0	1.0	0.0	0.0	1.0
SPECC1	NA	3207	1	0	0	0	0	0	1	0	1.0	0.0	0.0	1.0
TBCD	NA	3579	1	0	0	0	0	0	1	0	1.0	0.0	0.0	1.0
TBX21	NA	1608	1	0	0	0	0	0	1	0	1.0	0.0	0.0	1.0
TNS4	NA	2148	0	1	0	0	0	0	0	0	1.0	0.0	0.0	1.0
TOP2A	NA	4596	1	1	0	0	0	0	1	0	1.0	0.0	0.0	1.0
TOP3A	NA	3006	0	1	0	0	0	0	0	0	1.0	0.0	0.0	1.0
TP53	NA	1182	6	0	1	0	1	0	4	0	1.0	1.0	0.0	0.7580392711198943
TRIM25	NA	1893	0	1	0	0	0	0	0	0	1.0	0.0	0.0	1.0
ZZEF1	NA	8886	0	1	0	0	0	0	0	0	1.0	0.0	0.0	1.0
ABI3BP	NA	3228	1	0	0	0	0	0	1	0	1.0	0.0	0.0	1.0
ADAMTS9	NA	5808	1	0	0	0	1	0	0	0	1.0	0.0	0.0	1.0
APEH	NA	2199	1	0	0	0	0	0	1	0	1.0	0.0	0.0	1.0
ASB14	NA	1764	1	0	0	0	0	0	1	0	1.0	0.0	0.0	1.0
ATP6V1A	NA	1854	1	0	0	0	0	0	1	0	1.0	0.0	0.0	1.0
ATR	NA	7935	1	0	0	0	0	0	1	0	1.0	0.0	0.0	1.0
BAP1	NA	2190	3	0	0	0	0	0	3	0	1.0	5.0	1.0	0.593062910911687
BSN	NA	11781	1	0	0	0	0	0	1	0	1.0	0.0	0.0	1.0
BTD	NA	1632	1	0	0	0	0	0	1	0	1.0	0.0	0.0	1.0
C3orf36	NA	498	1	0	0	0	0	0	1	0	1.0	0.0	0.0	1.0
SMCO1	NA	645	0	1	0	0	0	0	0	0	1.0	0.0	0.0	1.0
CAND2	NA	3711	0	1	0	0	0	0	0	0	1.0	0.0	0.0	1.0
CASR	NA	3267	1	0	0	0	0	0	1	0	1.0	0.0	0.0	1.0
CD200R1L	NA	816	1	0	0	0	0	0	1	0	1.0	0.0	0.0	1.0
CDCP1	NA	2511	1	0	0	0	0	0	1	0	1.0	0.0	0.0	1.0
CNOT10	NA	2415	1	0	0	0	0	0	1	0	1.0	0.0	0.0	1.0
CNTN6	NA	3087	0	1	0	0	0	0	0	0	1.0	0.0	0.0	1.0
COL6A5	NA	7581	1	0	0	0	0	0	1	0	1.0	0.0	0.0	1.0
COPB2	NA	2721	1	0	0	0	0	0	1	0	1.0	0.0	0.0	1.0
CRTAP	NA	1206	1	0	0	0	0	0	1	0	1.0	0.0	0.0	1.0
CTDSPL	NA	831	1	0	0	0	0	0	1	0	1.0	0.0	0.0	1.0
DAG1	NA	2688	1	0	0	0	0	0	1	0	1.0	0.0	0.0	1.0
DPPA4	NA	915	1	0	0	0	0	0	1	0	1.0	0.0	0.0	1.0
EHHADH	NA	2172	1	0	0	0	0	0	1	0	1.0	0.0	0.0	1.0
EIF4G1	NA	4821	1	0	0	0	0	0	1	0	1.0	0.0	0.0	1.0
EPHA3	NA	2952	1	0	0	0	0	0	1	0	1.0	0.0	0.0	1.0
GNAT1	NA	1053	1	0	0	0	0	0	1	0	1.0	0.0	0.0	1.0
GOLGB1	NA	9810	1	1	0	0	0	0	1	0	1.0	0.0	0.0	1.0
GXYLT2	NA	1332	1	0	0	0	0	0	1	0	1.0	0.0	0.0	1.0
HPS3	NA	3015	1	1	0	0	0	0	1	0	1.0	0.0	0.0	1.0
HTR3E	NA	1449	1	0	0	0	0	0	1	0	1.0	0.0	0.0	1.0
HYAL3	NA	1254	1	0	0	0	0	0	1	0	1.0	0.0	0.0	1.0
IFT122	NA	3879	1	0	0	0	0	0	1	0	1.0	0.0	0.0	1.0
IQCB1	NA	1797	1	0	0	0	0	0	1	0	1.0	0.0	0.0	1.0
IQSEC1	NA	3345	1	0	0	0	0	0	1	0	1.0	0.0	0.0	1.0
KALRN	NA	8961	1	0	0	0	0	0	1	0	1.0	0.0	0.0	1.0
LAMP3	NA	1251	1	0	0	0	0	0	1	0	1.0	0.0	0.0	1.0
LHFPL4	NA	744	1	0	0	0	0	0	1	0	1.0	0.0	0.0	1.0
MAGI1	NA	4389	1	0	0	0	0	0	1	0	1.0	0.0	0.0	1.0
MAP3K13	NA	2901	1	0	0	0	0	0	1	0	1.0	0.0	0.0	1.0
MASP1	NA	2187	1	0	0	0	0	0	1	0	1.0	0.0	0.0	1.0
MGLL	NA	942	1	0	0	0	0	0	1	0	1.0	0.0	0.0	1.0
MUC4	NA	16239	1	0	0	0	0	0	1	0	1.0	0.0	0.0	1.0
MYD88	NA	954	1	1	0	0	0	0	1	0	1.0	0.0	0.0	1.0
NAALADL2	NA	2388	1	0	0	0	0	0	1	0	1.0	0.0	0.0	1.0
NBEAL2	NA	8265	1	0	1	0	0	0	0	0	1.0	0.0	0.0	1.0
NCKIPSD	NA	2169	1	0	0	0	0	0	1	0	1.0	0.0	0.0	1.0
NISCH	NA	4515	1	0	0	0	0	0	1	0	1.0	0.0	0.0	1.0
NKTR	NA	4389	1	0	0	0	0	0	1	0	1.0	0.0	0.0	1.0
PBRM1	NA	4749	1	0	1	0	0	0	0	0	1.0	1.0	0.0	-0.0
PFKFB4	NA	1410	1	0	0	0	0	0	1	0	1.0	0.0	0.0	1.0
PHLDB2	NA	3762	1	0	0	0	0	0	1	0	1.0	0.0	0.0	1.0
PIK3CA	NA	3207	1	0	0	0	0	0	1	0	1.0	0.0	0.0	1.0
PLXNA1	NA	5691	1	0	0	0	0	0	1	0	1.0	0.0	0.0	1.0
PLXND1	NA	5778	0	1	0	0	0	0	0	0	1.0	0.0	0.0	1.0
POLR2H	NA	453	1	0	0	0	0	0	1	0	1.0	0.0	0.0	1.0
ROPN1	NA	639	0	1	0	0	0	0	0	0	1.0	0.0	0.0	1.0
RPN1	NA	1824	0	1	0	0	0	0	0	0	1.0	0.0	0.0	1.0
SCN10A	NA	5871	1	0	0	0	0	0	1	0	1.0	0.0	0.0	1.0
SCN11A	NA	5376	2	0	0	0	0	0	2	0	1.0	0.0	0.0	1.0
SEMA5B	NA	3618	0	1	0	0	0	0	0	0	1.0	0.0	0.0	1.0
SETD2	NA	7695	3	0	2	0	0	0	1	0	1.0	1.0	0.0	0.4056390622295664
SLC6A11	NA	1899	0	1	0	0	0	0	0	0	1.0	0.0	0.0	1.0
SLC7A14	NA	2316	0	1	0	0	0	0	0	0	1.0	0.0	0.0	1.0
SPATA16	NA	1710	1	0	0	0	0	0	1	0	1.0	0.0	0.0	1.0
SRGAP3	NA	3300	1	0	0	0	0	0	1	0	1.0	0.0	0.0	1.0
STAB1	NA	7713	1	0	0	0	0	0	1	0	1.0	0.0	0.0	1.0
TGFBR2	NA	1779	1	0	0	0	1	0	0	0	1.0	0.0	0.0	1.0
TLR9	NA	3099	1	0	0	0	0	0	1	0	1.0	0.0	0.0	1.0
TMIE	NA	471	1	0	0	0	0	0	1	0	1.0	0.0	0.0	1.0
TNK2	NA	3261	1	1	0	0	0	0	1	0	1.0	0.0	0.0	1.0
TRAK1	NA	2862	0	1	0	0	0	0	0	0	1.0	0.0	0.0	1.0
TRANK1	NA	8778	0	1	0	0	0	0	0	0	1.0	0.0	0.0	1.0
TRIM59	NA	1212	1	0	0	0	0	0	1	0	1.0	0.0	0.0	1.0
TRIM71	NA	2607	0	1	0	0	0	0	0	0	1.0	0.0	0.0	1.0
TRPC1	NA	2382	1	0	0	0	0	0	1	0	1.0	0.0	0.0	1.0
UBP1	NA	1623	1	0	0	0	0	0	1	0	1.0	0.0	0.0	1.0
VEPH1	NA	2502	1	0	0	0	0	0	1	0	1.0	0.0	0.0	1.0
XIRP1	NA	5532	1	0	0	0	0	0	1	0	1.0	0.0	0.0	1.0
XRN1	NA	5121	0	1	0	0	0	0	0	0	1.0	0.0	0.0	1.0
ZBBX	NA	2520	1	0	0	0	0	0	1	0	1.0	0.0	0.0	1.0
ZBTB20	NA	2226	2	0	0	0	0	0	2	0	1.0	0.0	0.0	1.0
ZNF654	NA	1746	0	1	0	0	0	0	0	0	1.0	0.0	0.0	1.0
ABCF1	NA	2538	1	0	0	0	0	0	1	0	1.0	0.0	0.0	1.0
AGPAT4	NA	1137	0	1	0	0	0	0	0	0	1.0	0.0	0.0	1.0
AIM1	NA	5172	1	0	0	0	0	0	1	0	1.0	0.0	0.0	1.0
AKAP12	NA	5349	1	0	0	0	0	0	1	0	1.0	0.0	0.0	1.0
ASCC3	NA	6609	1	0	0	0	0	0	1	0	1.0	0.0	0.0	1.0
BAI3	NA	4569	0	1	0	0	0	0	0	0	1.0	0.0	0.0	1.0
CCND3	NA	879	1	0	0	0	0	0	1	0	1.0	0.0	0.0	1.0
CFB	NA	2295	2	0	0	0	0	0	2	0	1.0	0.0	0.0	1.0
CLVS2	NA	984	0	1	0	0	0	0	0	0	1.0	0.0	0.0	1.0
COL12A1	NA	9192	0	1	0	0	0	0	0	0	1.0	0.0	0.0	1.0
COL19A1	NA	3429	1	0	0	0	0	0	1	0	1.0	0.0	0.0	1.0
CUTA	NA	597	1	0	0	0	0	0	1	0	1.0	0.0	0.0	1.0
DAAM2	NA	3207	1	0	0	0	1	0	0	0	1.0	0.0	0.0	1.0
DDR1	NA	2760	1	0	0	0	0	0	1	0	1.0	0.0	0.0	1.0
DNAH8	NA	14124	0	1	0	0	0	0	0	0	1.0	0.0	0.0	1.0
DSP	NA	8616	1	0	0	0	0	0	1	0	1.0	0.0	0.0	1.0
DST	NA	15516	1	0	0	0	0	0	1	0	1.0	0.0	0.0	1.0
EPHA7	NA	2997	1	0	0	0	0	0	1	0	1.0	0.0	0.0	1.0
FAM184A	NA	3423	1	0	0	0	0	0	1	0	1.0	0.0	0.0	1.0
CMTR1	NA	2508	1	0	1	0	0	0	0	0	1.0	0.0	0.0	1.0
GABRR1	NA	1440	0	2	0	0	0	0	0	0	1.0	0.0	0.0	1.0
HBS1L	NA	2055	1	0	0	0	0	0	1	0	1.0	0.0	0.0	1.0
HCRTR2	NA	1335	1	0	0	0	0	0	1	0	1.0	0.0	0.0	1.0
HIST1H3F	NA	411	1	0	0	0	0	0	1	0	1.0	0.0	0.0	1.0
HIST1H4C	NA	312	0	1	0	0	0	0	0	0	1.0	0.0	0.0	1.0
HIST1H4D	NA	312	1	0	0	0	0	0	1	0	1.0	0.0	0.0	1.0
HIST1H4I	NA	312	1	0	0	0	0	0	1	0	1.0	0.0	0.0	1.0
HSPA1A	NA	1926	1	0	0	0	0	0	1	0	1.0	0.0	0.0	1.0
IMPG1	NA	2394	1	0	0	0	0	0	1	0	1.0	0.0	0.0	1.0
IRF4	NA	1356	1	0	0	0	0	0	1	0	1.0	0.0	0.0	1.0
KIF13A	NA	5418	0	1	0	0	0	0	0	0	1.0	0.0	0.0	1.0
KLHL31	NA	1905	1	0	0	0	0	0	1	0	1.0	0.0	0.0	1.0
LAMA4	NA	5472	1	0	0	0	0	0	1	0	1.0	0.0	0.0	1.0
LATS1	NA	3393	1	0	0	0	0	0	1	0	1.0	0.0	0.0	1.0
LRP11	NA	1503	1	0	0	0	0	0	1	0	1.0	0.0	0.0	1.0
LRRC73	NA	951	1	0	0	0	0	0	1	0	1.0	0.0	0.0	1.0
LY6G6C	NA	378	1	0	0	0	0	0	1	0	1.0	0.0	0.0	1.0
MAP3K4	NA	4827	1	0	0	0	0	0	1	0	1.0	0.0	0.0	1.0
MAPK13	NA	1098	1	0	0	0	1	0	0	0	1.0	0.0	0.0	1.0
MCUR1	NA	1080	0	1	0	0	0	0	0	0	1.0	0.0	0.0	1.0
MDN1	NA	16791	1	0	1	0	0	0	0	0	1.0	0.0	0.0	1.0
MYLK4	NA	1167	1	0	0	0	0	0	1	0	1.0	0.0	0.0	1.0
NCOA7	NA	2829	1	1	0	0	0	0	1	0	1.0	0.0	0.0	1.0
NEU1	NA	1248	1	0	0	0	0	0	1	0	1.0	0.0	0.0	1.0
NFKBIE	NA	1503	1	0	1	0	0	0	0	0	1.0	0.0	0.0	1.0
NUDT3	NA	519	1	0	0	0	1	0	0	0	1.0	0.0	0.0	1.0
OR12D3	NA	951	0	1	0	0	0	0	0	0	1.0	0.0	0.0	1.0
PDE10A	NA	2370	1	0	1	0	0	0	0	0	1.0	0.0	0.0	1.0
PKHD1	NA	12225	2	0	0	0	0	0	2	0	1.0	0.0	0.0	1.0
PLAGL1	NA	1392	1	0	0	0	0	0	1	0	1.0	0.0	0.0	1.0
PM20D2	NA	1311	1	0	0	0	0	0	1	0	1.0	0.0	0.0	1.0
PPP1R3G	NA	1077	1	0	0	0	0	0	1	0	1.0	0.0	0.0	1.0
PREP	NA	2133	0	1	0	0	0	0	0	0	1.0	0.0	0.0	1.0
PRICKLE4	NA	1155	1	0	0	0	0	0	1	0	1.0	0.0	0.0	1.0
PRPF4B	NA	3024	1	0	0	0	0	0	1	0	1.0	0.0	0.0	1.0
PRR18	NA	888	1	0	0	0	0	0	1	0	1.0	0.0	0.0	1.0
REPS1	NA	2388	0	1	0	0	0	0	0	0	1.0	0.0	0.0	1.0
RGL2	NA	2334	2	0	0	0	0	0	2	0	1.0	0.0	0.0	1.0
ROS1	NA	7044	2	0	0	0	0	0	2	0	1.0	0.0	0.0	1.0
RSPH4A	NA	2151	2	0	0	0	0	0	2	0	1.0	0.0	0.0	1.0
SGK1	NA	1581	1	0	0	0	0	0	1	0	1.0	0.0	0.0	1.0
SLC17A5	NA	1488	1	0	0	0	0	0	1	0	1.0	0.0	0.0	1.0
SLC22A1	NA	1665	1	0	0	0	0	0	1	0	1.0	0.0	0.0	1.0
SLC22A16	NA	1734	1	0	0	0	0	0	1	0	1.0	0.0	0.0	1.0
SLC22A23	NA	2061	1	0	0	0	0	0	1	0	1.0	0.0	0.0	1.0
SYNE1	NA	26394	1	1	0	0	0	0	1	0	1.0	0.0	0.0	1.0
TAF11	NA	636	1	0	0	0	0	0	1	0	1.0	0.0	0.0	1.0
TDRD6	NA	6291	2	0	0	0	0	0	2	0	1.0	0.0	0.0	1.0
TNXB	NA	12729	0	1	0	0	0	0	0	0	1.0	0.0	0.0	1.0
TPMT	NA	738	1	0	0	0	0	0	1	0	1.0	0.0	0.0	1.0
TRIM10	NA	1446	1	0	0	0	0	0	1	0	1.0	0.0	0.0	1.0
TRIM31	NA	1278	1	0	0	0	0	0	1	0	1.0	0.0	0.0	1.0
TRIM38	NA	1398	1	0	0	0	0	0	1	0	1.0	0.0	0.0	1.0
TULP1	NA	1629	1	0	0	0	0	0	1	0	1.0	0.0	0.0	1.0
UBE3D	NA	1170	1	0	0	0	0	0	1	0	1.0	0.0	0.0	1.0
VARS	NA	3795	1	0	0	0	0	0	1	0	1.0	0.0	0.0	1.0
VNN1	NA	1542	1	0	0	0	0	0	1	0	1.0	0.0	0.0	1.0
VNN3	NA	1503	1	0	0	0	0	0	1	0	1.0	0.0	0.0	1.0
XPO5	NA	3615	1	0	0	0	0	0	1	0	1.0	0.0	0.0	1.0
ZBTB22	NA	1905	1	0	0	0	0	0	1	0	1.0	0.0	0.0	1.0
ABCC9	NA	4650	1	0	0	0	0	0	1	0	1.0	0.0	0.0	1.0
ACACB	NA	7377	0	1	0	0	0	0	0	0	1.0	0.0	0.0	1.0
ACSM4	NA	1743	1	0	0	0	0	0	1	0	1.0	0.0	0.0	1.0
ADAMTS20	NA	5733	1	0	0	0	0	0	1	0	1.0	0.0	0.0	1.0
AKAP3	NA	2562	0	1	0	0	0	0	0	0	1.0	0.0	0.0	1.0
AMDHD1	NA	1281	1	0	0	0	0	0	1	0	1.0	0.0	0.0	1.0
ANAPC7	NA	1800	1	0	0	0	0	0	1	0	1.0	0.0	0.0	1.0
ANHX	NA	1140	2	0	1	0	0	0	1	0	1.0	0.0	0.0	1.0
ARID2	NA	5508	0	1	0	0	0	0	0	0	1.0	2.0	0.0	0.579380164285695
ASCL4	NA	522	1	0	0	0	0	0	1	0	1.0	0.0	0.0	1.0
ASUN	NA	2121	1	0	0	0	0	0	1	0	1.0	0.0	0.0	1.0
ATF7	NA	1452	1	0	0	0	0	0	1	0	1.0	0.0	0.0	1.0
ATXN2	NA	3942	0	1	0	0	0	0	0	0	1.0	0.0	0.0	1.0
BCL7A	NA	696	0	1	0	0	0	0	0	0	1.0	0.0	0.0	1.0
CACNA1C	NA	6666	0	1	0	0	0	0	0	0	1.0	0.0	0.0	1.0
CAPRIN2	NA	3384	1	0	0	0	0	0	1	0	1.0	0.0	0.0	1.0
CCDC63	NA	1692	2	0	0	0	0	0	2	0	1.0	0.0	0.0	1.0
CCT2	NA	1608	1	0	0	0	0	0	1	0	1.0	0.0	0.0	1.0
CD27	NA	783	1	0	0	0	0	0	1	0	1.0	0.0	0.0	1.0
CIT	NA	6210	0	1	0	0	0	0	0	0	1.0	0.0	0.0	1.0
DCN	NA	1080	0	1	0	0	0	0	0	0	1.0	0.0	0.0	1.0
DNAH10	NA	13416	2	0	0	0	0	0	2	0	1.0	0.0	0.0	1.0
EEA1	NA	4236	1	0	0	0	0	0	1	0	1.0	0.0	0.0	1.0
FAM109A	NA	789	0	1	0	0	0	0	0	0	1.0	0.0	0.0	1.0
FBRSL1	NA	3138	1	0	0	0	0	0	1	0	1.0	0.0	0.0	1.0
FGD6	NA	4293	1	0	0	0	0	0	1	0	1.0	0.0	0.0	1.0
FMNL3	NA	3084	0	1	0	0	0	0	0	0	1.0	0.0	0.0	1.0
GALNT8	NA	1914	1	0	0	0	0	0	1	0	1.0	0.0	0.0	1.0
GCN1L1	NA	8016	1	1	1	0	0	0	0	0	1.0	0.0	0.0	1.0
GLI1	NA	3321	1	0	0	0	0	0	1	0	1.0	0.0	0.0	1.0
GPR162	NA	1767	1	0	0	0	0	0	1	0	1.0	0.0	0.0	1.0
GPRC5D	NA	1038	1	0	0	0	0	0	1	0	1.0	0.0	0.0	1.0
GRIN2B	NA	4455	1	0	0	0	0	0	1	0	1.0	0.0	0.0	1.0
GSG1	NA	1089	1	0	0	0	0	0	1	0	1.0	0.0	0.0	1.0
GTSF1	NA	504	1	0	0	0	1	0	0	0	1.0	0.0	0.0	1.0
HECTD4	NA	12855	1	0	0	0	0	0	1	0	1.0	0.0	0.0	1.0
HIP1R	NA	3207	1	0	0	0	0	0	1	0	1.0	0.0	0.0	1.0
IRAK4	NA	1383	1	0	0	0	0	0	1	0	1.0	0.0	0.0	1.0
ITFG2	NA	1344	1	0	0	0	0	0	1	0	1.0	0.0	0.0	1.0
KANSL2	NA	1479	1	0	0	0	0	0	1	0	1.0	0.0	0.0	1.0
KCNMB4	NA	633	0	1	0	0	0	0	0	0	1.0	0.0	0.0	1.0
KIAA1467	NA	1869	0	1	0	0	0	0	0	0	1.0	0.0	0.0	1.0
KIF21A	NA	5025	1	1	1	0	0	0	0	0	1.0	0.0	0.0	1.0
KRAS	NA	570	1	0	0	0	0	0	1	0	1.0	0.0	0.0	1.0
KRT2	NA	1920	0	1	0	0	0	0	0	0	1.0	0.0	0.0	1.0
KRT72	NA	1536	0	1	0	0	0	0	0	0	1.0	0.0	0.0	1.0
KRT78	NA	1563	0	1	0	0	0	0	0	0	1.0	0.0	0.0	1.0
LRRIQ1	NA	5169	1	0	0	0	0	0	1	0	1.0	0.0	0.0	1.0
LRRK2	NA	7584	0	1	0	0	0	0	0	0	1.0	1.0	0.0	1.0
LTBR	NA	1308	1	1	0	0	0	0	1	0	1.0	0.0	0.0	1.0
MLXIP	NA	2760	1	0	0	0	0	0	1	0	1.0	0.0	0.0	1.0
NAP1L1	NA	1176	1	0	1	0	0	0	0	0	1.0	0.0	0.0	1.0
NAV3	NA	7092	1	0	0	0	0	0	1	0	1.0	0.0	0.0	1.0
NCKAP1L	NA	3384	1	0	0	0	0	0	1	0	1.0	0.0	0.0	1.0
NELL2	NA	2601	0	1	0	0	0	0	0	0	1.0	0.0	0.0	1.0
NOC4L	NA	1551	0	1	0	0	0	0	0	0	1.0	0.0	0.0	1.0
NOS1	NA	4407	0	1	0	0	0	0	0	0	1.0	0.0	0.0	1.0
NR4A1	NA	1836	1	0	0	0	0	0	1	0	1.0	0.0	0.0	1.0
PDE3A	NA	3426	0	1	0	0	0	0	0	0	1.0	0.0	0.0	1.0
PLBD2	NA	1770	0	1	0	0	0	0	0	0	1.0	0.0	0.0	1.0
PLCZ1	NA	1827	1	0	0	0	0	0	1	0	1.0	0.0	0.0	1.0
PLXNC1	NA	4707	1	0	0	0	0	0	1	0	1.0	0.0	0.0	1.0
PPP1R12A	NA	3093	1	0	0	0	0	0	1	0	1.0	0.0	0.0	1.0
PRICKLE1	NA	2496	1	0	0	0	0	0	1	0	1.0	0.0	0.0	1.0
PTPRQ	NA	6384	1	0	1	0	0	0	0	0	1.0	0.0	0.0	1.0
RDH16	NA	954	2	0	0	2	0	0	0	0	1.0	0.0	0.0	-0.0
RSRC2	NA	1305	1	0	0	0	0	0	1	0	1.0	0.0	0.0	1.0
SH2B3	NA	1728	1	0	0	0	0	0	1	0	1.0	0.0	0.0	1.0
SLC6A12	NA	1845	0	1	0	0	0	0	0	0	1.0	0.0	0.0	1.0
SRGAP1	NA	3258	0	1	0	0	0	0	0	0	1.0	0.0	0.0	1.0
STAB2	NA	7656	1	1	0	0	0	0	1	0	1.0	0.0	0.0	1.0
SUOX	NA	1638	1	0	0	0	0	0	1	0	1.0	0.0	0.0	1.0
SVOP	NA	1488	1	0	0	0	0	0	1	0	1.0	0.0	0.0	1.0
TBX3	NA	2232	1	0	1	0	0	0	0	0	1.0	0.0	0.0	1.0
TIMELESS	NA	3627	1	0	0	0	0	0	1	0	1.0	0.0	0.0	1.0
TMEM132C	NA	3327	1	0	0	0	0	0	1	0	1.0	0.0	0.0	1.0
TMTC2	NA	2511	1	0	0	0	0	0	1	0	1.0	0.0	0.0	1.0
UTP20	NA	8358	2	1	0	0	0	0	2	0	1.0	0.0	0.0	1.0
VWF	NA	8442	2	0	0	0	0	0	2	0	1.0	0.0	0.0	1.0
WBP11	NA	1926	1	1	0	0	0	0	1	0	1.0	0.0	0.0	1.0
WNT1	NA	1113	1	0	0	0	0	0	1	0	1.0	0.0	0.0	1.0
WSCD2	NA	1698	1	0	0	0	0	0	1	0	1.0	0.0	0.0	1.0
ZNF664	NA	786	1	0	0	0	0	0	1	0	1.0	0.0	0.0	1.0
ABCB4	NA	3861	1	0	0	0	0	0	1	0	1.0	0.0	0.0	1.0
ABCF2	NA	1905	1	0	0	0	0	0	1	0	1.0	0.0	0.0	1.0
ACTL6B	NA	1281	1	0	0	0	0	0	1	0	1.0	0.0	0.0	1.0
AHCYL2	NA	1836	1	0	0	0	0	0	1	0	1.0	0.0	0.0	1.0
AOAH	NA	2065	0	1	0	0	0	0	0	0	1.0	0.0	0.0	1.0
AQP1	NA	810	0	1	0	0	0	0	0	0	1.0	0.0	0.0	1.0
ASL	NA	1395	1	0	0	0	0	0	1	0	1.0	0.0	0.0	1.0
BRI3	NA	378	0	1	0	0	0	0	0	0	1.0	0.0	0.0	1.0
SUGCT	NA	1416	1	0	0	0	0	0	1	0	1.0	0.0	0.0	1.0
CASD1	NA	2394	0	1	0	0	0	0	0	0	1.0	0.0	0.0	1.0
CBLL1	NA	1476	1	0	0	0	0	0	1	0	1.0	0.0	0.0	1.0
CDK14	NA	1356	1	0	0	0	0	0	1	0	1.0	0.0	0.0	1.0
CLCN1	NA	2967	1	0	0	0	1	0	0	0	1.0	0.0	0.0	1.0
CLIP2	NA	3141	1	0	0	0	0	0	1	0	1.0	0.0	0.0	1.0
CNTNAP2	NA	3996	1	0	0	0	0	0	1	0	1.0	0.0	0.0	1.0
COBL	NA	3786	2	0	0	0	0	0	2	0	1.0	0.0	0.0	1.0
COL28A1	NA	3378	1	0	0	0	0	0	1	0	1.0	0.0	0.0	1.0
CROT	NA	1923	1	0	0	0	0	0	1	0	1.0	0.0	0.0	1.0
CTTNBP2	NA	4992	1	0	0	0	0	0	1	0	1.0	0.0	0.0	1.0
CUX1	NA	4551	0	1	0	0	0	0	0	0	1.0	0.0	0.0	1.0
DAGLB	NA	2019	1	0	0	0	0	0	1	0	1.0	0.0	0.0	1.0
DMTF1	NA	2283	1	0	0	0	0	0	1	0	1.0	0.0	0.0	1.0
COL26A1	NA	1325	1	0	0	0	0	0	1	0	1.0	0.0	0.0	1.0
EPHA1	NA	2931	1	0	0	0	0	0	1	0	1.0	0.0	0.0	1.0
EPHB4	NA	2964	0	1	0	0	0	0	0	0	1.0	0.0	0.0	1.0
EZH2	NA	2256	1	0	1	0	0	0	0	0	1.0	0.0	0.0	1.0
FAM183B	NA	408	3	0	1	0	0	0	2	0	1.0	0.0	0.0	1.0
FAM71F1	NA	1035	1	0	0	0	0	0	1	0	1.0	0.0	0.0	1.0
FBXL18	NA	2157	0	1	0	0	0	0	0	0	1.0	0.0	0.0	1.0
FZD9	NA	1776	1	0	0	0	0	0	1	0	1.0	0.0	0.0	1.0
GALNT11	NA	1827	1	0	0	0	0	0	1	0	1.0	0.0	0.0	1.0
GBAS	NA	861	1	0	0	0	0	0	1	0	1.0	0.0	0.0	1.0
GIMAP1	NA	921	0	2	0	0	0	0	0	0	1.0	0.0	0.0	1.0
GLI3	NA	4743	1	0	0	0	0	0	1	0	1.0	0.0	0.0	1.0
HIPK2	NA	3597	1	0	0	0	0	0	1	0	1.0	0.0	0.0	1.0
INTS1	NA	6573	0	1	0	0	0	0	0	0	1.0	0.0	0.0	1.0
IRF5	NA	1545	0	1	0	0	0	0	0	0	1.0	0.0	0.0	1.0
KCNH2	NA	3480	1	0	0	0	0	0	1	0	1.0	0.0	0.0	1.0
KIAA1324L	NA	3090	1	0	0	0	0	0	1	0	1.0	0.0	0.0	1.0
KLHL7	NA	1761	0	1	0	0	0	0	0	0	1.0	0.0	0.0	1.0
KPNA7	NA	1551	0	1	0	0	0	0	0	0	1.0	0.0	0.0	1.0
KMT2C	NA	14736	1	0	1	0	0	0	0	0	1.0	0.0	0.0	1.0
MUC17	NA	13482	1	0	0	0	0	0	1	0	1.0	0.0	0.0	1.0
MYO1G	NA	3057	1	0	0	0	0	0	1	0	1.0	0.0	0.0	1.0
NOD1	NA	2862	0	2	0	0	0	0	0	0	1.0	0.0	0.0	1.0
NUDT1	NA	540	1	0	0	0	0	0	1	0	1.0	0.0	0.0	1.0
OCM	NA	330	0	1	0	0	0	0	0	0	1.0	0.0	0.0	1.0
PARP12	NA	2106	0	2	0	0	0	0	0	0	1.0	0.0	0.0	1.0
PDIA4	NA	1938	1	0	0	0	0	0	1	0	1.0	0.0	0.0	1.0
PEX1	NA	3852	1	0	0	0	0	0	1	0	1.0	0.0	0.0	1.0
RAB19	NA	654	1	0	0	0	0	0	1	0	1.0	0.0	0.0	1.0
RADIL	NA	3228	0	1	0	0	0	0	0	0	1.0	1.0	0.0	1.0
RELN	NA	10383	1	0	0	0	1	0	0	0	1.0	0.0	0.0	1.0
REPIN1	NA	1875	1	0	0	0	0	0	1	0	1.0	0.0	0.0	1.0
RSBN1L	NA	2541	0	1	0	0	0	0	0	0	1.0	0.0	0.0	1.0
RUNDC3B	NA	1422	0	1	0	0	0	0	0	0	1.0	0.0	0.0	1.0
SAMD9L	NA	4755	1	0	0	0	0	0	1	0	1.0	0.0	0.0	1.0
SDK1	NA	6642	2	0	0	0	0	0	2	0	1.0	0.0	0.0	1.0
SHFM1	NA	213	1	0	0	0	0	0	1	0	1.0	0.0	0.0	1.0
SLC13A4	NA	1881	2	0	0	0	0	0	2	0	1.0	0.0	0.0	1.0
SLC29A4	NA	1593	1	0	0	0	0	0	1	0	1.0	0.0	0.0	1.0
SMO	NA	2364	0	1	0	0	0	0	0	0	1.0	0.0	0.0	1.0
SMURF1	NA	2274	0	1	0	0	0	0	0	0	1.0	0.0	0.0	1.0
SRPK2	NA	2100	1	1	0	0	1	0	0	0	1.0	0.0	0.0	1.0
SRRM3	NA	1961	2	0	0	0	0	0	2	0	1.0	0.0	0.0	1.0
STAG3	NA	3678	1	0	0	0	0	0	1	0	1.0	0.0	0.0	1.0
STK31	NA	3060	0	1	0	0	0	0	0	0	1.0	0.0	0.0	1.0
TAC1	NA	390	1	0	0	0	0	0	1	0	1.0	0.0	0.0	1.0
TAS2R40	NA	972	1	0	0	0	0	0	1	0	1.0	0.0	0.0	1.0
TBXAS1	NA	1743	0	1	0	0	0	0	0	0	1.0	0.0	0.0	1.0
TMEM229A	NA	1143	1	0	0	0	0	0	1	0	1.0	0.0	0.0	1.0
TNRC18	NA	8907	1	0	0	0	0	0	1	0	1.0	0.0	0.0	1.0
TRBV5-6	NA	343	0	1	0	0	0	0	0	0	1.0	0.0	0.0	1.0
UPK3B	NA	963	1	0	0	0	0	0	1	0	1.0	0.0	0.0	1.0
VPS41	NA	2565	1	0	1	0	0	0	0	0	1.0	0.0	0.0	1.0
WDR91	NA	2244	1	1	0	0	0	0	1	0	1.0	0.0	0.0	1.0
ZAN	NA	8438	1	0	0	0	0	0	1	0	1.0	0.0	0.0	1.0
ZNF282	NA	2016	1	1	0	0	0	0	1	0	1.0	0.0	0.0	1.0
ZNF425	NA	2259	0	1	0	0	0	0	0	0	1.0	0.0	0.0	1.0
ZNF679	NA	1236	1	0	0	0	0	0	1	0	1.0	0.0	0.0	1.0
ZNF853	NA	1980	1	0	0	0	0	0	1	0	1.0	0.0	0.0	1.0
ZSCAN21	NA	1422	1	0	0	0	0	0	1	0	1.0	0.0	0.0	1.0
ABLIM3	NA	2052	2	0	0	0	0	0	2	0	1.0	0.0	0.0	1.0
ACOT12	NA	1668	1	0	0	0	0	0	1	0	1.0	0.0	0.0	1.0
AFAP1L1	NA	2307	1	0	0	0	0	0	1	0	1.0	0.0	0.0	1.0
ANKDD1B	NA	1587	0	1	0	0	0	0	0	0	1.0	0.0	0.0	1.0
ANKRD55	NA	1845	0	1	0	0	0	0	0	0	1.0	0.0	0.0	1.0
ARAP3	NA	4635	0	1	0	0	0	0	0	0	1.0	0.0	0.0	1.0
ARHGAP26	NA	2445	1	0	0	0	0	0	1	0	1.0	0.0	0.0	1.0
BTNL3	NA	1401	1	0	0	0	0	0	1	0	1.0	0.0	0.0	1.0
BTNL8	NA	1503	1	0	0	0	0	0	1	0	1.0	0.0	0.0	1.0
C5orf24	NA	567	1	0	0	0	0	0	1	0	1.0	0.0	0.0	1.0
C5orf42	NA	9594	0	1	0	0	0	0	0	0	1.0	0.0	0.0	1.0
C6	NA	2805	0	1	0	0	0	0	0	0	1.0	0.0	0.0	1.0
CAST	NA	2253	1	0	0	0	0	0	1	0	1.0	0.0	0.0	1.0
CDC25C	NA	1422	0	1	0	0	0	0	0	0	1.0	0.0	0.0	1.0
CDH6	NA	2373	1	1	0	0	0	0	1	0	1.0	0.0	0.0	1.0
CDH9	NA	2370	1	0	0	0	0	0	1	0	1.0	0.0	0.0	1.0
CEP72	NA	1944	1	0	0	0	0	0	1	0	1.0	0.0	0.0	1.0
CLINT1	NA	1932	1	0	0	0	0	0	1	0	1.0	0.0	0.0	1.0
COL4A3BP	NA	2259	0	1	0	0	0	0	0	0	1.0	0.0	0.0	1.0
DROSHA	NA	4125	1	0	0	0	0	0	1	0	1.0	0.0	0.0	1.0
DTWD2	NA	897	1	0	0	0	0	0	1	0	1.0	0.0	0.0	1.0
EDIL3	NA	1443	1	0	0	0	0	0	1	0	1.0	0.0	0.0	1.0
FAM53C	NA	1179	1	0	0	0	0	0	1	0	1.0	0.0	0.0	1.0
FAXDC2	NA	1002	0	1	0	0	0	0	0	0	1.0	0.0	0.0	1.0
FBN2	NA	8739	0	1	0	0	0	0	0	0	1.0	0.0	0.0	1.0
FBXL7	NA	1476	1	0	0	0	0	0	1	0	1.0	0.0	0.0	1.0
FBXO38	NA	3342	1	0	1	0	0	0	0	0	1.0	0.0	0.0	1.0
FNIP1	NA	3501	1	0	0	0	0	0	1	0	1.0	0.0	0.0	1.0
FYB	NA	2520	1	0	0	0	0	0	1	0	1.0	0.0	0.0	1.0
GPR98	NA	18921	1	0	0	0	0	0	1	0	1.0	0.0	0.0	1.0
GPRIN1	NA	3027	0	1	0	0	0	0	0	0	1.0	0.0	0.0	1.0
GPX8	NA	630	1	0	0	0	0	0	1	0	1.0	0.0	0.0	1.0
GRIA1	NA	2751	1	1	0	0	0	0	1	0	1.0	0.0	0.0	1.0
GZMA	NA	789	1	0	0	0	0	0	1	0	1.0	0.0	0.0	1.0
HAPLN1	NA	1065	1	0	0	0	0	0	1	0	1.0	0.0	0.0	1.0
HCN1	NA	2673	0	1	0	0	0	0	0	0	1.0	0.0	0.0	1.0
HK3	NA	2772	1	0	0	0	0	0	1	0	1.0	0.0	0.0	1.0
HMGXB3	NA	3879	1	0	0	0	0	0	1	0	1.0	0.0	0.0	1.0
HNRNPAB	NA	999	1	0	0	0	0	0	1	0	1.0	0.0	0.0	1.0
HNRNPH1	NA	1350	1	0	0	0	0	0	1	0	1.0	0.0	0.0	1.0
IQGAP2	NA	4728	1	0	1	0	0	0	0	0	1.0	0.0	0.0	1.0
ITGA1	NA	3540	1	0	0	0	0	0	1	0	1.0	0.0	0.0	1.0
KCNMB1	NA	576	0	1	0	0	0	0	0	0	1.0	0.0	0.0	1.0
KIF3A	NA	2100	1	0	0	0	0	0	1	0	1.0	0.0	0.0	1.0
KIF4B	NA	3705	1	0	0	0	0	0	1	0	1.0	0.0	0.0	1.0
KLHL3	NA	1764	1	0	0	0	0	0	1	0	1.0	0.0	0.0	1.0
LMAN2	NA	1071	0	1	0	0	0	0	0	0	1.0	0.0	0.0	1.0
LOX	NA	1254	1	0	0	0	1	0	0	0	1.0	0.0	0.0	1.0
MROH2B	NA	4758	1	0	0	0	0	0	1	0	1.0	0.0	0.0	1.0
MRPS30	NA	1320	1	1	0	0	0	0	1	0	1.0	0.0	0.0	1.0
NEURL1B	NA	1668	1	0	0	0	0	0	1	0	1.0	0.0	0.0	1.0
NIPBL	NA	8415	1	0	0	0	0	0	1	0	1.0	0.0	0.0	1.0
NPR3	NA	1626	0	1	0	0	0	0	0	0	1.0	0.0	0.0	1.0
NRG2	NA	2577	1	0	0	0	0	0	1	0	1.0	0.0	0.0	1.0
NSD1	NA	8091	1	0	0	0	0	0	1	0	1.0	0.0	0.0	1.0
NUP155	NA	4176	0	1	0	0	0	0	0	0	1.0	0.0	0.0	1.0
PCDHA2	NA	2847	0	1	0	0	0	0	0	0	1.0	0.0	0.0	1.0
PCDHA6	NA	2853	0	1	0	0	0	0	0	0	1.0	0.0	0.0	1.0
PCDHB10	NA	2403	1	1	1	0	0	0	0	0	1.0	0.0	0.0	1.0
PCDHB13	NA	2397	0	1	0	0	0	0	0	0	1.0	0.0	0.0	1.0
PCDHB4	NA	2388	0	1	0	0	0	0	0	0	1.0	0.0	0.0	1.0
PCDHB7	NA	2382	1	0	0	0	0	0	1	0	1.0	0.0	0.0	1.0
PCDHGA11	NA	2808	1	0	0	0	0	0	1	0	1.0	0.0	0.0	1.0
PCDHGB1	NA	2784	2	0	0	0	0	0	2	0	1.0	0.0	0.0	1.0
PCDHGB2	NA	2796	1	0	0	0	0	0	1	0	1.0	0.0	0.0	1.0
PCDHGC4	NA	2817	1	0	0	0	0	0	1	0	1.0	0.0	0.0	1.0
PDLIM7	NA	1374	2	0	0	0	0	0	2	0	1.0	0.0	0.0	1.0
PDZD2	NA	8520	1	0	0	0	0	0	1	0	1.0	0.0	0.0	1.0
PLEKHG4B	NA	3816	1	0	0	0	0	0	1	0	1.0	0.0	0.0	1.0
PPARGC1B	NA	3072	1	0	0	0	0	0	1	0	1.0	0.0	0.0	1.0
PSD2	NA	2316	1	0	0	0	0	0	1	0	1.0	0.0	0.0	1.0
RAI14	NA	2952	1	0	0	0	0	0	1	0	1.0	0.0	0.0	1.0
RASGRF2	NA	3714	0	1	0	0	0	0	0	0	1.0	0.0	0.0	1.0
SEC24A	NA	3282	0	1	0	0	0	0	0	0	1.0	0.0	0.0	1.0
SH3RF2	NA	2190	1	0	0	0	0	0	1	0	1.0	0.0	0.0	1.0
SHROOM1	NA	2559	1	0	0	0	0	0	1	0	1.0	0.0	0.0	1.0
SLC27A6	NA	1860	0	1	0	0	0	0	0	0	1.0	0.0	0.0	1.0
SLC36A3	NA	1536	1	0	0	0	0	0	1	0	1.0	0.0	0.0	1.0
SLC4A9	NA	2952	1	0	0	0	0	0	1	0	1.0	0.0	0.0	1.0
SV2C	NA	2184	1	1	0	0	0	0	1	0	1.0	0.0	0.0	1.0
SYNPO	NA	2790	0	1	0	0	0	0	0	0	1.0	0.0	0.0	1.0
TBC1D9B	NA	3753	1	0	1	0	0	0	0	0	1.0	0.0	0.0	1.0
TENM2	NA	8298	1	0	0	0	0	0	1	0	1.0	0.0	0.0	1.0
THBS4	NA	2886	0	1	0	0	0	0	0	0	1.0	0.0	0.0	1.0
TMEM171	NA	975	1	0	0	0	0	0	1	0	1.0	0.0	0.0	1.0
TMEM173	NA	1140	0	1	0	0	0	0	0	0	1.0	0.0	0.0	1.0
TPPP	NA	660	1	0	0	0	0	0	1	0	1.0	0.0	0.0	1.0
TRIO	NA	9294	1	0	0	0	0	0	1	0	1.0	0.0	0.0	1.0
TSPAN17	NA	999	0	1	0	0	0	0	0	0	1.0	0.0	0.0	1.0
WDR55	NA	1152	0	1	0	0	0	0	0	0	1.0	0.0	0.0	1.0
ZNF354B	NA	1839	1	0	0	0	0	0	1	0	1.0	0.0	0.0	1.0
ZNF366	NA	2235	1	0	0	0	0	0	1	0	1.0	0.0	0.0	1.0
ZNF608	NA	4539	1	0	0	0	0	0	1	0	1.0	0.0	0.0	1.0
ZSWIM6	NA	3648	1	0	0	0	0	0	1	0	1.0	0.0	0.0	1.0
AKAP6	NA	6960	1	0	0	0	0	0	1	0	1.0	0.0	0.0	1.0
ARHGEF40	NA	4560	1	0	0	0	0	0	1	0	1.0	0.0	0.0	1.0
ATG14	NA	1479	1	0	0	0	0	0	1	0	1.0	0.0	0.0	1.0
CATSPERB	NA	3351	1	0	0	0	0	0	1	0	1.0	0.0	0.0	1.0
CCDC88C	NA	6087	1	0	0	0	0	0	1	0	1.0	0.0	0.0	1.0
DCAF4	NA	1488	2	0	0	0	0	0	2	0	1.0	0.0	0.0	1.0
EML5	NA	5934	1	0	0	0	0	0	1	0	1.0	0.0	0.0	1.0
ESR2	NA	1593	1	0	0	0	0	0	1	0	1.0	0.0	0.0	1.0
FERMT2	NA	2064	1	0	0	0	0	0	1	0	1.0	0.0	0.0	1.0
HECTD1	NA	7833	0	1	0	0	0	0	0	0	1.0	0.0	0.0	1.0
IGHV4-59	NA	381	0	1	0	0	0	0	0	0	1.0	0.0	0.0	1.0
KHNYN	NA	2037	1	0	1	0	0	0	0	0	1.0	0.0	0.0	1.0
KIF26A	NA	5649	1	0	0	0	0	0	1	0	1.0	0.0	0.0	1.0
KLC1	NA	1857	1	0	0	0	0	0	1	0	1.0	0.0	0.0	1.0
LRFN5	NA	2160	2	0	0	0	0	0	2	0	1.0	0.0	0.0	1.0
MBIP	NA	1035	1	0	0	0	0	0	1	0	1.0	0.0	0.0	1.0
MED6	NA	741	1	0	0	0	0	0	1	0	1.0	0.0	0.0	1.0
MYH7	NA	5808	1	0	0	0	0	0	1	0	1.0	0.0	0.0	1.0
NFKBIA	NA	954	1	0	0	0	0	0	1	0	1.0	0.0	0.0	1.0
PAPLN	NA	3756	1	0	0	0	0	0	1	0	1.0	0.0	0.0	1.0
PLEKHD1	NA	1521	0	1	0	0	0	0	0	0	1.0	0.0	0.0	1.0
PLEKHH1	NA	4095	1	0	0	0	0	0	1	0	1.0	0.0	0.0	1.0
PNP	NA	870	1	0	0	0	0	0	1	0	1.0	0.0	0.0	1.0
PPP1R13B	NA	3273	1	1	0	0	0	0	1	0	1.0	0.0	0.0	1.0
PSMB5	NA	792	1	0	0	0	0	0	1	0	1.0	0.0	0.0	1.0
RALGAPA1	NA	6252	2	0	0	0	0	0	2	0	1.0	0.0	0.0	1.0
RIPK3	NA	1557	1	0	0	0	0	0	1	0	1.0	0.0	0.0	1.0
SAV1	NA	1152	1	0	1	0	0	0	0	0	1.0	0.0	0.0	1.0
SEC23A	NA	2298	1	0	0	0	0	0	1	0	1.0	0.0	0.0	1.0
SERPINA9	NA	1308	1	0	0	0	0	0	1	0	1.0	0.0	0.0	1.0
SLC25A21	NA	900	0	1	0	0	0	0	0	0	1.0	0.0	0.0	1.0
TTC6	NA	5661	1	0	0	0	0	0	1	0	1.0	0.0	0.0	1.0
UNC79	NA	7377	0	1	0	0	0	0	0	0	1.0	0.0	0.0	1.0
VRTN	NA	2109	1	1	0	0	0	0	1	0	1.0	0.0	0.0	1.0
WDR89	NA	1164	2	0	0	0	0	0	2	0	1.0	0.0	0.0	-0.0
ZFYVE26	NA	7620	1	0	0	0	0	0	1	0	1.0	0.0	0.0	1.0
ANKRD11	NA	7992	2	0	0	0	0	0	2	0	1.0	0.0	0.0	1.0
AP1G1	NA	2478	1	0	0	0	0	0	1	0	1.0	0.0	0.0	1.0
BRD7	NA	1959	1	0	0	0	0	0	1	0	1.0	0.0	0.0	1.0
BRICD5	NA	687	0	1	0	0	0	0	0	0	1.0	0.0	0.0	1.0
C16orf59	NA	1302	1	0	0	0	0	0	1	0	1.0	0.0	0.0	1.0
CACNA1H	NA	7062	0	1	0	0	0	0	0	0	1.0	0.0	0.0	1.0
CCDC101	NA	882	1	0	0	0	0	0	1	0	1.0	0.0	0.0	1.0
CDH11	NA	2391	1	0	0	0	0	0	1	0	1.0	0.0	0.0	1.0
CDH8	NA	2400	1	0	0	0	0	0	1	0	1.0	0.0	0.0	1.0
CES1	NA	1707	1	0	0	0	0	0	1	0	1.0	0.0	0.0	1.0
CHD9	NA	8646	1	0	0	0	0	0	1	0	1.0	0.0	0.0	1.0
CPNE7	NA	1902	1	0	0	0	0	0	1	0	1.0	0.0	0.0	1.0
CREBBP	NA	7329	0	1	0	0	0	0	0	0	1.0	0.0	0.0	1.0
DECR2	NA	879	1	0	0	0	1	0	0	0	1.0	0.0	0.0	1.0
DHX38	NA	3684	1	0	1	0	0	0	0	0	1.0	0.0	0.0	1.0
DNAH3	NA	12351	0	2	0	0	0	0	0	0	1.0	0.0	0.0	1.0
DOC2A	NA	1203	0	2	0	0	0	0	0	0	1.0	0.0	0.0	1.0
DPEP2	NA	1461	0	1	0	0	0	0	0	0	1.0	0.0	0.0	1.0
FAM92B	NA	915	1	0	0	0	0	0	1	0	1.0	0.0	0.0	1.0
GRIN2A	NA	4395	0	1	0	0	0	0	0	0	1.0	0.0	0.0	1.0
GTF3C1	NA	6330	2	0	0	0	0	0	2	0	1.0	0.0	0.0	1.0
HEATR3	NA	2043	1	0	0	0	1	0	0	0	1.0	0.0	0.0	1.0
IFT140	NA	4389	1	0	0	0	0	0	1	0	1.0	0.0	0.0	1.0
IL21R	NA	1683	1	0	0	0	0	0	1	0	1.0	0.0	0.0	1.0
IRX5	NA	1452	0	1	0	0	0	0	0	0	1.0	0.0	0.0	1.0
LYRM1	NA	369	1	0	0	0	0	0	1	0	1.0	0.0	0.0	1.0
MMP2	NA	1983	1	1	0	0	0	0	1	0	1.0	0.0	0.0	1.0
MMP25	NA	1689	1	0	0	0	0	0	1	0	1.0	0.0	0.0	1.0
MSLNL	NA	3162	1	0	0	0	0	0	1	0	1.0	0.0	0.0	1.0
MVP	NA	2682	0	1	0	0	0	0	0	0	1.0	0.0	0.0	1.0
NUBP2	NA	816	1	0	0	0	0	0	1	0	1.0	0.0	0.0	1.0
NUDT21	NA	684	1	0	0	0	0	0	1	0	1.0	0.0	0.0	1.0
OGFOD1	NA	1629	1	0	1	0	0	0	0	0	1.0	0.0	0.0	1.0
PAQR4	NA	822	0	1	0	0	0	0	0	0	1.0	0.0	0.0	1.0
PARD6A	NA	1041	1	0	0	0	0	0	1	0	1.0	0.0	0.0	1.0
PLEKHG4	NA	3576	1	0	0	0	0	0	1	0	1.0	0.0	0.0	1.0
PLLP	NA	549	0	1	0	0	0	0	0	0	1.0	0.0	0.0	1.0
PRRT2	NA	1185	1	0	0	0	0	0	1	0	1.0	0.0	0.0	1.0
RLTPR	NA	4308	0	1	0	0	0	0	0	0	1.0	0.0	0.0	1.0
SALL1	NA	3975	0	1	0	0	0	0	0	0	1.0	0.0	0.0	1.0
SETD1A	NA	5124	0	1	0	0	0	0	0	0	1.0	0.0	0.0	1.0
SLC22A31	NA	1017	0	1	0	0	0	0	0	0	1.0	0.0	0.0	1.0
SLC7A6	NA	1548	0	1	0	0	0	0	0	0	1.0	0.0	0.0	1.0
SLX4	NA	5505	0	1	0	0	0	0	0	0	1.0	0.0	0.0	1.0
SNTB2	NA	1623	0	1	0	0	0	0	0	0	1.0	0.0	0.0	1.0
SNX29	NA	2442	0	1	0	0	0	0	0	0	1.0	0.0	0.0	1.0
CAPN15	NA	3261	1	0	0	0	0	0	1	0	1.0	0.0	0.0	1.0
SPIRE2	NA	2145	1	0	0	0	0	0	1	0	1.0	0.0	0.0	1.0
SPN	NA	1203	1	0	0	0	0	0	1	0	1.0	0.0	0.0	1.0
TBL3	NA	2427	1	1	0	0	0	0	1	0	1.0	0.0	0.0	1.0
TCF25	NA	2031	0	1	0	0	0	0	0	0	1.0	0.0	0.0	1.0
TGFB1I1	NA	1386	0	1	0	0	0	0	0	0	1.0	0.0	0.0	1.0
TMC5	NA	3021	1	0	0	0	0	0	1	0	1.0	0.0	0.0	1.0
TOX3	NA	1731	0	1	0	0	0	0	0	0	1.0	0.0	0.0	1.0
TPPP3	NA	531	1	0	0	0	0	0	1	0	1.0	0.0	0.0	1.0
USP7	NA	3309	1	0	0	0	0	0	1	0	1.0	0.0	0.0	1.0
WDR59	NA	2925	0	1	0	0	0	0	0	0	1.0	0.0	0.0	1.0
WWP2	NA	2613	3	1	0	0	0	0	3	0	1.0	0.0	0.0	1.0
XPO6	NA	3378	0	1	0	0	0	0	0	0	1.0	0.0	0.0	1.0
ZC3H7A	NA	2916	1	0	0	0	0	0	1	0	1.0	0.0	0.0	1.0
ZFP90	NA	1911	0	1	0	0	0	0	0	0	1.0	0.0	0.0	1.0
ZNF469	NA	11778	1	0	0	0	0	0	1	0	1.0	0.0	0.0	1.0
ZNF597	NA	1275	1	0	0	0	0	0	1	0	1.0	0.0	0.0	1.0
ZNF689	NA	1503	1	0	0	0	0	0	1	0	1.0	0.0	0.0	1.0
ADAMTSL2	NA	2856	1	0	0	0	0	0	1	0	1.0	0.0	0.0	1.0
ANKS6	NA	2616	1	0	0	0	0	0	1	0	1.0	0.0	0.0	1.0
ATP6V1G1	NA	357	1	0	0	0	0	0	1	0	1.0	0.0	0.0	1.0
C9orf117	NA	1563	1	0	0	0	0	0	1	0	1.0	0.0	0.0	1.0
C9orf131	NA	3240	1	0	0	0	0	0	1	0	1.0	0.0	0.0	1.0
C9orf139	NA	573	1	0	0	0	0	0	1	0	1.0	0.0	0.0	1.0
C9orf24	NA	789	1	0	0	0	0	0	1	0	1.0	0.0	0.0	1.0
DCAF10	NA	1680	1	0	0	0	0	0	1	0	1.0	0.0	0.0	1.0
DMRT3	NA	1419	0	1	0	0	0	0	0	0	1.0	0.0	0.0	1.0
ELAVL2	NA	1080	1	0	0	0	0	0	1	0	1.0	0.0	0.0	1.0
FBP2	NA	1020	1	0	0	0	0	0	1	0	1.0	0.0	0.0	1.0
FBXW5	NA	1701	0	1	0	0	0	0	0	0	1.0	0.0	0.0	1.0
FKBP15	NA	3660	0	1	0	0	0	0	0	0	1.0	0.0	0.0	1.0
FREM1	NA	6540	1	0	0	0	0	0	1	0	1.0	0.0	0.0	1.0
GRIN1	NA	2832	1	0	0	0	0	0	1	0	1.0	0.0	0.0	1.0
GRIN3A	NA	3348	1	0	0	0	0	0	1	0	1.0	0.0	0.0	1.0
IFT74	NA	1803	0	1	0	0	0	0	0	0	1.0	0.0	0.0	1.0
INVS	NA	3198	0	1	0	0	0	0	0	0	1.0	0.0	0.0	1.0
KCNV2	NA	1638	1	0	0	0	0	0	1	0	1.0	0.0	0.0	1.0
MED22	NA	603	0	1	0	0	0	0	0	0	1.0	0.0	0.0	1.0
OR1J1	NA	969	1	0	0	0	0	0	1	0	1.0	0.0	0.0	1.0
OR1J2	NA	942	0	1	0	0	0	0	0	0	1.0	0.0	0.0	1.0
PALM2-AKAP2	NA	3312	1	0	0	0	0	0	1	0	1.0	0.0	0.0	1.0
PAX5	NA	1176	2	0	0	0	1	0	1	0	1.0	0.0	0.0	1.0
PIP5KL1	NA	1185	1	0	0	0	0	0	1	0	1.0	0.0	0.0	1.0
PTCH1	NA	4344	2	0	0	0	1	0	1	0	1.0	0.0	0.0	1.0
PTPRD	NA	5739	1	0	0	0	0	0	1	0	1.0	0.0	0.0	1.0
RANBP6	NA	3318	1	0	1	0	0	0	0	0	1.0	0.0	0.0	1.0
RASEF	NA	2223	1	0	0	0	0	0	1	0	1.0	0.0	0.0	1.0
SET	NA	873	1	0	0	0	0	0	1	0	1.0	0.0	0.0	1.0
SLC2A6	NA	1524	1	0	0	0	0	0	1	0	1.0	0.0	0.0	1.0
SPATA31D1	NA	4731	2	0	1	0	0	0	1	0	1.0	0.0	0.0	1.0
SPTAN1	NA	7434	1	0	1	0	0	0	0	0	1.0	0.0	0.0	1.0
SURF1	NA	903	1	0	0	0	0	0	1	0	1.0	0.0	0.0	1.0
TLN1	NA	7626	1	1	0	0	0	0	1	0	1.0	0.0	0.0	1.0
TMEM203	NA	411	1	0	0	0	0	0	1	0	1.0	0.0	0.0	1.0
TNC	NA	6606	1	1	0	0	0	0	1	0	1.0	0.0	0.0	1.0
TRAF1	NA	1251	1	0	0	0	0	0	1	0	1.0	0.0	0.0	1.0
UNC13B	NA	4776	0	1	0	0	0	0	0	0	1.0	0.0	0.0	1.0
VAV2	NA	2637	1	0	0	0	0	0	1	0	1.0	0.0	0.0	1.0
AGTR2	NA	1092	0	1	0	0	0	0	0	0	1.0	0.0	0.0	1.0
ATRX	NA	7479	1	0	0	0	0	0	1	0	1.0	0.0	0.0	1.0
AWAT2	NA	1002	1	0	0	0	0	0	1	0	1.0	0.0	0.0	1.0
CHRDL1	NA	1377	1	0	0	0	0	0	1	0	1.0	0.0	0.0	1.0
ELF4	NA	1992	1	0	0	0	0	0	1	0	1.0	0.0	0.0	1.0
ENOX2	NA	1833	0	1	0	0	0	0	0	0	1.0	0.0	0.0	1.0
ESX1	NA	1221	1	0	0	0	0	0	1	0	1.0	0.0	0.0	1.0
FGD1	NA	2886	0	1	0	0	0	0	0	0	1.0	0.0	0.0	1.0
FLNA	NA	7944	1	0	0	0	0	0	1	0	1.0	0.0	0.0	1.0
FRMPD3	NA	5433	1	0	0	0	0	0	1	0	1.0	0.0	0.0	1.0
G6PD	NA	1638	1	0	0	0	0	1	0	0	1.0	0.0	0.0	1.0
GPC3	NA	1812	1	0	0	0	0	0	1	0	1.0	0.0	0.0	1.0
HEPH	NA	3639	1	0	0	0	0	0	1	0	1.0	0.0	0.0	1.0
ITGB1BP2	NA	1044	1	0	0	0	0	0	1	0	1.0	0.0	0.0	1.0
ITIH6	NA	3942	1	0	0	0	0	0	1	0	1.0	0.0	0.0	1.0
KDM5C	NA	4683	1	0	0	0	0	0	1	0	1.0	0.0	0.0	1.0
KDM6A	NA	4206	1	0	0	0	0	0	1	0	1.0	0.0	0.0	1.0
KIAA1210	NA	5130	0	1	0	0	0	0	0	0	1.0	0.0	0.0	1.0
KIAA2022	NA	4551	2	0	0	0	0	0	2	0	1.0	0.0	0.0	1.0
LAS1L	NA	2205	1	0	0	0	0	0	1	0	1.0	0.0	0.0	1.0
LDOC1	NA	441	1	0	0	0	0	0	1	0	1.0	0.0	0.0	1.0
MAGEC1	NA	3429	1	0	0	0	0	0	1	0	1.0	0.0	0.0	1.0
MAGED1	NA	2505	0	1	0	0	0	0	0	0	1.0	0.0	0.0	1.0
MAP7D2	NA	2322	1	0	0	0	0	0	1	0	1.0	0.0	0.0	1.0
MED12	NA	6534	1	0	0	0	0	0	1	0	1.0	0.0	0.0	1.0
MID2	NA	2208	1	0	0	0	0	0	1	0	1.0	0.0	0.0	1.0
MORF4L2	NA	867	1	0	0	0	0	0	1	0	1.0	0.0	0.0	1.0
MXRA5	NA	8487	1	1	0	0	0	0	1	0	1.0	0.0	0.0	1.0
NOX1	NA	1695	1	0	0	0	0	0	1	0	1.0	0.0	0.0	1.0
NRK	NA	4749	1	0	0	0	0	0	1	0	1.0	0.0	0.0	1.0
OFD1	NA	3039	1	0	0	0	0	0	1	0	1.0	0.0	0.0	1.0
PHKA1	NA	3672	1	0	0	0	0	0	1	0	1.0	0.0	0.0	1.0
PLXNA3	NA	5616	0	1	0	0	0	0	0	0	1.0	0.0	0.0	1.0
PLXNB3	NA	5799	0	1	0	0	0	0	0	0	1.0	0.0	0.0	1.0
PRRG3	NA	696	1	0	0	0	0	0	1	0	1.0	0.0	0.0	1.0
RBMXL3	NA	3204	1	0	0	0	0	0	1	0	1.0	0.0	0.0	1.0
RPS6KA6	NA	2238	1	0	0	0	0	0	1	0	1.0	0.0	0.0	1.0
SHROOM2	NA	4851	1	0	0	0	0	0	1	0	1.0	0.0	0.0	1.0
SPANXN1	NA	219	1	0	0	0	0	0	1	0	1.0	0.0	0.0	1.0
STAG2	NA	3807	0	1	0	0	0	0	0	0	1.0	0.0	0.0	1.0
SYTL4	NA	2016	1	0	0	0	0	0	1	0	1.0	0.0	0.0	1.0
TBC1D25	NA	2067	1	0	0	0	0	0	1	0	1.0	0.0	0.0	1.0
TBL1X	NA	1734	0	1	0	0	0	0	0	0	1.0	0.0	0.0	1.0
TSPYL2	NA	2082	1	0	0	0	0	0	1	0	1.0	0.0	0.0	1.0
ZC3H12B	NA	2511	1	0	0	0	0	0	1	0	1.0	0.0	0.0	1.0
ZCCHC16	NA	933	0	1	0	0	0	0	0	0	1.0	0.0	0.0	1.0
ADAMTS14	NA	3681	0	1	0	0	0	0	0	0	1.0	0.0	0.0	1.0
ANKRD26	NA	5133	1	0	0	0	0	0	1	0	1.0	0.0	0.0	1.0
ANKRD30A	NA	4026	2	0	1	0	0	0	1	0	1.0	0.0	0.0	1.0
ARMC3	NA	2619	1	0	0	0	0	0	1	0	1.0	0.0	0.0	1.0
BEND7	NA	1407	1	0	0	0	0	0	1	0	1.0	0.0	0.0	1.0
BLNK	NA	1371	1	1	0	0	0	0	1	0	1.0	0.0	0.0	1.0
BMS1	NA	3849	1	0	0	0	0	0	1	0	1.0	0.0	0.0	1.0
EDRF1	NA	3717	1	0	0	0	0	0	1	0	1.0	0.0	0.0	1.0
C10orf71	NA	4308	0	2	0	0	0	0	0	0	1.0	0.0	0.0	1.0
CAMK2G	NA	1671	1	0	0	0	0	0	1	0	1.0	0.0	0.0	1.0
COL17A1	NA	4494	0	1	0	0	0	0	0	0	1.0	0.0	0.0	1.0
CUBN	NA	10872	0	1	0	0	0	0	0	0	1.0	0.0	0.0	1.0
FANK1	NA	1038	2	0	0	0	0	0	2	0	1.0	0.0	0.0	-0.0
FRMD4A	NA	3120	2	0	0	0	0	0	2	0	1.0	0.0	0.0	1.0
GBF1	NA	5580	0	1	0	0	0	0	0	0	1.0	0.0	0.0	1.0
GDF10	NA	1437	1	0	0	0	0	0	1	0	1.0	0.0	0.0	1.0
GPRIN2	NA	1377	1	1	0	0	0	0	1	0	1.0	0.0	0.0	1.0
HELLS	NA	2517	1	0	0	0	0	0	1	0	1.0	0.0	0.0	1.0
HK1	NA	2766	1	0	0	0	0	0	1	0	1.0	0.0	0.0	1.0
IFIT2	NA	1419	1	0	0	0	0	0	1	0	1.0	0.0	0.0	1.0
KAT6B	NA	6222	1	0	0	1	0	0	0	0	1.0	0.0	0.0	1.0
KLLN	NA	537	1	0	0	0	0	0	1	0	1.0	0.0	0.0	1.0
LDB1	NA	1236	1	0	0	0	0	0	1	0	1.0	1.0	0.0	1.0
LGI1	NA	1674	0	1	0	0	0	0	0	0	1.0	0.0	0.0	1.0
LHPP	NA	813	1	0	0	0	0	0	1	0	1.0	0.0	0.0	1.0
MCM10	NA	2628	0	1	0	0	0	0	0	0	1.0	0.0	0.0	1.0
MGEA5	NA	2751	1	0	0	0	0	0	1	0	1.0	0.0	0.0	1.0
MLLT10	NA	3207	1	0	0	0	0	0	1	0	1.0	0.0	0.0	1.0
MYPN	NA	3963	1	0	1	0	0	0	0	0	1.0	0.0	0.0	1.0
NDST2	NA	2652	1	0	0	0	0	0	1	0	1.0	0.0	0.0	1.0
NPFFR1	NA	1293	1	0	0	0	0	0	1	0	1.0	0.0	0.0	1.0
NRAP	NA	5196	1	0	1	0	0	0	0	0	1.0	0.0	0.0	1.0
OGDHL	NA	3033	3	0	0	0	0	0	3	0	1.0	0.0	0.0	1.0
PDSS1	NA	1248	0	1	0	0	0	0	0	0	1.0	0.0	0.0	1.0
PPA1	NA	870	1	0	0	0	0	0	1	0	1.0	0.0	0.0	1.0
PPRC1	NA	4995	1	0	0	0	0	0	1	0	1.0	0.0	0.0	1.0
PTEN	NA	1212	1	0	0	0	0	0	1	0	1.0	0.0	0.0	1.0
PTPRE	NA	2103	0	2	0	0	0	0	0	0	1.0	0.0	0.0	1.0
RBP3	NA	3744	0	1	0	0	0	0	0	0	1.0	0.0	0.0	1.0
SEC23IP	NA	3003	1	0	0	0	0	0	1	0	1.0	0.0	0.0	1.0
SFTPA2	NA	747	1	0	1	0	0	0	0	0	1.0	0.0	0.0	1.0
SLIT1	NA	4605	1	0	0	0	0	0	1	0	1.0	0.0	0.0	1.0
SORCS1	NA	3597	1	0	0	0	0	0	1	0	1.0	0.0	0.0	1.0
SORCS3	NA	3669	1	0	0	0	0	0	1	0	1.0	0.0	0.0	1.0
TCTN3	NA	1824	0	1	0	0	0	0	0	0	1.0	0.0	0.0	1.0
TET1	NA	6411	1	0	0	0	0	0	1	0	1.0	0.0	0.0	1.0
TLL2	NA	3048	1	0	0	0	0	0	1	0	1.0	0.0	0.0	1.0
TM9SF3	NA	1770	1	0	0	0	0	0	1	0	1.0	0.0	0.0	1.0
TMEM180	NA	1554	0	2	0	0	0	0	0	0	1.0	0.0	0.0	1.0
TRIM8	NA	1656	1	0	0	0	0	0	1	0	1.0	0.0	0.0	1.0
UBTD1	NA	684	1	0	0	0	0	0	1	0	1.0	0.0	0.0	1.0
UNC5B	NA	2838	1	0	0	0	0	0	1	0	1.0	0.0	0.0	1.0
VAX1	NA	1005	0	1	0	0	0	0	0	0	1.0	0.0	0.0	1.0
ZNF503	NA	1941	0	1	0	0	0	0	0	0	1.0	0.0	0.0	1.0
ABCG2	NA	1968	0	1	0	0	0	0	0	0	1.0	0.0	0.0	1.0
AFF1	NA	3657	1	0	0	0	0	0	1	0	1.0	0.0	0.0	1.0
ANK2	NA	11874	3	0	0	0	0	0	3	0	1.0	0.0	0.0	1.0
ARAP2	NA	5115	1	0	0	0	0	0	1	0	1.0	0.0	0.0	1.0
CHRNA9	NA	1440	0	1	0	0	0	0	0	0	1.0	0.0	0.0	1.0
CLNK	NA	1287	1	0	0	0	0	0	1	0	1.0	0.0	0.0	1.0
CORIN	NA	3129	0	1	0	0	0	0	0	0	1.0	0.0	0.0	1.0
ENAM	NA	3429	1	0	0	0	0	0	1	0	1.0	0.0	0.0	1.0
EPHA5	NA	3114	1	0	0	0	0	0	1	0	1.0	0.0	0.0	1.0
FAT4	NA	14946	2	2	0	0	0	0	2	0	1.0	0.0	0.0	1.0
FGB	NA	1476	1	0	0	0	0	0	1	0	1.0	0.0	0.0	1.0
FGFR3	NA	2427	0	1	0	0	0	0	0	0	1.0	0.0	0.0	1.0
FNIP2	NA	3345	1	0	0	0	0	0	1	0	1.0	0.0	0.0	1.0
FRAS1	NA	12039	1	0	0	0	0	0	1	0	1.0	0.0	0.0	1.0
GBA3	NA	1413	1	0	0	0	0	0	1	0	1.0	0.0	0.0	1.0
GC	NA	1482	1	0	0	0	0	0	1	0	1.0	0.0	0.0	1.0
GSX2	NA	915	1	0	0	0	0	0	1	0	1.0	0.0	0.0	1.0
GUCY1A3	NA	2073	1	0	0	0	0	0	1	0	1.0	0.0	0.0	1.0
GUF1	NA	2010	1	0	0	0	0	0	1	0	1.0	0.0	0.0	1.0
HERC3	NA	3153	1	0	0	0	0	0	1	0	1.0	0.0	0.0	1.0
INPP4B	NA	2775	1	0	0	0	0	0	1	0	1.0	0.0	0.0	1.0
KIAA1211	NA	3702	1	1	0	0	0	0	1	0	1.0	0.0	0.0	1.0
KLHL8	NA	1863	1	0	0	0	0	0	1	0	1.0	0.0	0.0	1.0
LRBA	NA	8592	1	0	1	0	0	0	0	0	1.0	0.0	0.0	1.0
LRIT3	NA	2040	1	0	0	0	0	0	1	0	1.0	0.0	0.0	1.0
METAP1	NA	1161	1	0	0	0	0	0	1	0	1.0	0.0	0.0	1.0
MFSD8	NA	1557	1	0	0	0	0	0	1	0	1.0	0.0	0.0	1.0
MTTP	NA	2685	1	0	0	0	0	0	1	0	1.0	0.0	0.0	1.0
NIPAL1	NA	1233	1	0	0	0	0	0	1	0	1.0	0.0	0.0	1.0
NPFFR2	NA	1569	1	0	0	0	0	0	1	0	1.0	0.0	0.0	1.0
NUDT6	NA	951	1	0	0	0	0	0	1	0	1.0	0.0	0.0	1.0
OTOP1	NA	1839	1	0	0	0	0	0	1	0	1.0	0.0	0.0	1.0
JADE1	NA	2529	1	0	0	0	0	0	1	0	1.0	0.0	0.0	1.0
POLN	NA	2703	1	0	0	0	0	0	1	0	1.0	0.0	0.0	1.0
POLR2B	NA	3525	1	0	0	0	0	0	1	0	1.0	0.0	0.0	1.0
RBM47	NA	1782	1	0	0	0	0	0	1	0	1.0	0.0	0.0	1.0
RGS12	NA	4344	1	0	0	0	0	0	1	0	1.0	0.0	0.0	1.0
SEC24B	NA	3807	1	0	0	0	0	0	1	0	1.0	1.0	0.0	1.0
SLC2A9	NA	1623	0	1	0	0	0	0	0	0	1.0	0.0	0.0	1.0
SLC4A4	NA	3285	1	0	1	0	0	0	0	0	1.0	0.0	0.0	1.0
SMARCA5	NA	3159	1	0	0	0	0	0	1	0	1.0	0.0	0.0	1.0
SULT1B1	NA	891	0	1	0	0	0	0	0	0	1.0	0.0	0.0	1.0
SULT1E1	NA	885	1	0	0	0	0	0	1	0	1.0	0.0	0.0	1.0
TENM3	NA	8100	0	1	0	0	0	0	0	0	1.0	0.0	0.0	1.0
TMEM144	NA	1038	0	1	0	0	0	0	0	0	1.0	0.0	0.0	1.0
TRIML2	NA	1164	1	0	0	0	0	0	1	0	1.0	0.0	0.0	1.0
UGT2B4	NA	1587	1	0	0	0	0	0	1	0	1.0	0.0	0.0	1.0
ADAM28	NA	2328	1	0	1	0	0	0	0	0	1.0	0.0	0.0	1.0
ADCY8	NA	3756	0	1	0	0	0	0	0	0	1.0	0.0	0.0	1.0
ADRB3	NA	1227	0	1	0	0	0	0	0	0	1.0	0.0	0.0	1.0
ANK1	NA	5694	1	0	0	0	0	0	1	0	1.0	0.0	0.0	1.0
ARC	NA	1191	1	0	0	0	0	0	1	0	1.0	0.0	0.0	1.0
ARFGEF1	NA	5550	1	0	0	0	0	0	1	0	1.0	0.0	0.0	1.0
ARHGEF10	NA	4035	1	0	0	0	0	0	1	0	1.0	0.0	0.0	1.0
ASAP1	NA	3390	0	1	0	0	0	0	0	0	1.0	0.0	0.0	1.0
BAI1	NA	4755	1	0	0	0	1	0	0	0	1.0	0.0	0.0	1.0
C8orf82	NA	651	1	0	0	0	0	0	1	0	1.0	0.0	0.0	1.0
CLN8	NA	861	0	1	0	0	0	0	0	0	1.0	0.0	0.0	1.0
CNBD1	NA	1311	1	0	0	0	0	0	1	0	1.0	0.0	0.0	1.0
CSMD1	NA	10695	2	1	0	0	0	0	2	0	1.0	0.0	0.0	1.0
CSMD3	NA	11124	1	0	0	0	0	0	1	0	1.0	0.0	0.0	1.0
DLC1	NA	4587	1	0	0	0	0	0	1	0	1.0	0.0	0.0	1.0
DOCK5	NA	5613	1	1	0	0	0	0	1	0	1.0	0.0	0.0	1.0
DPYSL2	NA	2034	1	0	0	0	0	0	1	0	1.0	0.0	0.0	1.0
EGR3	NA	1164	1	0	0	0	0	0	1	0	1.0	0.0	0.0	1.0
FAM135B	NA	4221	1	0	0	0	0	0	1	0	1.0	0.0	0.0	1.0
FAM150A	NA	390	1	1	0	0	0	0	1	0	1.0	0.0	0.0	1.0
FBXL6	NA	1620	0	1	0	0	0	0	0	0	1.0	0.0	0.0	1.0
FNTA	NA	1140	1	0	0	0	0	0	1	0	1.0	0.0	0.0	1.0
FSBP	NA	900	1	0	0	0	0	0	1	0	1.0	0.0	0.0	1.0
HGSNAT	NA	1908	1	0	0	0	0	0	1	0	1.0	0.0	0.0	1.0
KAT6A	NA	6015	0	1	0	0	0	0	0	0	1.0	0.0	0.0	1.0
KCNQ3	NA	2619	1	0	0	0	0	0	1	0	1.0	0.0	0.0	1.0
KLHL38	NA	1746	1	0	0	0	0	0	1	0	1.0	0.0	0.0	1.0
LGI3	NA	1647	1	0	0	0	0	0	1	0	1.0	0.0	0.0	1.0
LRRC24	NA	1542	1	0	0	0	0	0	1	0	1.0	0.0	0.0	1.0
LYN	NA	1539	1	0	0	0	0	0	1	0	1.0	0.0	0.0	1.0
LZTS1	NA	1791	1	0	0	0	0	0	1	0	1.0	0.0	0.0	1.0
MFHAS1	NA	3159	0	1	0	0	0	0	0	0	1.0	0.0	0.0	1.0
MSRA	NA	708	1	0	0	0	0	0	1	0	1.0	0.0	0.0	1.0
MTFR1	NA	1047	1	0	0	0	0	0	1	0	1.0	0.0	0.0	1.0
MYBL1	NA	2259	1	0	0	0	0	0	1	0	1.0	0.0	0.0	1.0
NUGGC	NA	2391	2	0	0	0	0	0	2	0	1.0	0.0	0.0	1.0
OPLAH	NA	3867	1	0	0	0	0	0	1	0	1.0	0.0	0.0	1.0
OSGIN2	NA	1650	1	0	0	0	0	0	1	0	1.0	0.0	0.0	1.0
PCM1	NA	6075	1	0	0	0	0	0	1	0	1.0	0.0	0.0	1.0
PHF20L1	NA	3054	0	1	0	0	0	0	0	0	1.0	0.0	0.0	1.0
PHYHIP	NA	993	1	1	0	0	0	0	1	0	1.0	0.0	0.0	1.0
PLAT	NA	1689	1	0	0	0	0	0	1	0	1.0	0.0	0.0	1.0
PLEKHA2	NA	1278	0	1	0	0	0	0	0	0	1.0	0.0	0.0	1.0
PRDM14	NA	1716	1	0	0	0	0	0	1	0	1.0	0.0	0.0	1.0
PRKDC	NA	12386	0	2	0	0	0	0	0	0	1.0	0.0	0.0	1.0
PXDNL	NA	4392	1	0	0	0	0	0	1	0	1.0	0.0	0.0	1.0
RAD21	NA	1896	1	0	0	0	0	0	1	0	1.0	0.0	0.0	1.0
REEP4	NA	774	1	0	0	0	0	0	1	0	1.0	0.0	0.0	1.0
RMDN1	NA	945	1	0	0	0	0	1	0	0	1.0	0.0	0.0	1.0
RNF19A	NA	2517	1	0	0	0	0	0	1	0	1.0	0.0	0.0	1.0
SLC10A5	NA	1317	2	0	0	0	0	0	2	0	1.0	0.0	0.0	-0.0
SLC20A2	NA	1959	0	1	0	0	0	0	0	0	1.0	0.0	0.0	1.0
SLC45A4	NA	2397	1	0	0	0	0	0	1	0	1.0	0.0	0.0	1.0
SLCO5A1	NA	2547	1	0	0	0	0	0	1	0	1.0	0.0	0.0	1.0
ST18	NA	3144	1	0	0	0	0	0	1	0	1.0	0.0	0.0	1.0
TEX15	NA	8370	0	1	0	0	0	0	0	0	1.0	0.0	0.0	1.0
TMEM67	NA	2988	1	0	0	0	0	0	1	0	1.0	0.0	0.0	1.0
TNFRSF10B	NA	1323	1	0	0	0	0	0	1	0	1.0	0.0	0.0	1.0
TSNARE1	NA	1542	1	0	0	0	0	0	1	0	1.0	0.0	0.0	1.0
TUSC3	NA	1047	1	0	0	0	1	0	0	0	1.0	0.0	0.0	1.0
UTP23	NA	750	0	1	0	0	0	0	0	0	1.0	0.0	0.0	1.0
ZC2HC1A	NA	978	1	0	0	0	0	0	1	0	1.0	0.0	0.0	1.0
ACAN	NA	7593	0	1	0	0	0	0	0	0	1.0	0.0	0.0	1.0
ADPGK	NA	1491	1	0	0	0	0	0	1	0	1.0	0.0	0.0	1.0
ALPK3	NA	5724	3	0	0	0	0	0	3	0	1.0	0.0	0.0	1.0
AP3B2	NA	3249	1	0	0	0	0	0	1	0	1.0	0.0	0.0	1.0
ATP8B4	NA	3579	1	0	0	0	0	0	1	0	1.0	0.0	0.0	1.0
BNC1	NA	2985	1	0	0	0	0	0	1	0	1.0	0.0	0.0	1.0
CAPN3	NA	2466	1	0	0	0	1	0	0	0	1.0	0.0	0.0	1.0
CCPG1	NA	2424	1	0	0	0	0	0	1	0	1.0	0.0	0.0	1.0
CHD2	NA	5487	0	1	0	0	0	0	0	0	1.0	0.0	1.0	1.0
CSK	NA	1353	0	1	0	0	0	0	0	0	1.0	0.0	0.0	1.0
CSPG4	NA	6969	1	0	0	0	0	0	1	0	1.0	0.0	0.0	1.0
DENND4A	NA	5721	2	1	0	0	0	0	2	0	1.0	0.0	0.0	1.0
DTWD1	NA	915	2	0	1	0	0	0	1	0	1.0	0.0	0.0	1.0
EIF3J	NA	777	0	1	0	0	0	0	0	0	1.0	0.0	0.0	1.0
FAM169B	NA	579	1	0	0	0	0	0	1	0	1.0	0.0	0.0	1.0
FANCI	NA	3987	1	0	0	0	0	0	1	0	1.0	0.0	0.0	1.0
FES	NA	2469	1	0	0	0	0	0	1	0	1.0	0.0	0.0	1.0
GATM	NA	1272	1	0	0	0	0	0	1	0	1.0	0.0	0.0	1.0
GLDN	NA	1656	1	0	0	0	0	0	1	0	1.0	0.0	0.0	1.0
GOLGA6L2	NA	2730	1	0	0	0	0	0	1	0	1.0	0.0	0.0	1.0
INO80	NA	4671	1	1	0	0	0	0	1	0	1.0	0.0	0.0	1.0
KIF23	NA	2883	0	1	0	0	0	0	0	0	1.0	0.0	0.0	1.0
LTK	NA	2595	0	1	0	0	0	0	0	0	1.0	0.0	0.0	1.0
MAPKBP1	NA	4545	1	0	0	0	0	0	1	0	1.0	0.0	0.0	1.0
MGA	NA	9198	2	0	0	0	0	0	2	0	1.0	1.0	0.0	1.0
MYO1E	NA	3327	1	0	0	0	0	0	1	0	1.0	0.0	0.0	1.0
MYO5A	NA	5568	1	0	0	0	0	0	1	0	1.0	0.0	0.0	1.0
MYZAP	NA	1401	0	1	0	0	0	0	0	0	1.0	0.0	0.0	1.0
NMB	NA	465	1	0	0	0	0	0	1	0	1.0	0.0	0.0	1.0
NPAP1	NA	3471	1	1	0	0	0	0	1	0	1.0	0.0	0.0	1.0
OR4N4	NA	951	2	0	0	0	0	0	2	0	1.0	0.0	0.0	1.0
OTUD7A	NA	2781	1	0	0	0	0	0	1	0	1.0	0.0	0.0	1.0
PKM	NA	1818	1	0	0	0	1	0	0	0	1.0	0.0	0.0	1.0
PLCB2	NA	3558	1	0	0	0	0	0	1	0	1.0	0.0	0.0	1.0
RASGRF1	NA	3822	0	1	0	0	0	0	0	0	1.0	0.0	0.0	1.0
RASGRP1	NA	2394	1	0	0	0	0	0	1	0	1.0	0.0	0.0	1.0
RASL12	NA	801	0	1	0	0	0	0	0	0	1.0	0.0	0.0	1.0
RGMA	NA	1377	0	1	0	0	0	0	0	0	1.0	0.0	0.0	1.0
RTF1	NA	2133	0	1	0	0	0	0	0	0	1.0	0.0	0.0	1.0
RYR3	NA	14613	1	0	0	0	0	0	1	0	1.0	0.0	0.0	1.0
SERINC4	NA	1557	0	1	0	0	0	0	0	0	1.0	0.0	0.0	1.0
SLC12A6	NA	3453	1	0	0	0	0	0	1	0	1.0	0.0	0.0	1.0
SPPL2A	NA	1563	1	0	0	0	0	0	1	0	1.0	0.0	0.0	1.0
SPTBN5	NA	11025	0	1	0	0	0	0	0	0	1.0	0.0	0.0	1.0
TJP1	NA	5247	1	0	0	0	0	0	1	0	1.0	0.0	0.0	1.0
TLN2	NA	7629	1	1	0	0	0	0	1	0	1.0	0.0	0.0	1.0
TRPM1	NA	4929	0	1	0	0	0	0	0	0	1.0	0.0	0.0	1.0
TRPM7	NA	5598	1	0	0	0	0	0	1	0	1.0	0.0	0.0	1.0
ZNF609	NA	4236	0	1	0	0	0	0	0	0	1.0	0.0	0.0	1.0
ARFGEF2	NA	5358	1	0	0	0	0	0	1	0	1.0	0.0	0.0	1.0
ASXL1	NA	4626	0	2	0	0	0	0	0	0	1.0	0.0	0.0	1.0
BFSP1	NA	1998	1	0	0	0	0	0	1	0	1.0	0.0	0.0	1.0
CCM2L	NA	1302	0	1	0	0	0	0	0	0	1.0	0.0	0.0	1.0
CDH22	NA	2487	0	1	0	0	0	0	0	0	1.0	0.0	0.0	1.0
CNBD2	NA	1719	0	1	0	0	0	0	0	0	1.0	0.0	0.0	1.0
COL20A1	NA	3855	0	2	0	0	0	0	0	0	1.0	0.0	0.0	1.0
CPXM1	NA	2205	1	0	0	0	0	0	1	0	1.0	0.0	0.0	1.0
CSRP2BP	NA	2349	0	1	0	0	0	0	0	0	1.0	0.0	0.0	1.0
CST9	NA	480	1	0	1	0	0	0	0	0	1.0	0.0	0.0	1.0
DHX35	NA	2112	0	1	0	0	0	0	0	0	1.0	0.0	0.0	1.0
DIDO1	NA	6723	0	1	0	0	0	0	0	0	1.0	0.0	0.0	1.0
DNMT3B	NA	2562	2	0	1	0	0	0	1	0	1.0	0.0	0.0	1.0
DOK5	NA	921	1	0	0	0	0	0	1	0	1.0	0.0	0.0	1.0
FAM65C	NA	2841	1	0	0	0	0	0	1	0	1.0	0.0	0.0	1.0
FOXS1	NA	993	0	1	0	0	0	0	0	0	1.0	0.0	0.0	1.0
GNAS	NA	3114	0	2	0	0	0	0	0	0	1.0	0.0	0.0	1.0
ITCH	NA	2712	1	0	0	0	0	0	1	0	1.0	0.0	0.0	1.0
JAG1	NA	3657	1	0	0	0	1	0	0	0	1.0	0.0	0.0	1.0
KCNQ2	NA	2619	2	0	0	0	0	0	2	0	1.0	0.0	0.0	1.0
LAMA5	NA	11088	2	1	0	0	0	0	2	0	1.0	0.0	0.0	1.0
MACROD2	NA	1278	1	0	0	0	0	0	1	0	1.0	0.0	0.0	1.0
MAPRE1	NA	807	1	0	1	0	0	0	0	0	1.0	0.0	0.0	1.0
MATN4	NA	1746	2	0	0	0	0	0	2	0	1.0	0.0	0.0	1.0
MYBL2	NA	2103	1	0	0	0	0	0	1	0	1.0	0.0	0.0	1.0
RTFDC1	NA	921	0	1	0	0	0	0	0	0	1.0	0.0	0.0	1.0
SLC12A5	NA	3420	1	0	0	0	0	0	1	0	1.0	0.0	0.0	1.0
SOGA1	NA	4986	0	1	0	0	0	0	0	0	1.0	0.0	0.0	1.0
SOX12	NA	948	1	0	0	0	0	0	1	0	1.0	0.0	0.0	1.0
SPEF1	NA	711	1	0	0	0	0	0	1	0	1.0	0.0	0.0	1.0
STK35	NA	1605	1	0	0	0	0	0	1	0	1.0	0.0	0.0	1.0
TGM3	NA	2082	1	0	1	0	0	0	0	0	1.0	0.0	0.0	1.0
TUBB1	NA	1356	1	0	0	0	0	0	1	0	1.0	0.0	0.0	1.0
XKR7	NA	1740	1	0	0	0	0	0	1	0	1.0	0.0	0.0	1.0
ZFP64	NA	2046	0	1	0	0	0	0	0	0	1.0	0.0	0.0	1.0
ZMYND8	NA	3567	1	0	0	0	0	0	1	0	1.0	0.0	0.0	1.0
ACO2	NA	2343	1	0	0	0	0	0	1	0	1.0	0.0	0.0	1.0
CYTH4	NA	1185	0	1	0	0	0	0	0	0	1.0	0.0	0.0	1.0
DMC1	NA	1023	1	0	0	0	0	0	1	0	1.0	0.0	0.0	1.0
ELFN2	NA	2463	1	0	0	0	0	0	1	0	1.0	0.0	0.0	1.0
EP300	NA	7245	1	0	0	0	0	0	1	0	1.0	0.0	0.0	1.0
FBLN1	NA	2112	1	0	1	0	0	0	0	0	1.0	0.0	0.0	1.0
GAS2L1	NA	2045	0	1	0	0	0	0	0	0	1.0	1.0	0.0	1.0
IGLV1-50	NA	354	1	0	0	0	0	0	1	0	1.0	0.0	0.0	1.0
IL17RA	NA	2601	0	1	0	0	0	0	0	0	1.0	0.0	0.0	1.0
IL17REL	NA	1011	1	0	0	0	0	0	1	0	1.0	0.0	0.0	1.0
NF2	NA	1788	11	0	6	0	5	0	0	0	1.0	1.0	0.0	-0.0
PHF21B	NA	1596	0	1	0	0	0	0	0	0	1.0	0.0	0.0	1.0
PICK1	NA	1248	0	1	0	0	0	0	0	0	1.0	0.0	0.0	1.0
PISD	NA	1128	1	0	0	0	0	0	1	0	1.0	0.0	0.0	1.0
PIWIL3	NA	2649	1	0	0	0	0	0	1	0	1.0	0.0	0.0	1.0
PLXNB2	NA	5517	1	0	0	0	0	0	1	0	1.0	1.0	0.0	1.0
PPM1F	NA	1365	1	0	1	0	0	0	0	0	1.0	0.0	0.0	1.0
RAB36	NA	1002	1	0	0	0	0	0	1	0	1.0	0.0	0.0	1.0
SBF1	NA	5682	1	0	0	0	0	0	1	0	1.0	0.0	0.0	1.0
SELO	NA	2010	0	1	0	0	0	0	0	0	1.0	0.0	0.0	1.0
SGSM3	NA	2250	0	1	0	0	0	0	0	0	1.0	0.0	0.0	1.0
SMTN	NA	3009	2	0	0	0	0	0	2	0	1.0	0.0	0.0	1.0
TAB1	NA	1515	1	0	0	0	0	0	1	0	1.0	0.0	0.0	1.0
TFIP11	NA	2514	0	1	0	0	0	0	0	0	1.0	0.0	0.0	1.0
TTLL12	NA	1935	1	0	0	0	0	0	1	0	1.0	0.0	0.0	1.0
USP18	NA	1119	1	0	0	0	0	0	1	0	1.0	0.0	0.0	1.0
WNT7B	NA	1050	1	0	0	0	0	0	1	0	1.0	0.0	0.0	1.0
XBP1	NA	1131	1	0	0	0	0	0	1	0	1.0	0.0	0.0	1.0
BIVM-ERCC5	NA	4923	1	0	0	0	0	0	1	0	1.0	0.0	0.0	1.0
BORA	NA	1860	0	1	0	0	0	0	0	0	1.0	0.0	0.0	1.0
CARS2	NA	1695	1	0	0	0	1	0	0	0	1.0	0.0	0.0	1.0
CSNK1A1L	NA	1014	1	0	0	0	0	0	1	0	1.0	0.0	0.0	1.0
DACH1	NA	2127	2	0	0	0	0	0	2	0	1.0	0.0	0.0	1.0
FARP1	NA	3138	2	0	0	0	0	0	2	0	1.0	0.0	0.0	1.0
FREM2	NA	9510	1	1	0	0	0	0	1	0	1.0	0.0	0.0	1.0
FRY	NA	9042	2	1	2	0	0	0	0	0	1.0	0.0	0.0	0.579380164285695
GRK1	NA	1692	1	0	0	0	1	0	0	0	1.0	0.0	0.0	1.0
ITGBL1	NA	1485	2	0	0	0	0	0	2	0	1.0	0.0	0.0	1.0
KCTD12	NA	978	1	0	1	0	0	0	0	0	1.0	0.0	0.0	1.0
KL	NA	3039	1	0	0	0	0	0	1	0	1.0	0.0	0.0	1.0
LATS2	NA	3267	6	0	2	0	0	0	4	0	1.0	0.0	0.0	0.8710490642551527
MCF2L	NA	3378	1	0	0	0	0	0	1	0	1.0	0.0	0.0	1.0
MEDAG	NA	912	0	1	0	0	0	0	0	0	1.0	0.0	0.0	1.0
MPHOSPH8	NA	2583	1	0	0	0	0	0	1	0	1.0	0.0	0.0	1.0
MYCBP2	NA	14037	1	0	0	0	0	0	1	0	1.0	0.0	0.0	1.0
MYO16	NA	5643	1	0	0	0	0	0	1	0	1.0	0.0	0.0	1.0
N4BP2L2	NA	2259	2	0	0	0	0	0	2	0	1.0	0.0	0.0	1.0
NALCN	NA	5217	1	1	0	0	0	0	1	0	1.0	0.0	0.0	1.0
NUFIP1	NA	1488	1	0	0	0	0	0	1	0	1.0	0.0	0.0	1.0
PCDH17	NA	3480	0	1	0	0	0	0	0	0	1.0	0.0	0.0	1.0
PROSER1	NA	2835	1	0	0	0	0	0	1	0	1.0	0.0	0.0	1.0
PROZ	NA	1269	1	0	0	0	0	0	1	0	1.0	0.0	0.0	1.0
RNF17	NA	4872	1	0	0	0	0	0	1	0	1.0	0.0	0.0	1.0
RXFP2	NA	2265	1	0	0	0	0	0	1	0	1.0	0.0	0.0	1.0
SERPINE3	NA	1275	1	0	0	0	0	0	1	0	1.0	0.0	0.0	1.0
SLITRK6	NA	2526	1	0	0	0	0	0	1	0	1.0	0.0	0.0	1.0
SMAD9	NA	1404	0	1	0	0	0	0	0	0	1.0	0.0	0.0	1.0
TM9SF2	NA	1992	1	0	0	0	0	0	1	0	1.0	1.0	0.0	1.0
TNFRSF19	NA	1272	0	1	0	0	0	0	0	0	1.0	0.0	0.0	1.0
TRPC4	NA	2949	1	0	0	0	0	0	1	0	1.0	0.0	0.0	1.0
TSC22D1	NA	3222	1	0	0	0	0	0	1	0	1.0	0.0	0.0	1.0
ASXL3	NA	6747	1	0	0	0	0	0	1	0	1.0	0.0	0.0	1.0
CDH19	NA	2319	1	0	1	0	0	0	0	0	1.0	0.0	0.0	1.0
CTDP1	NA	2886	1	0	0	0	0	0	1	0	1.0	0.0	0.0	1.0
DCC	NA	4344	0	1	0	0	0	0	0	0	1.0	0.0	0.0	1.0
FHOD3	NA	4320	2	0	1	0	0	0	1	0	1.0	0.0	0.0	1.0
GNAL	NA	1377	1	0	0	0	0	0	1	0	1.0	0.0	0.0	1.0
GREB1L	NA	5772	0	1	0	0	0	0	0	0	1.0	0.0	0.0	1.0
KCNG2	NA	1401	1	0	0	0	0	0	1	0	1.0	0.0	0.0	1.0
LOXHD1	NA	6636	1	0	0	0	0	0	1	0	1.0	0.0	0.0	1.0
LPIN2	NA	2691	2	0	0	0	1	0	1	0	1.0	0.0	0.0	1.0
MOCOS	NA	2667	1	0	0	0	0	0	1	0	1.0	0.0	0.0	1.0
NDC80	NA	1929	1	0	0	0	0	0	1	0	1.0	0.0	0.0	1.0
ROCK1	NA	4065	1	0	0	0	0	0	1	0	1.0	1.0	0.0	1.0
SERPINB12	NA	1218	1	0	0	0	0	0	1	0	1.0	0.0	0.0	1.0
SKOR2	NA	3006	1	0	0	0	0	0	1	0	1.0	0.0	0.0	1.0
SPIRE1	NA	2271	1	0	0	0	1	0	0	0	1.0	0.0	0.0	1.0
TUBB6	NA	1341	0	1	0	0	0	0	0	0	1.0	0.0	0.0	1.0
ZCCHC2	NA	3537	1	0	0	0	0	0	1	0	1.0	0.0	0.0	1.0
ZNF396	NA	1002	1	0	0	0	0	0	1	0	1.0	0.0	0.0	1.0
ZNF521	NA	3936	1	0	0	0	0	0	1	0	1.0	0.0	0.0	1.0
ATP5J	NA	351	0	1	0	0	0	0	0	0	1.0	0.0	0.0	1.0
CRYAA	NA	522	0	1	0	0	0	0	0	0	1.0	0.0	0.0	1.0
CSTB	NA	297	0	1	0	0	0	0	0	0	1.0	0.0	0.0	1.0
DIP2A	NA	4716	1	0	0	0	0	0	1	0	1.0	0.0	0.0	1.0
DNMT3L	NA	1164	1	0	0	0	0	0	1	0	1.0	0.0	0.0	1.0
DSCAM	NA	6039	1	0	0	0	0	0	1	0	1.0	0.0	0.0	1.0
HUNK	NA	2145	1	0	0	0	0	0	1	0	1.0	0.0	0.0	1.0
KCNJ15	NA	1128	1	0	0	0	0	0	1	0	1.0	0.0	0.0	1.0
KRTAP10-7	NA	1113	1	0	0	0	0	0	1	0	1.0	0.0	0.0	1.0
KRTAP20-3	NA	135	1	0	0	0	0	0	1	0	1.0	0.0	0.0	1.0
RRP1	NA	1386	1	0	0	0	0	0	1	0	1.0	0.0	0.0	1.0
RUNX1	NA	1443	0	2	0	0	0	0	0	0	1.0	0.0	0.0	1.0
RWDD2B	NA	960	1	0	0	0	0	0	1	0	1.0	0.0	0.0	1.0
TRPM2	NA	4512	1	0	0	0	0	0	1	0	1.0	0.0	0.0	1.0
TSPEAR	NA	2010	0	1	0	0	0	0	0	0	1.0	0.0	0.0	1.0
UBASH3A	NA	1986	1	0	0	0	0	0	1	0	1.0	0.0	0.0	1.0
USP25	NA	3168	1	0	0	0	0	0	1	0	1.0	0.0	0.0	1.0
AMELY	NA	579	1	0	0	0	0	0	1	0	1.0	0.0	0.0	1.0
TGIF2LY	NA	558	0	1	0	0	0	0	0	0	1.0	0.0	0.0	1.0
