gene	Total SNV Mutations	SNVs Unmapped to Ref Tx	inactivating count	inactivating p-value	inactivating BH q-value
NF2	11	0	11	0.0	0.0
RDH16	2	0	2	0.00059	0.029795000000000002
ITPKB	1	0	1	0.013519176952507131	0.1647860391962357
KAT6B	1	0	1	0.013608589741845053	0.1647860391962357
SPTAN1	1	0	1	0.017570678052466045	0.1647860391962357
SETD2	3	0	2	0.017946877243359655	0.1647860391962357
ANKRD30A	2	0	1	0.01880865950683695	0.1647860391962357
FRY	3	0	2	0.018841262364578427	0.1647860391962357
PKM	1	0	1	0.022581009371118888	0.1647860391962357
ADAMTS9	1	0	1	0.02334430515675701	0.1647860391962357
GRK1	1	0	1	0.02422245906404418	0.1647860391962357
RELN	1	0	1	0.02456338581710103	0.1647860391962357
TP53	6	0	2	0.02895277801905093	0.1647860391962357
JAG1	1	0	1	0.02984005729291	0.1647860391962357
SPIRE1	1	0	1	0.0337689528247729	0.1647860391962357
CARS2	1	0	1	0.034832282559476124	0.1647860391962357
BAI1	1	0	1	0.03642987249544627	0.1647860391962357
RMDN1	1	0	1	0.0365737692926633	0.1647860391962357
MAPRE1	1	0	1	0.04554771122751082	0.1647860391962357
G6PD	1	0	1	0.04633920296570899	0.1647860391962357
SLC4A4	1	0	1	0.04690871563936579	0.1647860391962357
OGFOD1	1	0	1	0.04886630179827991	0.1647860391962357
TBC1D9B	1	0	1	0.049630254603206116	0.1647860391962357
SFTPA2	1	0	1	0.05143503754757741	0.1647860391962357
NLRP8	2	0	1	0.056452523427797226	0.1647860391962357
DNMT3A	2	0	1	0.05887894488930758	0.1647860391962357
TGM3	1	0	1	0.05901445854234287	0.1647860391962357
PBRM1	1	0	1	0.06079396923825157	0.1647860391962357
DHX38	1	0	1	0.06709608158883522	0.1647860391962357
FBXO38	1	0	1	0.06796248470844093	0.1647860391962357
NFKBIE	1	0	1	0.0686294694942008	0.1647860391962357
NAP1L1	1	0	1	0.06957973838018369	0.1647860391962357
ADAM28	1	0	1	0.07044734061289186	0.1647860391962357
NUDT3	1	0	1	0.07079144839303413	0.1647860391962357
NBEAL2	1	0	1	0.07134194192765927	0.1647860391962357
CDH19	1	0	1	0.07215007215007214	0.1647860391962357
KHNYN	1	0	1	0.078125	0.1647860391962357
VANGL2	1	0	1	0.07837604827964574	0.1647860391962357
LATS2	6	0	2	0.07919537499010058	0.1647860391962357
USP24	1	0	1	0.08052178114179885	0.1647860391962357
PTCH1	2	0	1	0.08116224332440548	0.1647860391962357
FHOD3	2	0	1	0.08122157244964262	0.1647860391962357
PCDHB10	2	0	1	0.08251505899826718	0.1647860391962357
GTSF1	1	0	1	0.08288437629506838	0.1647860391962357
PAX5	2	0	1	0.08318083513558476	0.1647860391962357
SAV1	1	0	1	0.08574858514834505	0.1647860391962357
SPATA31D1	2	0	1	0.08579272477693892	0.1647860391962357
LOX	1	0	1	0.08596234849136078	0.1647860391962357
DAAM2	1	0	1	0.08808244516867789	0.1647860391962357
MEGF8	1	0	1	0.0888651915044877	0.1647860391962357
CAPN3	1	0	1	0.08919015340706386	0.1647860391962357
CST9	1	0	1	0.0894854586129754	0.1647860391962357
MAPK13	1	0	1	0.09033423667570009	0.1647860391962357
DECR2	1	0	1	0.09240436148586213	0.1647860391962357
OOSP2	1	0	1	0.09441979038806533	0.1647860391962357
HEATR3	1	0	1	0.0963948332369385	0.1647860391962357
KCTD12	1	0	1	0.09641342074816814	0.1647860391962357
VPS41	1	0	1	0.097551458394303	0.1647860391962357
TGFBR2	1	0	1	0.10035122930255895	0.1647860391962357
NRAP	1	0	1	0.10052271813429835	0.1647860391962357
IQGAP2	1	0	1	0.10119409026512852	0.1647860391962357
LRP4	2	0	1	0.10180189351521939	0.1647860391962357
TBX3	1	0	1	0.10353038616834041	0.1647860391962357
CLCN1	1	0	1	0.10578652279699566	0.1647860391962357
EZH2	1	0	1	0.10662117496534812	0.1647860391962357
PPM1F	1	0	1	0.10833062506770665	0.1647860391962357
MSH2	1	0	1	0.10931351114997814	0.1647860391962357
CMTR1	1	0	1	0.11156978690170702	0.16495182100277642
RANBP6	1	0	1	0.11380448389666553	0.16495182100277642
FLG	2	0	1	0.11811953697141507	0.16495182100277642
MINK1	1	0	1	0.11943150603129106	0.16495182100277642
PTPRQ	1	0	1	0.120598166907863	0.16495182100277642
UCHL5	1	0	1	0.1211827435773146	0.16495182100277642
TUSC3	1	0	1	0.12140342357654486	0.16495182100277642
MYPN	1	0	1	0.1224889759921607	0.16495182100277642
LPIN2	2	0	1	0.12973533990659056	0.1724114385600743
UGP2	1	0	1	0.1350438892640108	0.17713549111253368
RGS5	1	0	1	0.13812154696132597	0.17884969542428109
FBLN1	1	0	1	0.1419647927314026	0.18149929197305903
CCDC93	1	0	1	0.14609203798392986	0.18444119795471145
SETDB1	1	0	1	0.15855398763278897	0.19770312038162574
UNC50	1	0	1	0.17316017316017315	0.21328265230704255
KIF21A	2	0	1	0.17583963425356075	0.21397353083867032
KMT2C	1	0	1	0.18508236165093467	0.22073849045469945
DNAH6	2	0	1	0.18577001671930152	0.22073849045469945
RYR2	2	0	1	0.18796992481203006	0.22075537681412835
SRPK2	2	0	1	0.21150592216582065	0.24554135791664236
THRAP3	1	0	1	0.22060445621001545	0.25274642776707296
NRAS	1	0	1	0.22271714922049	0.25274642776707296
DNMT3B	2	0	1	0.22977941176470587	0.25786356209150324
TENM4	1	0	1	0.2346866932644919	0.26047643977707347
DTWD1	2	0	1	0.2663115845539281	0.2923638047820298
GCN1L1	2	0	1	0.292654375182909	0.3178289450911162
LRBA	1	0	1	0.32041012495994875	0.34427045341441304
MDN1	1	0	1	0.34281796366129585	0.3644696245241145
PDE10A	1	0	1	0.36023054755043227	0.3789925552353506
ANHX	2	0	1	0.3640334910811795	0.37904518143504257
PTPN14	1	0	1	0.37230081906180196	0.3836977829106326
ZNF569	1	0	1	0.38461538461538464	0.3923853923853924
KRT34	1	0	1	0.4244482173174873	0.425531914893617
FAM183B	3	0	1	0.425531914893617	0.425531914893617
ADAMTS4	1	0	0	1.0	1.0
NPHP1	1	0	0	1.0	1.0
NRBP1	1	0	0	1.0	1.0
OR6B3	1	0	0	1.0	1.0
PAPOLG	1	0	0	1.0	1.0
PASK	1	0	0	1.0	1.0
PTH2R	1	0	0	1.0	1.0
RAD51AP2	1	0	0	1.0	1.0
NEU2	1	0	0	1.0	1.0
RANBP2	1	0	0	1.0	1.0
SCN1A	1	0	0	1.0	1.0
SCN9A	1	0	0	1.0	1.0
SERPINE2	1	0	0	1.0	1.0
SERTAD2	1	0	0	1.0	1.0
SLC3A1	1	0	0	1.0	1.0
SLC5A7	1	0	0	1.0	1.0
SNRNP200	1	0	0	1.0	1.0
RGPD3	1	0	0	1.0	1.0
NEB	1	0	0	1.0	1.0
NDUFA10	1	0	0	1.0	1.0
NCKAP5	1	0	0	1.0	1.0
IFT172	1	0	0	1.0	1.0
IL18RAP	1	0	0	1.0	1.0
INPP1	1	0	0	1.0	1.0
ITGB6	1	0	0	1.0	1.0
KCNF1	1	0	0	1.0	1.0
KIAA1211L	1	0	0	1.0	1.0
KIDINS220	1	0	0	1.0	1.0
KIF5C	1	0	0	1.0	1.0
KYNU	1	0	0	1.0	1.0
LGALSL	1	0	0	1.0	1.0
LPIN1	1	0	0	1.0	1.0
LRP1B	1	0	0	1.0	1.0
LTBP1	1	0	0	1.0	1.0
MAP4K3	1	0	0	1.0	1.0
MGAT5	1	0	0	1.0	1.0
MSH6	1	0	0	1.0	1.0
MYT1L	1	0	0	1.0	1.0
SNRNP27	1	0	0	1.0	1.0
IFIH1	1	0	0	1.0	1.0
SPTBN1	2	0	0	1.0	1.0
TEKT4	1	0	0	1.0	1.0
CD300LB	1	0	0	1.0	1.0
CD79B	1	0	0	1.0	1.0
CDC27	1	0	0	1.0	1.0
COASY	1	0	0	1.0	1.0
DHX58	1	0	0	1.0	1.0
FAM171A2	1	0	0	1.0	1.0
FAM83G	1	0	0	1.0	1.0
CASKIN2	1	0	0	1.0	1.0
FBF1	1	0	0	1.0	1.0
GAA	1	0	0	1.0	1.0
GIP	1	0	0	1.0	1.0
GIT1	1	0	0	1.0	1.0
GPR179	1	0	0	1.0	1.0
GSDMA	1	0	0	1.0	1.0
HOXB1	1	0	0	1.0	1.0
HOXB6	1	0	0	1.0	1.0
FBXO47	1	0	0	1.0	1.0
CANT1	1	0	0	1.0	1.0
BZRAP1	1	0	0	1.0	1.0
BRIP1	1	0	0	1.0	1.0
TIGD1	1	0	0	1.0	1.0
TMEM194B	1	0	0	1.0	1.0
TMEM37	1	0	0	1.0	1.0
TRABD2A	1	0	0	1.0	1.0
TSSC1	1	0	0	1.0	1.0
TTL	1	0	0	1.0	1.0
TTN	6	0	0	1.0	1.0
VWA3B	2	0	0	1.0	1.0
ZNF2	1	0	0	1.0	1.0
ZNF638	1	0	0	1.0	1.0
ZRANB3	1	0	0	1.0	1.0
ACADVL	1	0	0	1.0	1.0
ACAP1	1	0	0	1.0	1.0
ACSF2	1	0	0	1.0	1.0
ALOX15B	1	0	0	1.0	1.0
ARHGAP23	1	0	0	1.0	1.0
ARRB2	1	0	0	1.0	1.0
STK11IP	1	0	0	1.0	1.0
HDLBP	1	0	0	1.0	1.0
GRHL1	1	0	0	1.0	1.0
GREB1	1	0	0	1.0	1.0
ROBO3	1	0	0	1.0	1.0
RTN4RL2	1	0	0	1.0	1.0
SF1	1	0	0	1.0	1.0
SHANK2	1	0	0	1.0	1.0
SIGIRR	1	0	0	1.0	1.0
SIK3	1	0	0	1.0	1.0
SLC1A2	2	0	0	1.0	1.0
RNF214	1	0	0	1.0	1.0
SMPD1	1	0	0	1.0	1.0
TBC1D10C	1	0	0	1.0	1.0
TBRG1	1	0	0	1.0	1.0
TMEM123	1	0	0	1.0	1.0
TMEM132A	2	0	0	1.0	1.0
TMEM138	1	0	0	1.0	1.0
TMEM80	1	0	0	1.0	1.0
TMEM9B	1	0	0	1.0	1.0
SPI1	1	0	0	1.0	1.0
RIN1	1	0	0	1.0	1.0
RELT	1	0	0	1.0	1.0
RAG2	1	0	0	1.0	1.0
OR52K2	1	0	0	1.0	1.0
OR5D14	1	0	0	1.0	1.0
OR5F1	1	0	0	1.0	1.0
OR5L1	1	0	0	1.0	1.0
OR5M3	1	0	0	1.0	1.0
OR8H2	1	0	0	1.0	1.0
OR8H3	1	0	0	1.0	1.0
OTOG	1	0	0	1.0	1.0
P4HA3	1	0	0	1.0	1.0
PAAF1	1	0	0	1.0	1.0
PACS1	1	0	0	1.0	1.0
PAMR1	1	0	0	1.0	1.0
PDHX	1	0	0	1.0	1.0
PHRF1	2	0	0	1.0	1.0
PIH1D2	1	0	0	1.0	1.0
POLR2G	1	0	0	1.0	1.0
RAB1B	1	0	0	1.0	1.0
TRAF6	1	0	0	1.0	1.0
TRIM66	1	0	0	1.0	1.0
TRPM5	1	0	0	1.0	1.0
VPS11	1	0	0	1.0	1.0
DLX2	1	0	0	1.0	1.0
DPYSL5	1	0	0	1.0	1.0
EEF1B2	1	0	0	1.0	1.0
EGR4	1	0	0	1.0	1.0
ELMOD3	1	0	0	1.0	1.0
ERBB4	1	0	0	1.0	1.0
ERCC3	1	0	0	1.0	1.0
FAM124B	1	0	0	1.0	1.0
FMNL2	1	0	0	1.0	1.0
FN1	1	0	0	1.0	1.0
FSIP2	1	0	0	1.0	1.0
GALNT14	1	0	0	1.0	1.0
GLI2	1	0	0	1.0	1.0
GLS	1	0	0	1.0	1.0
GPD2	1	0	0	1.0	1.0
GPN1	1	0	0	1.0	1.0
GPR45	1	0	0	1.0	1.0
DCTN1	1	0	0	1.0	1.0
ITGAE	1	0	0	1.0	1.0
DAPL1	1	0	0	1.0	1.0
COL5A2	1	0	0	1.0	1.0
ABCG8	1	0	0	1.0	1.0
ABHD1	1	0	0	1.0	1.0
ACVR1	1	0	0	1.0	1.0
ADAM17	1	0	0	1.0	1.0
AGPS	1	0	0	1.0	1.0
ALS2	1	0	0	1.0	1.0
ANKRD30BL	1	0	0	1.0	1.0
AQP12B	1	0	0	1.0	1.0
ARL4C	1	0	0	1.0	1.0
BAZ2B	2	0	0	1.0	1.0
BIRC6	1	0	0	1.0	1.0
BMP10	1	0	0	1.0	1.0
CAD	1	0	0	1.0	1.0
CASP10	1	0	0	1.0	1.0
CCNYL1	1	0	0	1.0	1.0
CNOT11	1	0	0	1.0	1.0
COL4A3	1	0	0	1.0	1.0
CWC22	1	0	0	1.0	1.0
ITGB3	2	0	0	1.0	1.0
KIAA0100	1	0	0	1.0	1.0
KIAA0195	1	0	0	1.0	1.0
SLC7A14	1	0	0	1.0	1.0
SPATA16	1	0	0	1.0	1.0
SRGAP3	1	0	0	1.0	1.0
STAB1	1	0	0	1.0	1.0
TLR9	1	0	0	1.0	1.0
TMIE	1	0	0	1.0	1.0
TNK2	2	0	0	1.0	1.0
SLC6A11	1	0	0	1.0	1.0
TRAK1	1	0	0	1.0	1.0
TRIM59	1	0	0	1.0	1.0
TRIM71	1	0	0	1.0	1.0
TRPC1	1	0	0	1.0	1.0
UBP1	1	0	0	1.0	1.0
VEPH1	1	0	0	1.0	1.0
XIRP1	1	0	0	1.0	1.0
XRN1	1	0	0	1.0	1.0
TRANK1	1	0	0	1.0	1.0
SEMA5B	1	0	0	1.0	1.0
SCN11A	2	0	0	1.0	1.0
SCN10A	1	0	0	1.0	1.0
MAP3K13	1	0	0	1.0	1.0
MASP1	1	0	0	1.0	1.0
MGLL	1	0	0	1.0	1.0
MUC4	1	0	0	1.0	1.0
MYD88	2	0	0	1.0	1.0
NAALADL2	1	0	0	1.0	1.0
NCKIPSD	1	0	0	1.0	1.0
NISCH	1	0	0	1.0	1.0
NKTR	1	0	0	1.0	1.0
PFKFB4	1	0	0	1.0	1.0
PHLDB2	1	0	0	1.0	1.0
PIK3CA	1	0	0	1.0	1.0
PLXNA1	1	0	0	1.0	1.0
PLXND1	1	0	0	1.0	1.0
POLR2H	1	0	0	1.0	1.0
ROPN1	1	0	0	1.0	1.0
RPN1	1	0	0	1.0	1.0
ZBBX	1	0	0	1.0	1.0
ZBTB20	2	0	0	1.0	1.0
ZNF654	1	0	0	1.0	1.0
ABCF1	1	0	0	1.0	1.0
HIST1H4C	1	0	0	1.0	1.0
HIST1H4D	1	0	0	1.0	1.0
HIST1H4I	1	0	0	1.0	1.0
HSPA1A	1	0	0	1.0	1.0
IMPG1	1	0	0	1.0	1.0
IRF4	1	0	0	1.0	1.0
KIF13A	1	0	0	1.0	1.0
KLHL31	1	0	0	1.0	1.0
LAMA4	1	0	0	1.0	1.0
LATS1	1	0	0	1.0	1.0
LRP11	1	0	0	1.0	1.0
LRRC73	1	0	0	1.0	1.0
LY6G6C	1	0	0	1.0	1.0
MAP3K4	1	0	0	1.0	1.0
MCUR1	1	0	0	1.0	1.0
MYLK4	1	0	0	1.0	1.0
NCOA7	2	0	0	1.0	1.0
HIST1H3F	1	0	0	1.0	1.0
MAGI1	1	0	0	1.0	1.0
HCRTR2	1	0	0	1.0	1.0
GABRR1	2	0	0	1.0	1.0
AGPAT4	1	0	0	1.0	1.0
AIM1	1	0	0	1.0	1.0
AKAP12	1	0	0	1.0	1.0
ASCC3	1	0	0	1.0	1.0
BAI3	1	0	0	1.0	1.0
CCND3	1	0	0	1.0	1.0
CFB	2	0	0	1.0	1.0
CLVS2	1	0	0	1.0	1.0
COL12A1	1	0	0	1.0	1.0
COL19A1	1	0	0	1.0	1.0
CUTA	1	0	0	1.0	1.0
DDR1	1	0	0	1.0	1.0
DNAH8	1	0	0	1.0	1.0
DSP	1	0	0	1.0	1.0
DST	1	0	0	1.0	1.0
EPHA7	1	0	0	1.0	1.0
FAM184A	1	0	0	1.0	1.0
HBS1L	1	0	0	1.0	1.0
OR52A1	1	0	0	1.0	1.0
LHFPL4	1	0	0	1.0	1.0
KALRN	1	0	0	1.0	1.0
RAP1GAP2	1	0	0	1.0	1.0
RFNG	1	0	0	1.0	1.0
RPS6KB1	1	0	0	1.0	1.0
RPTOR	1	0	0	1.0	1.0
RTN4RL1	1	0	0	1.0	1.0
SCARF1	1	0	0	1.0	1.0
SDK2	1	0	0	1.0	1.0
PRKCA	1	0	0	1.0	1.0
SEPT9	1	0	0	1.0	1.0
SHPK	1	0	0	1.0	1.0
SLC25A11	1	0	0	1.0	1.0
SLC38A10	1	0	0	1.0	1.0
SLC43A2	1	0	0	1.0	1.0
MIEF2	1	0	0	1.0	1.0
SMCR8	1	0	0	1.0	1.0
SMYD4	1	0	0	1.0	1.0
SGSH	2	0	0	1.0	1.0
POLR2A	1	0	0	1.0	1.0
PNMT	1	0	0	1.0	1.0
PLD2	1	0	0	1.0	1.0
KRT14	1	0	0	1.0	1.0
KRT33A	1	0	0	1.0	1.0
LLGL2	1	0	0	1.0	1.0
MAP3K3	1	0	0	1.0	1.0
MAPK7	1	0	0	1.0	1.0
MGAT5B	1	0	0	1.0	1.0
MKS1	1	0	0	1.0	1.0
MYH1	1	0	0	1.0	1.0
MYO1D	1	0	0	1.0	1.0
NCOR1	1	0	0	1.0	1.0
NFE2L1	1	0	0	1.0	1.0
NLE1	1	0	0	1.0	1.0
NSF	1	0	0	1.0	1.0
NUFIP2	1	0	0	1.0	1.0
NUP88	1	0	0	1.0	1.0
OR1D2	1	0	0	1.0	1.0
PHB	1	0	0	1.0	1.0
SPECC1	1	0	0	1.0	1.0
TBCD	1	0	0	1.0	1.0
TBX21	1	0	0	1.0	1.0
TNS4	1	0	0	1.0	1.0
COPB2	1	0	0	1.0	1.0
CRTAP	1	0	0	1.0	1.0
CTDSPL	1	0	0	1.0	1.0
DAG1	1	0	0	1.0	1.0
DPPA4	1	0	0	1.0	1.0
EHHADH	1	0	0	1.0	1.0
EIF4G1	1	0	0	1.0	1.0
EPHA3	1	0	0	1.0	1.0
GNAT1	1	0	0	1.0	1.0
GOLGB1	2	0	0	1.0	1.0
GXYLT2	1	0	0	1.0	1.0
HPS3	2	0	0	1.0	1.0
HTR3E	1	0	0	1.0	1.0
HYAL3	1	0	0	1.0	1.0
IFT122	1	0	0	1.0	1.0
IQCB1	1	0	0	1.0	1.0
IQSEC1	1	0	0	1.0	1.0
COL6A5	1	0	0	1.0	1.0
LAMP3	1	0	0	1.0	1.0
CNTN6	1	0	0	1.0	1.0
CDCP1	1	0	0	1.0	1.0
TOP2A	2	0	0	1.0	1.0
TOP3A	1	0	0	1.0	1.0
TRIM25	1	0	0	1.0	1.0
ZZEF1	1	0	0	1.0	1.0
ABI3BP	1	0	0	1.0	1.0
APEH	1	0	0	1.0	1.0
ASB14	1	0	0	1.0	1.0
ATP6V1A	1	0	0	1.0	1.0
ATR	1	0	0	1.0	1.0
BAP1	3	0	0	1.0	1.0
BSN	1	0	0	1.0	1.0
BTD	1	0	0	1.0	1.0
C3orf36	1	0	0	1.0	1.0
SMCO1	1	0	0	1.0	1.0
CAND2	1	0	0	1.0	1.0
CASR	1	0	0	1.0	1.0
CD200R1L	1	0	0	1.0	1.0
CNOT10	1	0	0	1.0	1.0
OR4D6	1	0	0	1.0	1.0
OR10A2	1	0	0	1.0	1.0
OPCML	1	0	0	1.0	1.0
PAPPA2	1	0	0	1.0	1.0
PAQR6	1	0	0	1.0	1.0
PEX10	1	0	0	1.0	1.0
PINK1	1	0	0	1.0	1.0
PLA2G4A	1	0	0	1.0	1.0
PLEKHA6	1	0	0	1.0	1.0
PLEKHG5	1	0	0	1.0	1.0
PADI4	2	0	0	1.0	1.0
PLK3	1	0	0	1.0	1.0
PPIAL4G	1	0	0	1.0	1.0
PROX1	1	0	0	1.0	1.0
PRPF3	1	0	0	1.0	1.0
PRRC2C	1	0	0	1.0	1.0
RCC2	1	0	0	1.0	1.0
RGS18	1	0	0	1.0	1.0
RIMKLA	1	0	0	1.0	1.0
PM20D1	1	0	0	1.0	1.0
PABPC4	1	0	0	1.0	1.0
OTUD7B	1	0	0	1.0	1.0
OR2T4	2	0	0	1.0	1.0
MARK1	1	0	0	1.0	1.0
MIXL1	1	0	0	1.0	1.0
MROH9	1	0	0	1.0	1.0
MSH4	1	0	0	1.0	1.0
NASP	1	0	0	1.0	1.0
NAV1	1	0	0	1.0	1.0
NBPF1	1	0	0	1.0	1.0
NCF2	1	0	0	1.0	1.0
NEK2	1	0	0	1.0	1.0
NES	1	0	0	1.0	1.0
NFIA	1	0	0	1.0	1.0
NR5A2	1	0	0	1.0	1.0
NVL	1	0	0	1.0	1.0
OBSCN	2	0	0	1.0	1.0
OR10K1	1	0	0	1.0	1.0
OR14I1	1	0	0	1.0	1.0
OR2AK2	1	0	0	1.0	1.0
RRNAD1	1	0	0	1.0	1.0
RUSC1	1	0	0	1.0	1.0
S100A7A	1	0	0	1.0	1.0
S100A9	2	0	0	1.0	1.0
TIE1	1	0	0	1.0	1.0
TMCC2	1	0	0	1.0	1.0
TNR	1	0	0	1.0	1.0
TOMM40L	1	0	0	1.0	1.0
TUFT1	1	0	0	1.0	1.0
UBAP2L	1	0	0	1.0	1.0
USH2A	3	0	0	1.0	1.0
VAV3	1	0	0	1.0	1.0
VPS13D	2	0	0	1.0	1.0
VWA5B1	1	0	0	1.0	1.0
XKR8	1	0	0	1.0	1.0
ZP4	1	0	0	1.0	1.0
ACTN4	1	0	0	1.0	1.0
ANKLE1	1	0	0	1.0	1.0
APC2	1	0	0	1.0	1.0
ARHGAP35	1	0	0	1.0	1.0
ARMC6	1	0	0	1.0	1.0
TGFB2	1	0	0	1.0	1.0
MAN1C1	1	0	0	1.0	1.0
TESK2	1	0	0	1.0	1.0
TCHH	1	0	0	1.0	1.0
SELE	1	0	0	1.0	1.0
SELENBP1	1	0	0	1.0	1.0
SELP	1	0	0	1.0	1.0
COA7	1	0	0	1.0	1.0
SERINC2	1	0	0	1.0	1.0
SGIP1	1	0	0	1.0	1.0
SIPA1L2	1	0	0	1.0	1.0
SLC25A24	1	0	0	1.0	1.0
SLC5A9	1	0	0	1.0	1.0
SLC6A9	1	0	0	1.0	1.0
SLC9A1	1	0	0	1.0	1.0
SLC9C2	1	0	0	1.0	1.0
SOAT1	1	0	0	1.0	1.0
SPTA1	1	0	0	1.0	1.0
SRSF4	1	0	0	1.0	1.0
TAF1A	1	0	0	1.0	1.0
TAS1R2	2	0	0	1.0	1.0
TCHHL1	1	0	0	1.0	1.0
AXL	1	0	0	1.0	1.0
MACF1	1	0	0	1.0	1.0
LRRC7	1	0	0	1.0	1.0
CFHR5	1	0	0	1.0	1.0
CHD5	1	0	0	1.0	1.0
CHI3L1	1	0	0	1.0	1.0
CLCA1	1	0	0	1.0	1.0
CLCNKB	1	0	0	1.0	1.0
CLSTN1	1	0	0	1.0	1.0
COL24A1	1	0	0	1.0	1.0
CEP104	1	0	0	1.0	1.0
COL8A2	1	0	0	1.0	1.0
CR1	1	0	0	1.0	1.0
CROCC	1	0	0	1.0	1.0
CTSS	1	0	0	1.0	1.0
DCLRE1B	2	0	0	1.0	1.0
DEDD	1	0	0	1.0	1.0
DENND4B	1	0	0	1.0	1.0
DIEXF	1	0	0	1.0	1.0
COPA	1	0	0	1.0	1.0
CDKN2C	1	0	0	1.0	1.0
CDCP2	1	0	0	1.0	1.0
CCNL2	1	0	0	1.0	1.0
ADAMTSL4	1	0	0	1.0	1.0
AK2	1	0	0	1.0	1.0
ALDH9A1	1	0	0	1.0	1.0
ANKRD35	1	0	0	1.0	1.0
AP4B1	1	0	0	1.0	1.0
ARHGAP29	1	0	0	1.0	1.0
ARHGEF2	1	0	0	1.0	1.0
ATP1A2	1	0	0	1.0	1.0
ATP1A4	1	0	0	1.0	1.0
BCAN	1	0	0	1.0	1.0
C1orf109	1	0	0	1.0	1.0
C1orf27	1	0	0	1.0	1.0
C1orf94	1	0	0	1.0	1.0
C4BPA	1	0	0	1.0	1.0
CAPN2	1	0	0	1.0	1.0
CAPZA1	1	0	0	1.0	1.0
CASZ1	1	0	0	1.0	1.0
DISC1	1	0	0	1.0	1.0
DISP1	1	0	0	1.0	1.0
DNAH14	1	0	0	1.0	1.0
DOCK7	1	0	0	1.0	1.0
HNRNPR	1	0	0	1.0	1.0
IFI44L	1	0	0	1.0	1.0
IGFN1	1	0	0	1.0	1.0
IKBKE	1	0	0	1.0	1.0
IL23R	1	0	0	1.0	1.0
ITLN2	1	0	0	1.0	1.0
JMJD4	1	0	0	1.0	1.0
KCNQ4	1	0	0	1.0	1.0
KIAA1522	1	0	0	1.0	1.0
KIAA1614	1	0	0	1.0	1.0
KIF21B	1	0	0	1.0	1.0
KIRREL	1	0	0	1.0	1.0
LAMC2	1	0	0	1.0	1.0
LAX1	1	0	0	1.0	1.0
LGALS8	1	0	0	1.0	1.0
LMO4	1	0	0	1.0	1.0
LPAR3	1	0	0	1.0	1.0
HIST2H2AB	1	0	0	1.0	1.0
MAB21L3	1	0	0	1.0	1.0
HEYL	1	0	0	1.0	1.0
HDAC1	1	0	0	1.0	1.0
EGLN1	1	0	0	1.0	1.0
AGO1	1	0	0	1.0	1.0
EPHB2	1	0	0	1.0	1.0
EXOC8	1	0	0	1.0	1.0
F11R	1	0	0	1.0	1.0
FAM78B	1	0	0	1.0	1.0
FGR	1	0	0	1.0	1.0
FLG2	1	0	0	1.0	1.0
FMN2	1	0	0	1.0	1.0
GALNT2	1	0	0	1.0	1.0
GATAD2B	1	0	0	1.0	1.0
GBP2	1	0	0	1.0	1.0
GPATCH2	1	0	0	1.0	1.0
GPATCH3	1	0	0	1.0	1.0
GPR157	1	0	0	1.0	1.0
GPR88	1	0	0	1.0	1.0
GRIK3	2	0	0	1.0	1.0
HECTD3	1	0	0	1.0	1.0
ACOT11	1	0	0	1.0	1.0
C19orf26	1	0	0	1.0	1.0
CACTIN	1	0	0	1.0	1.0
ZNF628	1	0	0	1.0	1.0
ZNF724P	1	0	0	1.0	1.0
ZNF737	1	0	0	1.0	1.0
ZNF835	1	0	0	1.0	1.0
ZNF99	1	0	0	1.0	1.0
ZSCAN1	1	0	0	1.0	1.0
ABCC8	2	0	0	1.0	1.0
ZNF585A	1	0	0	1.0	1.0
ADM	1	0	0	1.0	1.0
NEU1	1	0	0	1.0	1.0
AMBRA1	1	0	0	1.0	1.0
AMICA1	1	0	0	1.0	1.0
AQP11	1	0	0	1.0	1.0
ARAP1	1	0	0	1.0	1.0
ARHGAP20	1	0	0	1.0	1.0
ARHGAP32	1	0	0	1.0	1.0
AGBL2	1	0	0	1.0	1.0
ZNF582	1	0	0	1.0	1.0
ZNF579	1	0	0	1.0	1.0
ZNF567	1	0	0	1.0	1.0
TSPAN16	1	0	0	1.0	1.0
TULP2	1	0	0	1.0	1.0
VSIG10L	1	0	0	1.0	1.0
WDR62	1	0	0	1.0	1.0
ZFR2	1	0	0	1.0	1.0
ZNF225	1	0	0	1.0	1.0
ZNF304	1	0	0	1.0	1.0
ZNF324B	1	0	0	1.0	1.0
ZNF333	1	0	0	1.0	1.0
ZNF358	1	0	0	1.0	1.0
ZNF419	1	0	0	1.0	1.0
ZNF440	1	0	0	1.0	1.0
ZNF493	1	0	0	1.0	1.0
ZNF536	1	0	0	1.0	1.0
ZNF541	1	0	0	1.0	1.0
ZNF543	1	0	0	1.0	1.0
ZNF544	1	0	0	1.0	1.0
ARHGEF12	1	0	0	1.0	1.0
BBOX1	1	0	0	1.0	1.0
BEST1	1	0	0	1.0	1.0
C11orf91	1	0	0	1.0	1.0
HINFP	1	0	0	1.0	1.0
INPPL1	2	0	0	1.0	1.0
INSC	1	0	0	1.0	1.0
IPO7	1	0	0	1.0	1.0
KCNC1	1	0	0	1.0	1.0
KDM4E	1	0	0	1.0	1.0
KIAA1549L	1	0	0	1.0	1.0
LRRC55	1	0	0	1.0	1.0
MAPK8IP1	1	0	0	1.0	1.0
KMT2A	2	0	0	1.0	1.0
MMP20	1	0	0	1.0	1.0
MMP8	1	0	0	1.0	1.0
MUC2	3	0	0	1.0	1.0
MUC5B	4	0	0	1.0	1.0
MYRF	1	0	0	1.0	1.0
NLRP14	1	0	0	1.0	1.0
NLRP6	1	0	0	1.0	1.0
GUCY1A2	1	0	0	1.0	1.0
TSKS	1	0	0	1.0	1.0
GRM5	2	0	0	1.0	1.0
GANAB	1	0	0	1.0	1.0
COLCA2	1	0	0	1.0	1.0
C1QTNF4	1	0	0	1.0	1.0
CAPN5	1	0	0	1.0	1.0
CCDC153	1	0	0	1.0	1.0
CD5	1	0	0	1.0	1.0
CKAP5	1	0	0	1.0	1.0
CLPB	1	0	0	1.0	1.0
CSTF3	1	0	0	1.0	1.0
DBX1	1	0	0	1.0	1.0
DCHS1	3	0	0	1.0	1.0
DENND5A	1	0	0	1.0	1.0
DNHD1	2	0	0	1.0	1.0
DRD4	1	0	0	1.0	1.0
DYNC2H1	1	0	0	1.0	1.0
EHF	1	0	0	1.0	1.0
EIF4G2	1	0	0	1.0	1.0
GAL3ST3	3	0	0	1.0	1.0
GLYAT	1	0	0	1.0	1.0
C19orf57	1	0	0	1.0	1.0
TRIP10	1	0	0	1.0	1.0
SYT5	1	0	0	1.0	1.0
FCHO1	1	0	0	1.0	1.0
FKBP8	1	0	0	1.0	1.0
GIPC3	1	0	0	1.0	1.0
GLTSCR1	2	0	0	1.0	1.0
GNG7	1	0	0	1.0	1.0
GRIN3B	1	0	0	1.0	1.0
GTF2F1	1	0	0	1.0	1.0
FCGRT	1	0	0	1.0	1.0
GYS1	1	0	0	1.0	1.0
HOOK2	2	0	0	1.0	1.0
IRF2BP1	1	0	0	1.0	1.0
ISYNA1	1	0	0	1.0	1.0
KIAA0355	1	0	0	1.0	1.0
KLK3	1	0	0	1.0	1.0
LENG8	1	0	0	1.0	1.0
LILRA3	1	0	0	1.0	1.0
GZMM	1	0	0	1.0	1.0
FCGBP	2	0	0	1.0	1.0
FBN3	1	0	0	1.0	1.0
FBL	1	0	0	1.0	1.0
CATSPERD	2	0	0	1.0	1.0
CCDC114	1	0	0	1.0	1.0
CCDC155	1	0	0	1.0	1.0
CD79A	1	0	0	1.0	1.0
CFD	1	0	0	1.0	1.0
CIC	1	0	0	1.0	1.0
CILP2	1	0	0	1.0	1.0
CNOT3	1	0	0	1.0	1.0
CYP4F2	1	0	0	1.0	1.0
DENND1C	1	0	0	1.0	1.0
DMRTC2	1	0	0	1.0	1.0
DOCK6	1	0	0	1.0	1.0
DOT1L	1	0	0	1.0	1.0
DYRK1B	1	0	0	1.0	1.0
EMC10	1	0	0	1.0	1.0
EMR1	1	0	0	1.0	1.0
EPS15L1	1	0	0	1.0	1.0
LIM2	1	0	0	1.0	1.0
LPPR3	1	0	0	1.0	1.0
LYPD5	1	0	0	1.0	1.0
KMT2B	1	0	0	1.0	1.0
RAB11B	1	0	0	1.0	1.0
RAB3D	1	0	0	1.0	1.0
RANBP3	1	0	0	1.0	1.0
RAVER1	1	0	0	1.0	1.0
SCAMP4	1	0	0	1.0	1.0
SEMA6B	1	0	0	1.0	1.0
SHISA7	1	0	0	1.0	1.0
SIGLEC10	2	0	0	1.0	1.0
SLC1A6	1	0	0	1.0	1.0
SLC44A2	1	0	0	1.0	1.0
SLC8A2	1	0	0	1.0	1.0
SMARCA4	1	0	0	1.0	1.0
SNRNP70	1	0	0	1.0	1.0
SRRM5	1	0	0	1.0	1.0
SUGP1	1	0	0	1.0	1.0
SYMPK	2	0	0	1.0	1.0
SYT3	1	0	0	1.0	1.0
PSG7	2	0	0	1.0	1.0
TFPT	1	0	0	1.0	1.0
PRR19	1	0	0	1.0	1.0
PPP1R15A	1	0	0	1.0	1.0
MRI1	1	0	0	1.0	1.0
MUC16	6	0	0	1.0	1.0
NACC1	1	0	0	1.0	1.0
NFKBID	1	0	0	1.0	1.0
NLRP4	1	0	0	1.0	1.0
NLRP7	3	0	0	1.0	1.0
NLRP9	1	0	0	1.0	1.0
NMRK2	1	0	0	1.0	1.0
NOTCH3	1	0	0	1.0	1.0
NRTN	1	0	0	1.0	1.0
OR1M1	1	0	0	1.0	1.0
PALM3	1	0	0	1.0	1.0
PAPL	2	0	0	1.0	1.0
PDE4A	1	0	0	1.0	1.0
PGLYRP1	1	0	0	1.0	1.0
PKN1	1	0	0	1.0	1.0
PNPLA6	1	0	0	1.0	1.0
PRMT1	1	0	0	1.0	1.0
AHNAK	1	0	0	1.0	1.0
TGIF2LY	1	0	0	1.0	1.0
PLAGL1	1	0	0	1.0	1.0
FAT4	4	0	0	1.0	1.0
FGB	1	0	0	1.0	1.0
FGFR3	1	0	0	1.0	1.0
FNIP2	1	0	0	1.0	1.0
FRAS1	1	0	0	1.0	1.0
GBA3	1	0	0	1.0	1.0
GC	1	0	0	1.0	1.0
GSX2	1	0	0	1.0	1.0
GUCY1A3	1	0	0	1.0	1.0
GUF1	1	0	0	1.0	1.0
HERC3	1	0	0	1.0	1.0
INPP4B	1	0	0	1.0	1.0
KIAA1211	2	0	0	1.0	1.0
KLHL8	1	0	0	1.0	1.0
LRIT3	1	0	0	1.0	1.0
METAP1	1	0	0	1.0	1.0
MFSD8	1	0	0	1.0	1.0
MTTP	1	0	0	1.0	1.0
NIPAL1	1	0	0	1.0	1.0
EPHA5	1	0	0	1.0	1.0
ENAM	1	0	0	1.0	1.0
CORIN	1	0	0	1.0	1.0
CLNK	1	0	0	1.0	1.0
RBP3	1	0	0	1.0	1.0
SEC23IP	1	0	0	1.0	1.0
SLIT1	1	0	0	1.0	1.0
SORCS1	1	0	0	1.0	1.0
SORCS3	1	0	0	1.0	1.0
TCTN3	1	0	0	1.0	1.0
TET1	1	0	0	1.0	1.0
TLL2	1	0	0	1.0	1.0
TM9SF3	1	0	0	1.0	1.0
NPFFR2	1	0	0	1.0	1.0
TMEM180	2	0	0	1.0	1.0
UBTD1	1	0	0	1.0	1.0
UNC5B	1	0	0	1.0	1.0
VAX1	1	0	0	1.0	1.0
ZNF503	1	0	0	1.0	1.0
ABCG2	1	0	0	1.0	1.0
AFF1	1	0	0	1.0	1.0
ANK2	3	0	0	1.0	1.0
ARAP2	1	0	0	1.0	1.0
CHRNA9	1	0	0	1.0	1.0
TRIM8	1	0	0	1.0	1.0
NUDT6	1	0	0	1.0	1.0
OTOP1	1	0	0	1.0	1.0
JADE1	1	0	0	1.0	1.0
CSMD3	1	0	0	1.0	1.0
DLC1	1	0	0	1.0	1.0
DOCK5	2	0	0	1.0	1.0
DPYSL2	1	0	0	1.0	1.0
EGR3	1	0	0	1.0	1.0
FAM135B	1	0	0	1.0	1.0
FAM150A	2	0	0	1.0	1.0
FBXL6	1	0	0	1.0	1.0
FNTA	1	0	0	1.0	1.0
CSMD1	3	0	0	1.0	1.0
FSBP	1	0	0	1.0	1.0
KAT6A	1	0	0	1.0	1.0
KCNQ3	1	0	0	1.0	1.0
KLHL38	1	0	0	1.0	1.0
LGI3	1	0	0	1.0	1.0
LRRC24	1	0	0	1.0	1.0
LYN	1	0	0	1.0	1.0
LZTS1	1	0	0	1.0	1.0
MFHAS1	1	0	0	1.0	1.0
MSRA	1	0	0	1.0	1.0
HGSNAT	1	0	0	1.0	1.0
PTPRE	2	0	0	1.0	1.0
CNBD1	1	0	0	1.0	1.0
C8orf82	1	0	0	1.0	1.0
POLN	1	0	0	1.0	1.0
POLR2B	1	0	0	1.0	1.0
RBM47	1	0	0	1.0	1.0
RGS12	1	0	0	1.0	1.0
SEC24B	1	0	0	1.0	1.0
SLC2A9	1	0	0	1.0	1.0
SMARCA5	1	0	0	1.0	1.0
SULT1B1	1	0	0	1.0	1.0
SULT1E1	1	0	0	1.0	1.0
CLN8	1	0	0	1.0	1.0
TENM3	1	0	0	1.0	1.0
TRIML2	1	0	0	1.0	1.0
UGT2B4	1	0	0	1.0	1.0
ADCY8	1	0	0	1.0	1.0
ADRB3	1	0	0	1.0	1.0
ANK1	1	0	0	1.0	1.0
ARC	1	0	0	1.0	1.0
ARFGEF1	1	0	0	1.0	1.0
ARHGEF10	1	0	0	1.0	1.0
ASAP1	1	0	0	1.0	1.0
TMEM144	1	0	0	1.0	1.0
MTFR1	1	0	0	1.0	1.0
PTEN	1	0	0	1.0	1.0
PPA1	1	0	0	1.0	1.0
FLNA	1	0	0	1.0	1.0
FRMPD3	1	0	0	1.0	1.0
GPC3	1	0	0	1.0	1.0
HEPH	1	0	0	1.0	1.0
ITGB1BP2	1	0	0	1.0	1.0
ITIH6	1	0	0	1.0	1.0
KDM5C	1	0	0	1.0	1.0
KDM6A	1	0	0	1.0	1.0
KIAA1210	1	0	0	1.0	1.0
KIAA2022	2	0	0	1.0	1.0
LAS1L	1	0	0	1.0	1.0
LDOC1	1	0	0	1.0	1.0
MAGEC1	1	0	0	1.0	1.0
MAGED1	1	0	0	1.0	1.0
MAP7D2	1	0	0	1.0	1.0
MED12	1	0	0	1.0	1.0
MID2	1	0	0	1.0	1.0
MORF4L2	1	0	0	1.0	1.0
MXRA5	2	0	0	1.0	1.0
FGD1	1	0	0	1.0	1.0
ESX1	1	0	0	1.0	1.0
ENOX2	1	0	0	1.0	1.0
ELF4	1	0	0	1.0	1.0
MED22	1	0	0	1.0	1.0
OR1J1	1	0	0	1.0	1.0
OR1J2	1	0	0	1.0	1.0
PALM2-AKAP2	1	0	0	1.0	1.0
PIP5KL1	1	0	0	1.0	1.0
PTPRD	1	0	0	1.0	1.0
RASEF	1	0	0	1.0	1.0
SET	1	0	0	1.0	1.0
SLC2A6	1	0	0	1.0	1.0
NOX1	1	0	0	1.0	1.0
SURF1	1	0	0	1.0	1.0
TMEM203	1	0	0	1.0	1.0
TNC	2	0	0	1.0	1.0
TRAF1	1	0	0	1.0	1.0
UNC13B	1	0	0	1.0	1.0
VAV2	1	0	0	1.0	1.0
AGTR2	1	0	0	1.0	1.0
ATRX	1	0	0	1.0	1.0
AWAT2	1	0	0	1.0	1.0
CHRDL1	1	0	0	1.0	1.0
TLN1	2	0	0	1.0	1.0
NRK	1	0	0	1.0	1.0
OFD1	1	0	0	1.0	1.0
PHKA1	1	0	0	1.0	1.0
CUBN	1	0	0	1.0	1.0
FANK1	2	0	0	1.0	1.0
FRMD4A	2	0	0	1.0	1.0
GBF1	1	0	0	1.0	1.0
GDF10	1	0	0	1.0	1.0
GPRIN2	2	0	0	1.0	1.0
HELLS	1	0	0	1.0	1.0
HK1	1	0	0	1.0	1.0
IFIT2	1	0	0	1.0	1.0
COL17A1	1	0	0	1.0	1.0
KLLN	1	0	0	1.0	1.0
LGI1	1	0	0	1.0	1.0
LHPP	1	0	0	1.0	1.0
MCM10	1	0	0	1.0	1.0
MGEA5	1	0	0	1.0	1.0
MLLT10	1	0	0	1.0	1.0
NDST2	1	0	0	1.0	1.0
NPFFR1	1	0	0	1.0	1.0
OGDHL	3	0	0	1.0	1.0
PDSS1	1	0	0	1.0	1.0
LDB1	1	0	0	1.0	1.0
PPRC1	1	0	0	1.0	1.0
CAMK2G	1	0	0	1.0	1.0
EDRF1	1	0	0	1.0	1.0
PLXNA3	1	0	0	1.0	1.0
PLXNB3	1	0	0	1.0	1.0
PRRG3	1	0	0	1.0	1.0
RBMXL3	1	0	0	1.0	1.0
RPS6KA6	1	0	0	1.0	1.0
SHROOM2	1	0	0	1.0	1.0
SPANXN1	1	0	0	1.0	1.0
STAG2	1	0	0	1.0	1.0
SYTL4	1	0	0	1.0	1.0
C10orf71	2	0	0	1.0	1.0
TBC1D25	1	0	0	1.0	1.0
TSPYL2	1	0	0	1.0	1.0
ZC3H12B	1	0	0	1.0	1.0
ZCCHC16	1	0	0	1.0	1.0
ADAMTS14	1	0	0	1.0	1.0
ANKRD26	1	0	0	1.0	1.0
ARMC3	1	0	0	1.0	1.0
BEND7	1	0	0	1.0	1.0
BLNK	2	0	0	1.0	1.0
BMS1	1	0	0	1.0	1.0
TBL1X	1	0	0	1.0	1.0
MYBL1	1	0	0	1.0	1.0
NUGGC	2	0	0	1.0	1.0
OPLAH	1	0	0	1.0	1.0
TFIP11	1	0	0	1.0	1.0
TTLL12	1	0	0	1.0	1.0
USP18	1	0	0	1.0	1.0
WNT7B	1	0	0	1.0	1.0
XBP1	1	0	0	1.0	1.0
BIVM-ERCC5	1	0	0	1.0	1.0
BORA	1	0	0	1.0	1.0
CSNK1A1L	1	0	0	1.0	1.0
DACH1	2	0	0	1.0	1.0
FARP1	2	0	0	1.0	1.0
FREM2	2	0	0	1.0	1.0
ITGBL1	2	0	0	1.0	1.0
KL	1	0	0	1.0	1.0
MCF2L	1	0	0	1.0	1.0
MEDAG	1	0	0	1.0	1.0
MPHOSPH8	1	0	0	1.0	1.0
MYCBP2	1	0	0	1.0	1.0
MYO16	1	0	0	1.0	1.0
N4BP2L2	2	0	0	1.0	1.0
TAB1	1	0	0	1.0	1.0
SMTN	2	0	0	1.0	1.0
SGSM3	1	0	0	1.0	1.0
SELO	1	0	0	1.0	1.0
TUBB1	1	0	0	1.0	1.0
XKR7	1	0	0	1.0	1.0
ZFP64	1	0	0	1.0	1.0
ZMYND8	1	0	0	1.0	1.0
ACO2	1	0	0	1.0	1.0
CYTH4	1	0	0	1.0	1.0
DMC1	1	0	0	1.0	1.0
ELFN2	1	0	0	1.0	1.0
EP300	1	0	0	1.0	1.0
NALCN	2	0	0	1.0	1.0
GAS2L1	1	0	0	1.0	1.0
IL17RA	1	0	0	1.0	1.0
IL17REL	1	0	0	1.0	1.0
PHF21B	1	0	0	1.0	1.0
PICK1	1	0	0	1.0	1.0
PISD	1	0	0	1.0	1.0
PIWIL3	1	0	0	1.0	1.0
PLXNB2	1	0	0	1.0	1.0
RAB36	1	0	0	1.0	1.0
SBF1	1	0	0	1.0	1.0
IGLV1-50	1	0	0	1.0	1.0
NUFIP1	1	0	0	1.0	1.0
PCDH17	1	0	0	1.0	1.0
PROSER1	1	0	0	1.0	1.0
ZNF396	1	0	0	1.0	1.0
ZNF521	1	0	0	1.0	1.0
ATP5J	1	0	0	1.0	1.0
CRYAA	1	0	0	1.0	1.0
CSTB	1	0	0	1.0	1.0
DIP2A	1	0	0	1.0	1.0
DNMT3L	1	0	0	1.0	1.0
DSCAM	1	0	0	1.0	1.0
HUNK	1	0	0	1.0	1.0
ZCCHC2	1	0	0	1.0	1.0
KCNJ15	1	0	0	1.0	1.0
KRTAP20-3	1	0	0	1.0	1.0
RRP1	1	0	0	1.0	1.0
RUNX1	2	0	0	1.0	1.0
RWDD2B	1	0	0	1.0	1.0
TRPM2	1	0	0	1.0	1.0
TSPEAR	1	0	0	1.0	1.0
UBASH3A	1	0	0	1.0	1.0
USP25	1	0	0	1.0	1.0
AMELY	1	0	0	1.0	1.0
KRTAP10-7	1	0	0	1.0	1.0
STK35	1	0	0	1.0	1.0
TUBB6	1	0	0	1.0	1.0
SERPINB12	1	0	0	1.0	1.0
PROZ	1	0	0	1.0	1.0
RNF17	1	0	0	1.0	1.0
RXFP2	1	0	0	1.0	1.0
SERPINE3	1	0	0	1.0	1.0
SLITRK6	1	0	0	1.0	1.0
SMAD9	1	0	0	1.0	1.0
TM9SF2	1	0	0	1.0	1.0
TNFRSF19	1	0	0	1.0	1.0
TRPC4	1	0	0	1.0	1.0
SKOR2	1	0	0	1.0	1.0
TSC22D1	1	0	0	1.0	1.0
CTDP1	1	0	0	1.0	1.0
DCC	1	0	0	1.0	1.0
GNAL	1	0	0	1.0	1.0
GREB1L	1	0	0	1.0	1.0
KCNG2	1	0	0	1.0	1.0
LOXHD1	1	0	0	1.0	1.0
MOCOS	1	0	0	1.0	1.0
NDC80	1	0	0	1.0	1.0
ROCK1	1	0	0	1.0	1.0
ASXL3	1	0	0	1.0	1.0
SPEF1	1	0	0	1.0	1.0
SOX12	1	0	0	1.0	1.0
SOGA1	1	0	0	1.0	1.0
ADPGK	1	0	0	1.0	1.0
ALPK3	3	0	0	1.0	1.0
AP3B2	1	0	0	1.0	1.0
ATP8B4	1	0	0	1.0	1.0
BNC1	1	0	0	1.0	1.0
CCPG1	1	0	0	1.0	1.0
CHD2	1	0	0	1.0	1.0
CSK	1	0	0	1.0	1.0
CSPG4	1	0	0	1.0	1.0
ACAN	1	0	0	1.0	1.0
DENND4A	3	0	0	1.0	1.0
FAM169B	1	0	0	1.0	1.0
FANCI	1	0	0	1.0	1.0
FES	1	0	0	1.0	1.0
GATM	1	0	0	1.0	1.0
GLDN	1	0	0	1.0	1.0
GOLGA6L2	1	0	0	1.0	1.0
INO80	2	0	0	1.0	1.0
KIF23	1	0	0	1.0	1.0
LTK	1	0	0	1.0	1.0
EIF3J	1	0	0	1.0	1.0
MAPKBP1	1	0	0	1.0	1.0
ZC2HC1A	1	0	0	1.0	1.0
TSNARE1	1	0	0	1.0	1.0
OSGIN2	1	0	0	1.0	1.0
PCM1	1	0	0	1.0	1.0
PHF20L1	1	0	0	1.0	1.0
PHYHIP	2	0	0	1.0	1.0
PLAT	1	0	0	1.0	1.0
PLEKHA2	1	0	0	1.0	1.0
PRDM14	1	0	0	1.0	1.0
PRKDC	2	0	0	1.0	1.0
PXDNL	1	0	0	1.0	1.0
UTP23	1	0	0	1.0	1.0
RAD21	1	0	0	1.0	1.0
RNF19A	1	0	0	1.0	1.0
SLC10A5	2	0	0	1.0	1.0
SLC20A2	1	0	0	1.0	1.0
SLC45A4	1	0	0	1.0	1.0
SLCO5A1	1	0	0	1.0	1.0
ST18	1	0	0	1.0	1.0
TEX15	1	0	0	1.0	1.0
TMEM67	1	0	0	1.0	1.0
TNFRSF10B	1	0	0	1.0	1.0
REEP4	1	0	0	1.0	1.0
KCNV2	1	0	0	1.0	1.0
MGA	2	0	0	1.0	1.0
MYO5A	1	0	0	1.0	1.0
CCM2L	1	0	0	1.0	1.0
CDH22	1	0	0	1.0	1.0
CNBD2	1	0	0	1.0	1.0
COL20A1	2	0	0	1.0	1.0
CPXM1	1	0	0	1.0	1.0
CSRP2BP	1	0	0	1.0	1.0
DHX35	1	0	0	1.0	1.0
DIDO1	1	0	0	1.0	1.0
DOK5	1	0	0	1.0	1.0
BFSP1	1	0	0	1.0	1.0
FAM65C	1	0	0	1.0	1.0
GNAS	2	0	0	1.0	1.0
ITCH	1	0	0	1.0	1.0
KCNQ2	2	0	0	1.0	1.0
LAMA5	3	0	0	1.0	1.0
MACROD2	1	0	0	1.0	1.0
MATN4	2	0	0	1.0	1.0
MYBL2	1	0	0	1.0	1.0
RTFDC1	1	0	0	1.0	1.0
SLC12A5	1	0	0	1.0	1.0
FOXS1	1	0	0	1.0	1.0
MYO1E	1	0	0	1.0	1.0
ASXL1	2	0	0	1.0	1.0
ZNF609	1	0	0	1.0	1.0
MYZAP	1	0	0	1.0	1.0
NMB	1	0	0	1.0	1.0
NPAP1	2	0	0	1.0	1.0
OR4N4	2	0	0	1.0	1.0
OTUD7A	1	0	0	1.0	1.0
PLCB2	1	0	0	1.0	1.0
RASGRF1	1	0	0	1.0	1.0
RASGRP1	1	0	0	1.0	1.0
RASL12	1	0	0	1.0	1.0
ARFGEF2	1	0	0	1.0	1.0
RGMA	1	0	0	1.0	1.0
RYR3	1	0	0	1.0	1.0
SERINC4	1	0	0	1.0	1.0
SLC12A6	1	0	0	1.0	1.0
SPPL2A	1	0	0	1.0	1.0
SPTBN5	1	0	0	1.0	1.0
TJP1	1	0	0	1.0	1.0
TLN2	2	0	0	1.0	1.0
TRPM1	1	0	0	1.0	1.0
TRPM7	1	0	0	1.0	1.0
RTF1	1	0	0	1.0	1.0
INVS	1	0	0	1.0	1.0
IFT74	1	0	0	1.0	1.0
GRIN3A	1	0	0	1.0	1.0
COL28A1	1	0	0	1.0	1.0
CROT	1	0	0	1.0	1.0
CTTNBP2	1	0	0	1.0	1.0
CUX1	1	0	0	1.0	1.0
DAGLB	1	0	0	1.0	1.0
DMTF1	1	0	0	1.0	1.0
COL26A1	1	0	0	1.0	1.0
EPHA1	1	0	0	1.0	1.0
EPHB4	1	0	0	1.0	1.0
FAM71F1	1	0	0	1.0	1.0
FBXL18	1	0	0	1.0	1.0
FZD9	1	0	0	1.0	1.0
GALNT11	1	0	0	1.0	1.0
GBAS	1	0	0	1.0	1.0
GIMAP1	2	0	0	1.0	1.0
GLI3	1	0	0	1.0	1.0
HIPK2	1	0	0	1.0	1.0
INTS1	1	0	0	1.0	1.0
IRF5	1	0	0	1.0	1.0
COBL	2	0	0	1.0	1.0
CNTNAP2	1	0	0	1.0	1.0
CLIP2	1	0	0	1.0	1.0
CDK14	1	0	0	1.0	1.0
TIMELESS	1	0	0	1.0	1.0
TMEM132C	1	0	0	1.0	1.0
TMTC2	1	0	0	1.0	1.0
UTP20	3	0	0	1.0	1.0
VWF	2	0	0	1.0	1.0
WBP11	2	0	0	1.0	1.0
WNT1	1	0	0	1.0	1.0
WSCD2	1	0	0	1.0	1.0
ZNF664	1	0	0	1.0	1.0
KCNH2	1	0	0	1.0	1.0
ABCB4	1	0	0	1.0	1.0
ACTL6B	1	0	0	1.0	1.0
AHCYL2	1	0	0	1.0	1.0
AOAH	1	0	0	1.0	1.0
AQP1	1	0	0	1.0	1.0
ASL	1	0	0	1.0	1.0
BRI3	1	0	0	1.0	1.0
SUGCT	1	0	0	1.0	1.0
CASD1	1	0	0	1.0	1.0
CBLL1	1	0	0	1.0	1.0
ABCF2	1	0	0	1.0	1.0
KIAA1324L	1	0	0	1.0	1.0
KLHL7	1	0	0	1.0	1.0
KPNA7	1	0	0	1.0	1.0
TAS2R40	1	0	0	1.0	1.0
TBXAS1	1	0	0	1.0	1.0
TMEM229A	1	0	0	1.0	1.0
TNRC18	1	0	0	1.0	1.0
TRBV5-6	1	0	0	1.0	1.0
UPK3B	1	0	0	1.0	1.0
WDR91	2	0	0	1.0	1.0
ZAN	1	0	0	1.0	1.0
ZNF282	2	0	0	1.0	1.0
TAC1	1	0	0	1.0	1.0
ZNF425	1	0	0	1.0	1.0
ZNF853	1	0	0	1.0	1.0
ZSCAN21	1	0	0	1.0	1.0
ABLIM3	2	0	0	1.0	1.0
ACOT12	1	0	0	1.0	1.0
AFAP1L1	1	0	0	1.0	1.0
ANKDD1B	1	0	0	1.0	1.0
ANKRD55	1	0	0	1.0	1.0
ARAP3	1	0	0	1.0	1.0
ARHGAP26	1	0	0	1.0	1.0
ZNF679	1	0	0	1.0	1.0
SVOP	1	0	0	1.0	1.0
STK31	1	0	0	1.0	1.0
SRRM3	2	0	0	1.0	1.0
MUC17	1	0	0	1.0	1.0
MYO1G	1	0	0	1.0	1.0
NOD1	2	0	0	1.0	1.0
NUDT1	1	0	0	1.0	1.0
OCM	1	0	0	1.0	1.0
PARP12	2	0	0	1.0	1.0
PDIA4	1	0	0	1.0	1.0
PEX1	1	0	0	1.0	1.0
RAB19	1	0	0	1.0	1.0
STAG3	1	0	0	1.0	1.0
RADIL	1	0	0	1.0	1.0
RSBN1L	1	0	0	1.0	1.0
RUNDC3B	1	0	0	1.0	1.0
SAMD9L	1	0	0	1.0	1.0
SDK1	2	0	0	1.0	1.0
SHFM1	1	0	0	1.0	1.0
SLC13A4	2	0	0	1.0	1.0
SLC29A4	1	0	0	1.0	1.0
SMO	1	0	0	1.0	1.0
SMURF1	1	0	0	1.0	1.0
REPIN1	1	0	0	1.0	1.0
SUOX	1	0	0	1.0	1.0
STAB2	2	0	0	1.0	1.0
SRGAP1	1	0	0	1.0	1.0
UBE3D	1	0	0	1.0	1.0
VARS	1	0	0	1.0	1.0
VNN1	1	0	0	1.0	1.0
VNN3	1	0	0	1.0	1.0
XPO5	1	0	0	1.0	1.0
ZBTB22	1	0	0	1.0	1.0
ABCC9	1	0	0	1.0	1.0
ACACB	1	0	0	1.0	1.0
ACSM4	1	0	0	1.0	1.0
TULP1	1	0	0	1.0	1.0
ADAMTS20	1	0	0	1.0	1.0
AMDHD1	1	0	0	1.0	1.0
ANAPC7	1	0	0	1.0	1.0
ARID2	1	0	0	1.0	1.0
ASCL4	1	0	0	1.0	1.0
ASUN	1	0	0	1.0	1.0
ATF7	1	0	0	1.0	1.0
ATXN2	1	0	0	1.0	1.0
BCL7A	1	0	0	1.0	1.0
CACNA1C	1	0	0	1.0	1.0
AKAP3	1	0	0	1.0	1.0
CAPRIN2	1	0	0	1.0	1.0
TRIM38	1	0	0	1.0	1.0
TRIM10	1	0	0	1.0	1.0
PM20D2	1	0	0	1.0	1.0
PPP1R3G	1	0	0	1.0	1.0
PREP	1	0	0	1.0	1.0
PRICKLE4	1	0	0	1.0	1.0
PRPF4B	1	0	0	1.0	1.0
PRR18	1	0	0	1.0	1.0
REPS1	1	0	0	1.0	1.0
RGL2	2	0	0	1.0	1.0
ROS1	2	0	0	1.0	1.0
TRIM31	1	0	0	1.0	1.0
RSPH4A	2	0	0	1.0	1.0
SLC17A5	1	0	0	1.0	1.0
SLC22A1	1	0	0	1.0	1.0
SLC22A16	1	0	0	1.0	1.0
SLC22A23	1	0	0	1.0	1.0
SYNE1	2	0	0	1.0	1.0
TAF11	1	0	0	1.0	1.0
TDRD6	2	0	0	1.0	1.0
TNXB	1	0	0	1.0	1.0
TPMT	1	0	0	1.0	1.0
SGK1	1	0	0	1.0	1.0
BTNL3	1	0	0	1.0	1.0
CCDC63	2	0	0	1.0	1.0
CD27	1	0	0	1.0	1.0
KRT78	1	0	0	1.0	1.0
LRRIQ1	1	0	0	1.0	1.0
LRRK2	1	0	0	1.0	1.0
LTBR	2	0	0	1.0	1.0
MLXIP	1	0	0	1.0	1.0
NAV3	1	0	0	1.0	1.0
NCKAP1L	1	0	0	1.0	1.0
NELL2	1	0	0	1.0	1.0
NOC4L	1	0	0	1.0	1.0
KRT72	1	0	0	1.0	1.0
NOS1	1	0	0	1.0	1.0
PDE3A	1	0	0	1.0	1.0
PLBD2	1	0	0	1.0	1.0
PLCZ1	1	0	0	1.0	1.0
PLXNC1	1	0	0	1.0	1.0
PPP1R12A	1	0	0	1.0	1.0
PRICKLE1	1	0	0	1.0	1.0
RSRC2	1	0	0	1.0	1.0
SH2B3	1	0	0	1.0	1.0
SLC6A12	1	0	0	1.0	1.0
NR4A1	1	0	0	1.0	1.0
CCT2	1	0	0	1.0	1.0
KRT2	1	0	0	1.0	1.0
KIAA1467	1	0	0	1.0	1.0
CIT	1	0	0	1.0	1.0
DCN	1	0	0	1.0	1.0
DNAH10	2	0	0	1.0	1.0
EEA1	1	0	0	1.0	1.0
FAM109A	1	0	0	1.0	1.0
FBRSL1	1	0	0	1.0	1.0
FGD6	1	0	0	1.0	1.0
FMNL3	1	0	0	1.0	1.0
GALNT8	1	0	0	1.0	1.0
KRAS	1	0	0	1.0	1.0
GLI1	1	0	0	1.0	1.0
GPRC5D	1	0	0	1.0	1.0
GRIN2B	1	0	0	1.0	1.0
GSG1	1	0	0	1.0	1.0
HECTD4	1	0	0	1.0	1.0
HIP1R	1	0	0	1.0	1.0
IRAK4	1	0	0	1.0	1.0
ITFG2	1	0	0	1.0	1.0
KANSL2	1	0	0	1.0	1.0
KCNMB4	1	0	0	1.0	1.0
GPR162	1	0	0	1.0	1.0
PKHD1	2	0	0	1.0	1.0
BTNL8	1	0	0	1.0	1.0
C5orf42	1	0	0	1.0	1.0
CDH8	1	0	0	1.0	1.0
CES1	1	0	0	1.0	1.0
CHD9	1	0	0	1.0	1.0
CPNE7	1	0	0	1.0	1.0
CREBBP	1	0	0	1.0	1.0
DNAH3	2	0	0	1.0	1.0
DOC2A	2	0	0	1.0	1.0
DPEP2	1	0	0	1.0	1.0
FAM92B	1	0	0	1.0	1.0
GRIN2A	1	0	0	1.0	1.0
GTF3C1	2	0	0	1.0	1.0
IFT140	1	0	0	1.0	1.0
IL21R	1	0	0	1.0	1.0
IRX5	1	0	0	1.0	1.0
LYRM1	1	0	0	1.0	1.0
MMP2	2	0	0	1.0	1.0
MMP25	1	0	0	1.0	1.0
MSLNL	1	0	0	1.0	1.0
MVP	1	0	0	1.0	1.0
CDH11	1	0	0	1.0	1.0
CCDC101	1	0	0	1.0	1.0
CACNA1H	1	0	0	1.0	1.0
C16orf59	1	0	0	1.0	1.0
PAPLN	1	0	0	1.0	1.0
PLEKHD1	1	0	0	1.0	1.0
PLEKHH1	1	0	0	1.0	1.0
PNP	1	0	0	1.0	1.0
PPP1R13B	2	0	0	1.0	1.0
PSMB5	1	0	0	1.0	1.0
RALGAPA1	2	0	0	1.0	1.0
RIPK3	1	0	0	1.0	1.0
SEC23A	1	0	0	1.0	1.0
NUBP2	1	0	0	1.0	1.0
SERPINA9	1	0	0	1.0	1.0
TTC6	1	0	0	1.0	1.0
UNC79	1	0	0	1.0	1.0
VRTN	2	0	0	1.0	1.0
WDR89	2	0	0	1.0	1.0
ZFYVE26	1	0	0	1.0	1.0
ANKRD11	2	0	0	1.0	1.0
AP1G1	1	0	0	1.0	1.0
BRD7	1	0	0	1.0	1.0
BRICD5	1	0	0	1.0	1.0
SLC25A21	1	0	0	1.0	1.0
NUDT21	1	0	0	1.0	1.0
PAQR4	1	0	0	1.0	1.0
PARD6A	1	0	0	1.0	1.0
ZC3H7A	1	0	0	1.0	1.0
ZFP90	1	0	0	1.0	1.0
ZNF469	1	0	0	1.0	1.0
ZNF597	1	0	0	1.0	1.0
ZNF689	1	0	0	1.0	1.0
ADAMTSL2	1	0	0	1.0	1.0
ANKS6	1	0	0	1.0	1.0
ATP6V1G1	1	0	0	1.0	1.0
C9orf117	1	0	0	1.0	1.0
XPO6	1	0	0	1.0	1.0
C9orf131	1	0	0	1.0	1.0
C9orf24	1	0	0	1.0	1.0
DCAF10	1	0	0	1.0	1.0
DMRT3	1	0	0	1.0	1.0
ELAVL2	1	0	0	1.0	1.0
FBP2	1	0	0	1.0	1.0
FBXW5	1	0	0	1.0	1.0
FKBP15	1	0	0	1.0	1.0
FREM1	1	0	0	1.0	1.0
GRIN1	1	0	0	1.0	1.0
C9orf139	1	0	0	1.0	1.0
NFKBIA	1	0	0	1.0	1.0
WWP2	4	0	0	1.0	1.0
USP7	1	0	0	1.0	1.0
PLEKHG4	1	0	0	1.0	1.0
PLLP	1	0	0	1.0	1.0
PRRT2	1	0	0	1.0	1.0
RLTPR	1	0	0	1.0	1.0
SALL1	1	0	0	1.0	1.0
SETD1A	1	0	0	1.0	1.0
SLC22A31	1	0	0	1.0	1.0
SLC7A6	1	0	0	1.0	1.0
SLX4	1	0	0	1.0	1.0
WDR59	1	0	0	1.0	1.0
SNTB2	1	0	0	1.0	1.0
CAPN15	1	0	0	1.0	1.0
SPIRE2	1	0	0	1.0	1.0
SPN	1	0	0	1.0	1.0
TBL3	2	0	0	1.0	1.0
TCF25	1	0	0	1.0	1.0
TGFB1I1	1	0	0	1.0	1.0
TMC5	1	0	0	1.0	1.0
TOX3	1	0	0	1.0	1.0
TPPP3	1	0	0	1.0	1.0
SNX29	1	0	0	1.0	1.0
MYH7	1	0	0	1.0	1.0
MED6	1	0	0	1.0	1.0
MBIP	1	0	0	1.0	1.0
HK3	1	0	0	1.0	1.0
HMGXB3	1	0	0	1.0	1.0
HNRNPAB	1	0	0	1.0	1.0
HNRNPH1	1	0	0	1.0	1.0
ITGA1	1	0	0	1.0	1.0
KCNMB1	1	0	0	1.0	1.0
KIF3A	1	0	0	1.0	1.0
KIF4B	1	0	0	1.0	1.0
KLHL3	1	0	0	1.0	1.0
HCN1	1	0	0	1.0	1.0
LMAN2	1	0	0	1.0	1.0
MRPS30	2	0	0	1.0	1.0
NEURL1B	1	0	0	1.0	1.0
NIPBL	1	0	0	1.0	1.0
NPR3	1	0	0	1.0	1.0
NRG2	1	0	0	1.0	1.0
NSD1	1	0	0	1.0	1.0
NUP155	1	0	0	1.0	1.0
PCDHA2	1	0	0	1.0	1.0
PCDHA6	1	0	0	1.0	1.0
MROH2B	1	0	0	1.0	1.0
PCDHB13	1	0	0	1.0	1.0
HAPLN1	1	0	0	1.0	1.0
GRIA1	2	0	0	1.0	1.0
C6	1	0	0	1.0	1.0
CAST	1	0	0	1.0	1.0
CDC25C	1	0	0	1.0	1.0
CDH6	2	0	0	1.0	1.0
CDH9	1	0	0	1.0	1.0
CEP72	1	0	0	1.0	1.0
CLINT1	1	0	0	1.0	1.0
COL4A3BP	1	0	0	1.0	1.0
DROSHA	1	0	0	1.0	1.0
GZMA	1	0	0	1.0	1.0
DTWD2	1	0	0	1.0	1.0
FAM53C	1	0	0	1.0	1.0
FAXDC2	1	0	0	1.0	1.0
FBN2	1	0	0	1.0	1.0
FBXL7	1	0	0	1.0	1.0
FNIP1	1	0	0	1.0	1.0
FYB	1	0	0	1.0	1.0
GPR98	1	0	0	1.0	1.0
GPRIN1	1	0	0	1.0	1.0
GPX8	1	0	0	1.0	1.0
EDIL3	1	0	0	1.0	1.0
C5orf24	1	0	0	1.0	1.0
PCDHB4	1	0	0	1.0	1.0
PCDHGA11	1	0	0	1.0	1.0
TSPAN17	1	0	0	1.0	1.0
WDR55	1	0	0	1.0	1.0
ZNF354B	1	0	0	1.0	1.0
ZNF366	1	0	0	1.0	1.0
ZNF608	1	0	0	1.0	1.0
ZSWIM6	1	0	0	1.0	1.0
AKAP6	1	0	0	1.0	1.0
ARHGEF40	1	0	0	1.0	1.0
ATG14	1	0	0	1.0	1.0
TRIO	1	0	0	1.0	1.0
CATSPERB	1	0	0	1.0	1.0
DCAF4	2	0	0	1.0	1.0
EML5	1	0	0	1.0	1.0
ESR2	1	0	0	1.0	1.0
FERMT2	1	0	0	1.0	1.0
HECTD1	1	0	0	1.0	1.0
IGHV4-59	1	0	0	1.0	1.0
KIF26A	1	0	0	1.0	1.0
KLC1	1	0	0	1.0	1.0
LRFN5	2	0	0	1.0	1.0
CCDC88C	1	0	0	1.0	1.0
PCDHB7	1	0	0	1.0	1.0
TPPP	1	0	0	1.0	1.0
TMEM171	1	0	0	1.0	1.0
PCDHGB1	2	0	0	1.0	1.0
PCDHGB2	1	0	0	1.0	1.0
PCDHGC4	1	0	0	1.0	1.0
PDLIM7	2	0	0	1.0	1.0
PDZD2	1	0	0	1.0	1.0
PLEKHG4B	1	0	0	1.0	1.0
PPARGC1B	1	0	0	1.0	1.0
PSD2	1	0	0	1.0	1.0
RAI14	1	0	0	1.0	1.0
TMEM173	1	0	0	1.0	1.0
RASGRF2	1	0	0	1.0	1.0
SH3RF2	1	0	0	1.0	1.0
SHROOM1	1	0	0	1.0	1.0
SLC27A6	1	0	0	1.0	1.0
SLC36A3	1	0	0	1.0	1.0
SLC4A9	1	0	0	1.0	1.0
SV2C	2	0	0	1.0	1.0
SYNPO	1	0	0	1.0	1.0
TENM2	1	0	0	1.0	1.0
THBS4	1	0	0	1.0	1.0
SEC24A	1	0	0	1.0	1.0
OR12D3	1	0	0	1.0	1.0
