gene	Total SNV Mutations	SNVs Unmapped to Ref Tx	inactivating count	inactivating p-value	inactivating BH q-value
USP9X	3	0	3	0.00025	0.01725
FEM1B	1	0	1	0.00343	0.07175999999999999
NF1	4	0	3	0.00362	0.07175999999999999
DNAH17	2	0	2	0.00416	0.07175999999999999
ITIH1	1	0	1	0.01083059860718502	0.12902212448952116
EPOR	1	0	1	0.01121931517300184	0.12902212448952116
SLC52A1	1	0	1	0.014690327888118462	0.14480466061145342
DYNC2H1	1	0	1	0.020681240047153226	0.17211059976802484
KIF15	1	0	1	0.022449208665394543	0.17211059976802484
PI3	1	0	1	0.030902348578491966	0.17600244872972146
ERCC8	1	0	1	0.033863867253640365	0.17600244872972146
IGHG4	1	0	1	0.03424188467333242	0.17600244872972146
FAM72B	1	0	1	0.03931590328287792	0.17600244872972146
PREB	1	0	1	0.0419129049834444	0.17600244872972146
BMP8A	1	0	1	0.046952765517889	0.17600244872972146
RNF10	1	0	1	0.04770082045411181	0.17600244872972146
EGF	1	0	1	0.05767677932864229	0.17600244872972146
GAK	1	0	1	0.057830210501966225	0.17600244872972146
EIF3K	1	0	1	0.059499018266198606	0.17600244872972146
MAPK13	1	0	1	0.060143140674806035	0.17600244872972146
TGFBR3	1	0	1	0.061519532451553366	0.17600244872972146
DOCK2	1	0	1	0.06176270767710457	0.17600244872972146
ARAP3	1	0	1	0.06521880910454575	0.17600244872972146
FBF1	2	0	1	0.06601967386281112	0.17600244872972146
AURKC	1	0	1	0.07349158521349305	0.17600244872972146
REPIN1	1	0	1	0.0780579189758801	0.17600244872972146
CSDE1	1	0	1	0.08084074373484236	0.17600244872972146
TRGV3	1	0	1	0.08646779074794639	0.17600244872972146
CDC73	1	0	1	0.08679048776254122	0.17600244872972146
ALS2CL	1	0	1	0.08709284096847239	0.17600244872972146
P2RY1	1	0	1	0.08823788934968675	0.17600244872972146
MUC5B	3	0	1	0.090049527239982	0.17600244872972146
PRMT1	1	0	1	0.09019572472264814	0.17600244872972146
OR4F6	1	0	1	0.09254118082546733	0.17600244872972146
ZPLD1	1	0	1	0.09320533134495293	0.17600244872972146
LTBP2	2	0	1	0.09525623928367308	0.17600244872972146
CYP4A11	1	0	1	0.09595087315294569	0.17600244872972146
MUC16	4	0	1	0.09775171065493646	0.17600244872972146
LAMA3	2	0	1	0.1001001001001001	0.17600244872972146
ADAMTS3	1	0	1	0.10808473843493299	0.17600244872972146
BCL2L14	1	0	1	0.10837758751490192	0.17600244872972146
SZT2	2	0	1	0.10851871947911014	0.17600244872972146
VPS8	1	0	1	0.1104484205875856	0.17600244872972146
CDK19	1	0	1	0.1122334455667789	0.17600244872972146
XDH	2	0	1	0.11479738261967627	0.17602265335017028
PTPRD	1	0	1	0.1187789523696401	0.17816842855446016
RSRC2	1	0	1	0.12495314257153567	0.17966504186976628
PRPS2	1	0	1	0.1249843769528809	0.17966504186976628
FCN1	1	0	1	0.12980269989615784	0.1827833937313243
PREX2	2	0	1	0.13383297644539616	0.1846895074946467
WARS2	1	0	1	0.13935340022296544	0.18853695324283562
MYO1H	1	0	1	0.14400921658986174	0.19108915278270114
FANCC	1	0	1	0.15800284405119291	0.20162704256960517
PRG2	1	0	1	0.16002560409665548	0.20162704256960517
KCNH5	2	0	1	0.16168148746968472	0.20162704256960517
LCT	2	0	1	0.16363933889707086	0.20162704256960517
KLRD1	1	0	1	0.1724137931034483	0.20871143375680581
SLC35A4	1	0	1	0.18907165815844204	0.22493007608504312
MGAM	1	0	1	0.2536783358701167	0.2966746639836958
PIGW	1	0	1	0.26525198938992045	0.3050397877984085
TM9SF4	1	0	1	0.2972651605231867	0.33625075534589965
FLT1	1	0	1	0.30413625304136255	0.3384742170944196
TTN	4	0	1	0.30931023816888337	0.33876835608972944
C6orf58	1	0	1	0.324254215304799	0.3495865758754864
DOCK4	1	0	1	0.341646737273659	0.36267115187511495
BOD1L1	2	0	1	0.41981528127623846	0.438897794061522
CAGE1	1	0	1	0.45146726862302483	0.46494390350729425
FAM167A	1	0	1	0.4618937644341801	0.4686863197935063
TSGA10	1	0	1	0.47147571900047147	0.47147571900047147
AHCTF1	2	0	0	1.0	1.0
CD300LB	1	0	0	1.0	1.0
CCDC40	1	0	0	1.0	1.0
CACNA1G	1	0	0	1.0	1.0
BZRAP1	1	0	0	1.0	1.0
BPTF	1	0	0	1.0	1.0
ARHGEF15	2	0	0	1.0	1.0
AOC3	1	0	0	1.0	1.0
ANAPC11	1	0	0	1.0	1.0
ALOX15B	1	0	0	1.0	1.0
ADAM11	1	0	0	1.0	1.0
ACACA	1	0	0	1.0	1.0
CD300LG	1	0	0	1.0	1.0
ZEB2	1	0	0	1.0	1.0
VIT	1	0	0	1.0	1.0
USP34	1	0	0	1.0	1.0
TRAK2	1	0	0	1.0	1.0
TPO	1	0	0	1.0	1.0
THSD7B	1	0	0	1.0	1.0
THADA	1	0	0	1.0	1.0
TGFBRAP1	1	0	0	1.0	1.0
SUPT7L	1	0	0	1.0	1.0
SPHKAP	1	0	0	1.0	1.0
SPDYA	1	0	0	1.0	1.0
SNTG2	1	0	0	1.0	1.0
ZDBF2	1	0	0	1.0	1.0
SMC6	1	0	0	1.0	1.0
CDC27	1	0	0	1.0	1.0
CHD3	1	0	0	1.0	1.0
NT5M	1	0	0	1.0	1.0
MYH8	1	0	0	1.0	1.0
MYH3	1	0	0	1.0	1.0
MRPL38	1	0	0	1.0	1.0
MRC2	1	0	0	1.0	1.0
MPP2	1	0	0	1.0	1.0
MLLT6	2	0	0	1.0	1.0
LRRC37B	1	0	0	1.0	1.0
LHX1	1	0	0	1.0	1.0
LGALS9C	1	0	0	1.0	1.0
LGALS9B	1	0	0	1.0	1.0
CDK5RAP3	1	0	0	1.0	1.0
KSR1	1	0	0	1.0	1.0
IKZF3	1	0	0	1.0	1.0
GLOD4	1	0	0	1.0	1.0
GAS2L2	1	0	0	1.0	1.0
GAA	2	0	0	1.0	1.0
G6PC3	1	0	0	1.0	1.0
FDXR	1	0	0	1.0	1.0
FBXL20	1	0	0	1.0	1.0
EPX	1	0	0	1.0	1.0
DNAJC7	1	0	0	1.0	1.0
DNAH9	2	0	0	1.0	1.0
CSH2	1	0	0	1.0	1.0
KRTAP1-1	1	0	0	1.0	1.0
SLC11A1	2	0	0	1.0	1.0
SAG	1	0	0	1.0	1.0
RNPEPL1	1	0	0	1.0	1.0
ITGAV	1	0	0	1.0	1.0
INPP4A	1	0	0	1.0	1.0
IL18RAP	1	0	0	1.0	1.0
IGKV3-20	1	0	0	1.0	1.0
HOXD11	1	0	0	1.0	1.0
HECW2	1	0	0	1.0	1.0
HAT1	1	0	0	1.0	1.0
GULP1	1	0	0	1.0	1.0
GIGYF2	1	0	0	1.0	1.0
GAD1	1	0	0	1.0	1.0
FANCL	1	0	0	1.0	1.0
KCMF1	1	0	0	1.0	1.0
FAM179A	1	0	0	1.0	1.0
ERCC3	1	0	0	1.0	1.0
EPAS1	5	0	0	1.0	1.0
DYSF	1	0	0	1.0	1.0
DNAJC5G	1	0	0	1.0	1.0
DNAH7	1	0	0	1.0	1.0
DDX18	1	0	0	1.0	1.0
COL6A3	1	0	0	1.0	1.0
CHST10	1	0	0	1.0	1.0
CALCRL	1	0	0	1.0	1.0
BAZ2B	1	0	0	1.0	1.0
APOB	1	0	0	1.0	1.0
FAHD2A	1	0	0	1.0	1.0
LIPT1	1	0	0	1.0	1.0
LRP1B	1	0	0	1.0	1.0
LRP2	1	0	0	1.0	1.0
RNF149	1	0	0	1.0	1.0
RAD51AP2	1	0	0	1.0	1.0
QPCT	1	0	0	1.0	1.0
PXDN	1	0	0	1.0	1.0
PUM2	1	0	0	1.0	1.0
PSMD1	1	0	0	1.0	1.0
PSD4	1	0	0	1.0	1.0
PLCL1	1	0	0	1.0	1.0
PKP4	1	0	0	1.0	1.0
PER2	1	0	0	1.0	1.0
PAX3	1	0	0	1.0	1.0
OXER1	1	0	0	1.0	1.0
OSBPL6	1	0	0	1.0	1.0
NOP58	1	0	0	1.0	1.0
NFE2L2	1	0	0	1.0	1.0
NEB	1	0	0	1.0	1.0
NCKAP1	1	0	0	1.0	1.0
NAGK	2	0	0	1.0	1.0
MYT1L	1	0	0	1.0	1.0
MSH6	1	0	0	1.0	1.0
MLPH	1	0	0	1.0	1.0
MGAT4A	1	0	0	1.0	1.0
METTL21A	1	0	0	1.0	1.0
MERTK	1	0	0	1.0	1.0
MARCH4	1	0	0	1.0	1.0
OTOP3	1	0	0	1.0	1.0
ANKRD44	1	0	0	1.0	1.0
POLR2A	1	0	0	1.0	1.0
SCN4A	1	0	0	1.0	1.0
KLC4	1	0	0	1.0	1.0
GLTSCR1L	1	0	0	1.0	1.0
ITPR3	1	0	0	1.0	1.0
HIST1H4J	2	0	0	1.0	1.0
HIST1H2BC	1	0	0	1.0	1.0
HECA	1	0	0	1.0	1.0
HEBP2	1	0	0	1.0	1.0
HDAC2	1	0	0	1.0	1.0
GPR126	1	0	0	1.0	1.0
GMPR	1	0	0	1.0	1.0
GABBR1	1	0	0	1.0	1.0
KLHDC3	1	0	0	1.0	1.0
FIG4	1	0	0	1.0	1.0
DST	1	0	0	1.0	1.0
COL12A1	1	0	0	1.0	1.0
COL11A2	1	0	0	1.0	1.0
C6orf211	1	0	0	1.0	1.0
AKAP12	1	0	0	1.0	1.0
ABHD16A	1	0	0	1.0	1.0
ABCC10	1	0	0	1.0	1.0
ZNF385D	2	0	0	1.0	1.0
ZNF35	1	0	0	1.0	1.0
YEATS2	1	0	0	1.0	1.0
VHL	2	0	0	1.0	1.0
EDN1	1	0	0	1.0	1.0
UBA7	1	0	0	1.0	1.0
LACE1	1	0	0	1.0	1.0
LPA	1	0	0	1.0	1.0
TCP10	1	0	0	1.0	1.0
TCF19	1	0	0	1.0	1.0
TAB2	1	0	0	1.0	1.0
SYNE1	1	0	0	1.0	1.0
SLC22A2	1	0	0	1.0	1.0
SLC17A1	1	0	0	1.0	1.0
SHPRH	1	0	0	1.0	1.0
SERPINB9	1	0	0	1.0	1.0
SCAF8	1	0	0	1.0	1.0
RNF8	1	0	0	1.0	1.0
RFX6	1	0	0	1.0	1.0
LAMA4	1	0	0	1.0	1.0
RBM24	1	0	0	1.0	1.0
PRPH2	1	0	0	1.0	1.0
PPP1R10	1	0	0	1.0	1.0
POPDC3	1	0	0	1.0	1.0
PLG	1	0	0	1.0	1.0
PLEKHG1	1	0	0	1.0	1.0
OR2J3	1	0	0	1.0	1.0
OLIG3	1	0	0	1.0	1.0
NOTCH4	1	0	0	1.0	1.0
MUC21	1	0	0	1.0	1.0
MDC1	2	0	0	1.0	1.0
MAP3K4	1	0	0	1.0	1.0
PTCHD4	1	0	0	1.0	1.0
TRIM71	1	0	0	1.0	1.0
TP63	1	0	0	1.0	1.0
TATDN2	2	0	0	1.0	1.0
DLEC1	1	0	0	1.0	1.0
COL6A6	1	0	0	1.0	1.0
CELSR3	1	0	0	1.0	1.0
CACNA2D3	2	0	0	1.0	1.0
CACNA1D	2	0	0	1.0	1.0
BOC	1	0	0	1.0	1.0
ARL13B	1	0	0	1.0	1.0
ALDH1L1	2	0	0	1.0	1.0
ZZEF1	1	0	0	1.0	1.0
ZNF287	1	0	0	1.0	1.0
ZACN	1	0	0	1.0	1.0
DNAH1	1	0	0	1.0	1.0
WNT9B	1	0	0	1.0	1.0
TTLL6	2	0	0	1.0	1.0
TMEM105	1	0	0	1.0	1.0
TEKT1	1	0	0	1.0	1.0
TBX2	1	0	0	1.0	1.0
TANC2	1	0	0	1.0	1.0
SUPT6H	1	0	0	1.0	1.0
ST6GALNAC1	1	0	0	1.0	1.0
SMYD4	1	0	0	1.0	1.0
SMG8	1	0	0	1.0	1.0
SLC35B1	1	0	0	1.0	1.0
SLC13A5	1	0	0	1.0	1.0
USP32	1	0	0	1.0	1.0
DPPA2	1	0	0	1.0	1.0
FAM107A	1	0	0	1.0	1.0
GPR128	2	0	0	1.0	1.0
SMC4	1	0	0	1.0	1.0
SLC12A8	1	0	0	1.0	1.0
SETD2	3	0	0	1.0	1.0
SCN5A	1	0	0	1.0	1.0
SCN10A	1	0	0	1.0	1.0
RTP4	1	0	0	1.0	1.0
ROBO2	1	0	0	1.0	1.0
RNF168	1	0	0	1.0	1.0
PPM1M	1	0	0	1.0	1.0
PLCH1	1	0	0	1.0	1.0
PIK3CB	1	0	0	1.0	1.0
PHC3	1	0	0	1.0	1.0
P4HTM	1	0	0	1.0	1.0
OR5H6	1	0	0	1.0	1.0
NKTR	1	0	0	1.0	1.0
NISCH	2	0	0	1.0	1.0
NBEAL2	2	0	0	1.0	1.0
MYH15	1	0	0	1.0	1.0
LRRN1	1	0	0	1.0	1.0
LAMB2	1	0	0	1.0	1.0
KIAA2018	1	0	0	1.0	1.0
KBTBD12	1	0	0	1.0	1.0
ITIH3	1	0	0	1.0	1.0
IP6K1	1	0	0	1.0	1.0
HEMK1	1	0	0	1.0	1.0
RFNG	1	0	0	1.0	1.0
AADACL4	1	0	0	1.0	1.0
ALS2	2	0	0	1.0	1.0
ALK	1	0	0	1.0	1.0
SIPA1L2	1	0	0	1.0	1.0
SHISA4	1	0	0	1.0	1.0
SH3D21	1	0	0	1.0	1.0
SEMA4A	1	0	0	1.0	1.0
SAMD11	1	0	0	1.0	1.0
RUSC1	1	0	0	1.0	1.0
RSG1	1	0	0	1.0	1.0
RSBN1	1	0	0	1.0	1.0
RPRD2	1	0	0	1.0	1.0
RBBP5	1	0	0	1.0	1.0
PTPN14	2	0	0	1.0	1.0
SLC26A9	1	0	0	1.0	1.0
PRKACB	1	0	0	1.0	1.0
PQLC2	1	0	0	1.0	1.0
PLXNA2	1	0	0	1.0	1.0
PKN2	1	0	0	1.0	1.0
PDPN	1	0	0	1.0	1.0
PAPPA2	1	0	0	1.0	1.0
PADI3	1	0	0	1.0	1.0
PADI2	1	0	0	1.0	1.0
PADI1	1	0	0	1.0	1.0
OTUD3	1	0	0	1.0	1.0
OR6K3	1	0	0	1.0	1.0
OR10X1	1	0	0	1.0	1.0
PRG4	1	0	0	1.0	1.0
OBSCN	1	0	0	1.0	1.0
SLC5A9	1	0	0	1.0	1.0
SPTA1	2	0	0	1.0	1.0
ELANE	1	0	0	1.0	1.0
DPP9	1	0	0	1.0	1.0
DMKN	1	0	0	1.0	1.0
CREB3L3	1	0	0	1.0	1.0
COL5A3	1	0	0	1.0	1.0
CIC	1	0	0	1.0	1.0
CHERP	1	0	0	1.0	1.0
CEACAM6	1	0	0	1.0	1.0
CD37	1	0	0	1.0	1.0
CC2D1A	1	0	0	1.0	1.0
CACNA1A	1	0	0	1.0	1.0
SPAG17	1	0	0	1.0	1.0
C19orf73	1	0	0	1.0	1.0
ABHD8	1	0	0	1.0	1.0
ZMYM1	1	0	0	1.0	1.0
WDR63	1	0	0	1.0	1.0
UBR4	1	0	0	1.0	1.0
UBE2U	1	0	0	1.0	1.0
TRMT1L	1	0	0	1.0	1.0
TRIM62	1	0	0	1.0	1.0
TPR	1	0	0	1.0	1.0
TMCO4	1	0	0	1.0	1.0
SYT6	1	0	0	1.0	1.0
STK40	1	0	0	1.0	1.0
ANKRD27	1	0	0	1.0	1.0
OAZ3	1	0	0	1.0	1.0
NR0B2	1	0	0	1.0	1.0
NID1	1	0	0	1.0	1.0
ELTD1	1	0	0	1.0	1.0
ELF3	1	0	0	1.0	1.0
DNASE2B	1	0	0	1.0	1.0
DDI2	1	0	0	1.0	1.0
COLGALT2	2	0	0	1.0	1.0
COL24A1	1	0	0	1.0	1.0
COL16A1	1	0	0	1.0	1.0
COL11A1	2	0	0	1.0	1.0
COG2	1	0	0	1.0	1.0
CNTN2	1	0	0	1.0	1.0
CHRM3	1	0	0	1.0	1.0
EMC1	1	0	0	1.0	1.0
CHD5	1	0	0	1.0	1.0
CD1B	1	0	0	1.0	1.0
CACHD1	1	0	0	1.0	1.0
C1orf86	1	0	0	1.0	1.0
C1orf177	1	0	0	1.0	1.0
ATP8B2	1	0	0	1.0	1.0
ATP6V1G3	1	0	0	1.0	1.0
ATP1B1	1	0	0	1.0	1.0
ATAD3B	1	0	0	1.0	1.0
ARHGEF10L	1	0	0	1.0	1.0
ARHGAP30	1	0	0	1.0	1.0
AHDC1	1	0	0	1.0	1.0
CFH	1	0	0	1.0	1.0
EPHB2	2	0	0	1.0	1.0
EXTL2	1	0	0	1.0	1.0
F11R	1	0	0	1.0	1.0
MTR	1	0	0	1.0	1.0
MTOR	1	0	0	1.0	1.0
LYST	1	0	0	1.0	1.0
LRRN2	1	0	0	1.0	1.0
LRRC7	1	0	0	1.0	1.0
LRP8	1	0	0	1.0	1.0
LPPR4	1	0	0	1.0	1.0
LIN9	1	0	0	1.0	1.0
LDLRAD2	1	0	0	1.0	1.0
LCE2B	1	0	0	1.0	1.0
LAMC1	1	0	0	1.0	1.0
KDM5B	1	0	0	1.0	1.0
KCNT2	1	0	0	1.0	1.0
IVL	1	0	0	1.0	1.0
ITLN2	1	0	0	1.0	1.0
ITGA10	1	0	0	1.0	1.0
HSPG2	1	0	0	1.0	1.0
HMGCS2	1	0	0	1.0	1.0
HMCN1	1	0	0	1.0	1.0
GBA	1	0	0	1.0	1.0
GATAD2B	1	0	0	1.0	1.0
FNDC7	1	0	0	1.0	1.0
FLG	1	0	0	1.0	1.0
FAM71A	1	0	0	1.0	1.0
F5	1	0	0	1.0	1.0
EML2	1	0	0	1.0	1.0
ALMS1	2	0	0	1.0	1.0
EMR3	1	0	0	1.0	1.0
FFAR2	1	0	0	1.0	1.0
NAALADL1	1	0	0	1.0	1.0
MUC15	1	0	0	1.0	1.0
MRVI1	1	0	0	1.0	1.0
MMP8	1	0	0	1.0	1.0
THBS2	1	0	0	1.0	1.0
KMT2A	1	0	0	1.0	1.0
MICAL2	1	0	0	1.0	1.0
MARK2	1	0	0	1.0	1.0
KCNC1	1	0	0	1.0	1.0
HRAS	7	0	0	1.0	1.0
HEPN1	1	0	0	1.0	1.0
NCAPD3	1	0	0	1.0	1.0
GLB1L3	1	0	0	1.0	1.0
FADS2	1	0	0	1.0	1.0
FADD	1	0	0	1.0	1.0
DTX4	1	0	0	1.0	1.0
DGAT2	1	0	0	1.0	1.0
DEPDC7	1	0	0	1.0	1.0
CKAP5	1	0	0	1.0	1.0
CDC42BPG	1	0	0	1.0	1.0
CCDC86	1	0	0	1.0	1.0
C11orf84	1	0	0	1.0	1.0
BTBD10	1	0	0	1.0	1.0
BIRC3	1	0	0	1.0	1.0
FAM111B	1	0	0	1.0	1.0
B4GALNT4	1	0	0	1.0	1.0
OR10A3	1	0	0	1.0	1.0
OR52D1	1	0	0	1.0	1.0
AFTPH	1	0	0	1.0	1.0
ABCA12	2	0	0	1.0	1.0
USP28	1	0	0	1.0	1.0
TTC9C	1	0	0	1.0	1.0
TTC12	1	0	0	1.0	1.0
TSPAN32	1	0	0	1.0	1.0
TRPC6	1	0	0	1.0	1.0
TRIM51	1	0	0	1.0	1.0
TRIM3	1	0	0	1.0	1.0
TMEM126B	1	0	0	1.0	1.0
SNX19	1	0	0	1.0	1.0
OR10G8	1	0	0	1.0	1.0
SCUBE2	1	0	0	1.0	1.0
PPP1R14B	1	0	0	1.0	1.0
PHRF1	1	0	0	1.0	1.0
PCSK7	1	0	0	1.0	1.0
PC	1	0	0	1.0	1.0
P2RY6	1	0	0	1.0	1.0
OSBP	1	0	0	1.0	1.0
OR8I2	1	0	0	1.0	1.0
OR8H3	1	0	0	1.0	1.0
OR8A1	1	0	0	1.0	1.0
OR52M1	1	0	0	1.0	1.0
OR52I2	1	0	0	1.0	1.0
ROBO4	1	0	0	1.0	1.0
ATM	1	0	0	1.0	1.0
ART1	1	0	0	1.0	1.0
AP5B1	1	0	0	1.0	1.0
PPP1R13L	1	0	0	1.0	1.0
PODNL1	1	0	0	1.0	1.0
PKN1	1	0	0	1.0	1.0
OR7G2	1	0	0	1.0	1.0
OPA3	1	0	0	1.0	1.0
NWD1	1	0	0	1.0	1.0
NPHS1	1	0	0	1.0	1.0
NLRP8	1	0	0	1.0	1.0
NLRP4	1	0	0	1.0	1.0
NLRP12	1	0	0	1.0	1.0
NFIC	1	0	0	1.0	1.0
PRKACA	1	0	0	1.0	1.0
NCR1	1	0	0	1.0	1.0
MLLT1	1	0	0	1.0	1.0
LONP1	1	0	0	1.0	1.0
LILRB5	1	0	0	1.0	1.0
LGALS14	1	0	0	1.0	1.0
KLK12	1	0	0	1.0	1.0
KIR2DS4	1	0	0	1.0	1.0
KDM4B	1	0	0	1.0	1.0
KANK3	1	0	0	1.0	1.0
JOSD2	1	0	0	1.0	1.0
HCN2	1	0	0	1.0	1.0
HAPLN4	1	0	0	1.0	1.0
MYH14	1	0	0	1.0	1.0
PRKD2	1	0	0	1.0	1.0
PSG8	1	0	0	1.0	1.0
RAB11B	1	0	0	1.0	1.0
ANO3	1	0	0	1.0	1.0
AHNAK	2	0	0	1.0	1.0
ZSWIM4	1	0	0	1.0	1.0
ZNF799	1	0	0	1.0	1.0
ZNF780A	1	0	0	1.0	1.0
ZNF776	1	0	0	1.0	1.0
ZNF676	1	0	0	1.0	1.0
ZNF613	1	0	0	1.0	1.0
ZNF569	1	0	0	1.0	1.0
ZNF564	1	0	0	1.0	1.0
ZNF493	1	0	0	1.0	1.0
ZNF471	1	0	0	1.0	1.0
ZNF417	1	0	0	1.0	1.0
ZNF324	1	0	0	1.0	1.0
WDR62	1	0	0	1.0	1.0
TSHZ3	1	0	0	1.0	1.0
TNPO2	1	0	0	1.0	1.0
TBXA2R	1	0	0	1.0	1.0
STRN4	1	0	0	1.0	1.0
SIGLEC9	1	0	0	1.0	1.0
SIGLEC6	1	0	0	1.0	1.0
SIGLEC11	1	0	0	1.0	1.0
RYR1	3	0	0	1.0	1.0
RINL	1	0	0	1.0	1.0
RDH8	2	0	0	1.0	1.0
FBN3	2	0	0	1.0	1.0
MMP27	1	0	0	1.0	1.0
SIK1	1	0	0	1.0	1.0
ZNF184	1	0	0	1.0	1.0
CCNI	1	0	0	1.0	1.0
CASP3	1	0	0	1.0	1.0
BBS7	1	0	0	1.0	1.0
ARHGAP10	2	0	0	1.0	1.0
ANKRD17	1	0	0	1.0	1.0
ADH6	2	0	0	1.0	1.0
ZNF503	1	0	0	1.0	1.0
ZEB1	2	0	0	1.0	1.0
SVIL	1	0	0	1.0	1.0
STOX1	1	0	0	1.0	1.0
SORBS1	2	0	0	1.0	1.0
RET	3	0	0	1.0	1.0
RBP3	1	0	0	1.0	1.0
CHRNA9	1	0	0	1.0	1.0
PTCHD3	1	0	0	1.0	1.0
PARD3	1	0	0	1.0	1.0
NUTM2A	1	0	0	1.0	1.0
LIPJ	1	0	0	1.0	1.0
LARP4B	1	0	0	1.0	1.0
KIAA1217	1	0	0	1.0	1.0
JMJD1C	1	0	0	1.0	1.0
INPP5F	1	0	0	1.0	1.0
HABP2	1	0	0	1.0	1.0
FRMD4A	1	0	0	1.0	1.0
FGFR2	1	0	0	1.0	1.0
FAM53B	1	0	0	1.0	1.0
FAM175B	1	0	0	1.0	1.0
ECD	1	0	0	1.0	1.0
PNLIPRP2	1	0	0	1.0	1.0
EVC	1	0	0	1.0	1.0
FAT1	1	0	0	1.0	1.0
FAT4	1	0	0	1.0	1.0
CSGALNACT1	1	0	0	1.0	1.0
CNGB3	1	0	0	1.0	1.0
CA2	1	0	0	1.0	1.0
ASPH	1	0	0	1.0	1.0
ARHGAP39	1	0	0	1.0	1.0
YTHDC1	1	0	0	1.0	1.0
UGT2B4	1	0	0	1.0	1.0
TMPRSS11D	1	0	0	1.0	1.0
TADA2B	1	0	0	1.0	1.0
TACC3	1	0	0	1.0	1.0
SHROOM3	1	0	0	1.0	1.0
SH3TC1	1	0	0	1.0	1.0
RBM47	1	0	0	1.0	1.0
PROM1	1	0	0	1.0	1.0
PPARGC1A	1	0	0	1.0	1.0
JADE1	1	0	0	1.0	1.0
OTOP1	1	0	0	1.0	1.0
ODAM	1	0	0	1.0	1.0
NPY1R	1	0	0	1.0	1.0
NOA1	1	0	0	1.0	1.0
NAF1	1	0	0	1.0	1.0
LETM1	1	0	0	1.0	1.0
IL21	1	0	0	1.0	1.0
HTT	1	0	0	1.0	1.0
HS3ST1	1	0	0	1.0	1.0
GABRA4	2	0	0	1.0	1.0
GABRA2	1	0	0	1.0	1.0
FGF5	1	0	0	1.0	1.0
FBXO8	1	0	0	1.0	1.0
DNTT	1	0	0	1.0	1.0
FAM83A	1	0	0	1.0	1.0
DMBT1	2	0	0	1.0	1.0
DHTKD1	1	0	0	1.0	1.0
LONRF3	1	0	0	1.0	1.0
KDM5C	1	0	0	1.0	1.0
KAL1	1	0	0	1.0	1.0
IL13RA1	1	0	0	1.0	1.0
IGSF1	1	0	0	1.0	1.0
HUWE1	1	0	0	1.0	1.0
FRMPD4	1	0	0	1.0	1.0
FGF16	1	0	0	1.0	1.0
FAM46D	1	0	0	1.0	1.0
FAM127C	1	0	0	1.0	1.0
AMER1	1	0	0	1.0	1.0
F8	1	0	0	1.0	1.0
ESX1	1	0	0	1.0	1.0
MAGEA12	1	0	0	1.0	1.0
DCAF12L1	1	0	0	1.0	1.0
CUL4B	1	0	0	1.0	1.0
COL4A5	1	0	0	1.0	1.0
CDKL5	1	0	0	1.0	1.0
BCOR	2	0	0	1.0	1.0
ATRX	1	0	0	1.0	1.0
ATP1B4	1	0	0	1.0	1.0
ASB9	1	0	0	1.0	1.0
AMOT	1	0	0	1.0	1.0
AIFM1	1	0	0	1.0	1.0
ACRC	1	0	0	1.0	1.0
ZNF79	1	0	0	1.0	1.0
ZNF462	1	0	0	1.0	1.0
TRAF2	1	0	0	1.0	1.0
CXorf22	1	0	0	1.0	1.0
MAGEA6	1	0	0	1.0	1.0
MAGEC1	2	0	0	1.0	1.0
MCF2	1	0	0	1.0	1.0
DDX21	1	0	0	1.0	1.0
CHST15	1	0	0	1.0	1.0
C10orf90	1	0	0	1.0	1.0
BICC1	1	0	0	1.0	1.0
BAG3	1	0	0	1.0	1.0
ARHGAP22	1	0	0	1.0	1.0
ADO	1	0	0	1.0	1.0
ZNF185	1	0	0	1.0	1.0
ZNF182	1	0	0	1.0	1.0
VSIG4	1	0	0	1.0	1.0
TRMT2B	1	0	0	1.0	1.0
TKTL1	1	0	0	1.0	1.0
TENM1	1	0	0	1.0	1.0
TAF1	1	0	0	1.0	1.0
TAB3	1	0	0	1.0	1.0
SSX5	1	0	0	1.0	1.0
SSX3	1	0	0	1.0	1.0
SLITRK4	1	0	0	1.0	1.0
SLC9A7	1	0	0	1.0	1.0
RPGR	1	0	0	1.0	1.0
PQBP1	1	0	0	1.0	1.0
PLXNA3	1	0	0	1.0	1.0
PLP1	1	0	0	1.0	1.0
PIM2	1	0	0	1.0	1.0
NXF3	1	0	0	1.0	1.0
NKAP	1	0	0	1.0	1.0
NAP1L2	1	0	0	1.0	1.0
MXRA5	1	0	0	1.0	1.0
MSN	1	0	0	1.0	1.0
DLG5	1	0	0	1.0	1.0
TLE1	1	0	0	1.0	1.0
FBXO32	1	0	0	1.0	1.0
KAT6A	1	0	0	1.0	1.0
AMER2	1	0	0	1.0	1.0
DOCK9	1	0	0	1.0	1.0
ATP12A	1	0	0	1.0	1.0
ZNF70	1	0	0	1.0	1.0
ZC3H7B	1	0	0	1.0	1.0
TUBA8	1	0	0	1.0	1.0
SREBF2	1	0	0	1.0	1.0
SGSM1	2	0	0	1.0	1.0
SCUBE1	1	0	0	1.0	1.0
SCO2	1	0	0	1.0	1.0
RGL4	1	0	0	1.0	1.0
RBFOX2	1	0	0	1.0	1.0
PVALB	1	0	0	1.0	1.0
GPC5	1	0	0	1.0	1.0
PRAME	1	0	0	1.0	1.0
JOSD1	1	0	0	1.0	1.0
HIC2	1	0	0	1.0	1.0
H1F0	1	0	0	1.0	1.0
ELFN2	1	0	0	1.0	1.0
CRELD2	1	0	0	1.0	1.0
CLTCL1	1	0	0	1.0	1.0
BRD1	1	0	0	1.0	1.0
BCR	1	0	0	1.0	1.0
APOL2	2	0	0	1.0	1.0
TCEA2	1	0	0	1.0	1.0
SPAG4	1	0	0	1.0	1.0
SLC9A8	1	0	0	1.0	1.0
SLC2A10	1	0	0	1.0	1.0
MN1	1	0	0	1.0	1.0
KL	1	0	0	1.0	1.0
METTL21C	1	0	0	1.0	1.0
MTUS2	1	0	0	1.0	1.0
MORC3	1	0	0	1.0	1.0
LSS	1	0	0	1.0	1.0
LCA5L	1	0	0	1.0	1.0
KRTAP6-2	1	0	0	1.0	1.0
KRTAP12-3	1	0	0	1.0	1.0
KRTAP10-8	1	0	0	1.0	1.0
GRIK1	1	0	0	1.0	1.0
CXADR	1	0	0	1.0	1.0
CSTB	1	0	0	1.0	1.0
THOC1	1	0	0	1.0	1.0
SERPINB2	1	0	0	1.0	1.0
SEH1L	1	0	0	1.0	1.0
MYOM1	1	0	0	1.0	1.0
DSC1	1	0	0	1.0	1.0
CDH20	1	0	0	1.0	1.0
ATP9B	1	0	0	1.0	1.0
ANKRD30B	1	0	0	1.0	1.0
TMCO3	1	0	0	1.0	1.0
THSD1	1	0	0	1.0	1.0
TGDS	3	0	0	1.0	1.0
STOML3	1	0	0	1.0	1.0
SPATA13	1	0	0	1.0	1.0
SLITRK1	1	0	0	1.0	1.0
SHISA2	1	0	0	1.0	1.0
SERTM1	1	0	0	1.0	1.0
SACS	1	0	0	1.0	1.0
RCBTB2	1	0	0	1.0	1.0
PCID2	1	0	0	1.0	1.0
NBEA	1	0	0	1.0	1.0
SEMG2	1	0	0	1.0	1.0
FGFR1	2	0	0	1.0	1.0
PYGB	1	0	0	1.0	1.0
PCMTD2	1	0	0	1.0	1.0
IGDCC4	1	0	0	1.0	1.0
GCHFR	1	0	0	1.0	1.0
FANCI	1	0	0	1.0	1.0
DENND4A	1	0	0	1.0	1.0
CGNL1	1	0	0	1.0	1.0
CCNDBP1	1	0	0	1.0	1.0
CA12	1	0	0	1.0	1.0
NUTM1	1	0	0	1.0	1.0
ARNT2	1	0	0	1.0	1.0
ANPEP	1	0	0	1.0	1.0
ALDH1A3	1	0	0	1.0	1.0
VPS13B	1	0	0	1.0	1.0
TRHR	1	0	0	1.0	1.0
IGF1R	1	0	0	1.0	1.0
TOP1MT	1	0	0	1.0	1.0
RP1L1	1	0	0	1.0	1.0
RP1	1	0	0	1.0	1.0
RMDN1	1	0	0	1.0	1.0
RBM12B	1	0	0	1.0	1.0
RAD54B	1	0	0	1.0	1.0
PKHD1L1	1	0	0	1.0	1.0
PDE7A	1	0	0	1.0	1.0
MYOM2	1	0	0	1.0	1.0
MICU3	1	0	0	1.0	1.0
MED30	1	0	0	1.0	1.0
MATN2	1	0	0	1.0	1.0
LPL	1	0	0	1.0	1.0
KIF13B	1	0	0	1.0	1.0
RUNX1T1	1	0	0	1.0	1.0
IL16	1	0	0	1.0	1.0
MAPK6	1	0	0	1.0	1.0
MTMR10	1	0	0	1.0	1.0
PCK1	1	0	0	1.0	1.0
PCED1A	1	0	0	1.0	1.0
PAX1	3	0	0	1.0	1.0
NINL	1	0	0	1.0	1.0
NAPB	1	0	0	1.0	1.0
MC3R	1	0	0	1.0	1.0
MATN4	1	0	0	1.0	1.0
MACROD2	1	0	0	1.0	1.0
LAMA5	1	0	0	1.0	1.0
KCNB1	1	0	0	1.0	1.0
GGT7	1	0	0	1.0	1.0
FOXA2	1	0	0	1.0	1.0
FASTKD5	1	0	0	1.0	1.0
FAM83D	1	0	0	1.0	1.0
EMILIN3	1	0	0	1.0	1.0
CSTF1	1	0	0	1.0	1.0
CPXM1	1	0	0	1.0	1.0
CENPB	1	0	0	1.0	1.0
C20orf96	1	0	0	1.0	1.0
C20orf85	1	0	0	1.0	1.0
BPIFA1	1	0	0	1.0	1.0
BCAS1	1	0	0	1.0	1.0
VPS13C	1	0	0	1.0	1.0
SQRDL	1	0	0	1.0	1.0
SEMA6D	1	0	0	1.0	1.0
PRTG	2	0	0	1.0	1.0
ONECUT1	1	0	0	1.0	1.0
OCA2	1	0	0	1.0	1.0
MYO5C	1	0	0	1.0	1.0
PLCB1	1	0	0	1.0	1.0
TUBE1	1	0	0	1.0	1.0
TJP2	1	0	0	1.0	1.0
TDRD7	1	0	0	1.0	1.0
ZKSCAN1	1	0	0	1.0	1.0
ZAN	1	0	0	1.0	1.0
UBE3C	1	0	0	1.0	1.0
TSPAN13	1	0	0	1.0	1.0
TRBV7-1	1	0	0	1.0	1.0
TFR2	1	0	0	1.0	1.0
TAS2R60	1	0	0	1.0	1.0
TAS2R3	1	0	0	1.0	1.0
SUN1	1	0	0	1.0	1.0
SLC4A2	1	0	0	1.0	1.0
SLC26A3	1	0	0	1.0	1.0
RP9	1	0	0	1.0	1.0
RBM33	1	0	0	1.0	1.0
ZKSCAN5	1	0	0	1.0	1.0
POLD2	1	0	0	1.0	1.0
PAXIP1	1	0	0	1.0	1.0
NT5C3A	1	0	0	1.0	1.0
MUC17	1	0	0	1.0	1.0
KMT2C	2	0	0	1.0	1.0
MAGI2	1	0	0	1.0	1.0
KLHL7	1	0	0	1.0	1.0
KCND2	1	0	0	1.0	1.0
KBTBD2	1	0	0	1.0	1.0
ING3	1	0	0	1.0	1.0
IGFBP3	1	0	0	1.0	1.0
GTPBP10	1	0	0	1.0	1.0
GTF2I	1	0	0	1.0	1.0
GLI3	1	0	0	1.0	1.0
PCLO	1	0	0	1.0	1.0
ZNF777	1	0	0	1.0	1.0
ZNHIT1	1	0	0	1.0	1.0
ACOT12	2	0	0	1.0	1.0
PAIP1	1	0	0	1.0	1.0
P4HA2	1	0	0	1.0	1.0
NSUN2	1	0	0	1.0	1.0
MXD3	1	0	0	1.0	1.0
MATR3	1	0	0	1.0	1.0
MAST4	1	0	0	1.0	1.0
MAP1B	1	0	0	1.0	1.0
MAML1	1	0	0	1.0	1.0
LSM11	1	0	0	1.0	1.0
KIF20A	1	0	0	1.0	1.0
KIAA0141	1	0	0	1.0	1.0
IQGAP2	1	0	0	1.0	1.0
HCN1	1	0	0	1.0	1.0
H2AFY	1	0	0	1.0	1.0
GPR98	2	0	0	1.0	1.0
ERAP2	1	0	0	1.0	1.0
CMYA5	1	0	0	1.0	1.0
CDC20B	1	0	0	1.0	1.0
CD180	1	0	0	1.0	1.0
APC	1	0	0	1.0	1.0
ANKHD1	2	0	0	1.0	1.0
ALDH7A1	1	0	0	1.0	1.0
AHRR	1	0	0	1.0	1.0
AGXT2	1	0	0	1.0	1.0
AFF4	1	0	0	1.0	1.0
AFAP1L1	1	0	0	1.0	1.0
ADCY2	1	0	0	1.0	1.0
ADAMTS12	1	0	0	1.0	1.0
ACSL6	1	0	0	1.0	1.0
FKBP9	3	0	0	1.0	1.0
PCDHA10	1	0	0	1.0	1.0
ETV1	1	0	0	1.0	1.0
EIF2AK1	1	0	0	1.0	1.0
KCNH3	1	0	0	1.0	1.0
KCNA6	1	0	0	1.0	1.0
IRAK4	1	0	0	1.0	1.0
IQSEC3	1	0	0	1.0	1.0
IPO8	1	0	0	1.0	1.0
HMGA2	1	0	0	1.0	1.0
GRIP1	1	0	0	1.0	1.0
GPR162	1	0	0	1.0	1.0
GNB3	1	0	0	1.0	1.0
FOXM1	1	0	0	1.0	1.0
FGD6	1	0	0	1.0	1.0
DHX37	1	0	0	1.0	1.0
DCN	1	0	0	1.0	1.0
KDM5A	1	0	0	1.0	1.0
CTDSP2	1	0	0	1.0	1.0
CCT2	1	0	0	1.0	1.0
CCDC60	1	0	0	1.0	1.0
C12orf45	1	0	0	1.0	1.0
BAZ2A	1	0	0	1.0	1.0
ATXN2	1	0	0	1.0	1.0
ASUN	1	0	0	1.0	1.0
ARL6IP4	1	0	0	1.0	1.0
ARID2	1	0	0	1.0	1.0
ARHGAP9	1	0	0	1.0	1.0
APAF1	1	0	0	1.0	1.0
ALDH2	1	0	0	1.0	1.0
AAAS	1	0	0	1.0	1.0
ZNF311	1	0	0	1.0	1.0
CD163	1	0	0	1.0	1.0
KLHL42	1	0	0	1.0	1.0
KRT3	1	0	0	1.0	1.0
KRT74	1	0	0	1.0	1.0
DPP6	1	0	0	1.0	1.0
CRHR2	1	0	0	1.0	1.0
CPSF4	1	0	0	1.0	1.0
CPA4	1	0	0	1.0	1.0
CLCN1	1	0	0	1.0	1.0
BRAF	1	0	0	1.0	1.0
ASZ1	1	0	0	1.0	1.0
AKAP9	1	0	0	1.0	1.0
ABCB5	1	0	0	1.0	1.0
ABCA13	3	0	0	1.0	1.0
VEZT	1	0	0	1.0	1.0
TXNRD1	1	0	0	1.0	1.0
TRHDE	3	0	0	1.0	1.0
TPI1	1	0	0	1.0	1.0
TPCN1	1	0	0	1.0	1.0
TM7SF3	1	0	0	1.0	1.0
STAC3	1	0	0	1.0	1.0
SSH1	1	0	0	1.0	1.0
SOX5	1	0	0	1.0	1.0
SLCO1C1	1	0	0	1.0	1.0
PPFIA2	1	0	0	1.0	1.0
POLR3B	1	0	0	1.0	1.0
PFKM	1	0	0	1.0	1.0
NR1H4	1	0	0	1.0	1.0
NCKAP1L	1	0	0	1.0	1.0
MPHOSPH9	1	0	0	1.0	1.0
MED13L	2	0	0	1.0	1.0
LRRIQ1	1	0	0	1.0	1.0
LRP1	1	0	0	1.0	1.0
EIF3B	1	0	0	1.0	1.0
TEK	1	0	0	1.0	1.0
PCDHB4	1	0	0	1.0	1.0
PCDHGA6	1	0	0	1.0	1.0
ZNF629	1	0	0	1.0	1.0
ZNF319	1	0	0	1.0	1.0
ZFHX3	1	0	0	1.0	1.0
SRRM2	2	0	0	1.0	1.0
SEC14L5	1	0	0	1.0	1.0
SDR42E1	1	0	0	1.0	1.0
SCNN1B	1	0	0	1.0	1.0
SALL1	1	0	0	1.0	1.0
RNF166	1	0	0	1.0	1.0
RLTPR	1	0	0	1.0	1.0
PKD1L2	1	0	0	1.0	1.0
PHLPP2	1	0	0	1.0	1.0
NOMO1	1	0	0	1.0	1.0
ADAMTSL1	1	0	0	1.0	1.0
MSLNL	1	0	0	1.0	1.0
KIAA0556	1	0	0	1.0	1.0
KCTD5	1	0	0	1.0	1.0
IRX6	1	0	0	1.0	1.0
IL4R	1	0	0	1.0	1.0
IL34	1	0	0	1.0	1.0
HYDIN	1	0	0	1.0	1.0
GP2	1	0	0	1.0	1.0
DPEP1	1	0	0	1.0	1.0
DNASE1	1	0	0	1.0	1.0
DNAH3	1	0	0	1.0	1.0
CRAMP1L	1	0	0	1.0	1.0
CPNE2	1	0	0	1.0	1.0
CORO7	2	0	0	1.0	1.0
MEFV	1	0	0	1.0	1.0
ARID3C	1	0	0	1.0	1.0
BARHL1	1	0	0	1.0	1.0
C5	1	0	0	1.0	1.0
TBC1D2	2	0	0	1.0	1.0
TAF1L	1	0	0	1.0	1.0
SVEP1	1	0	0	1.0	1.0
SPATA6L	1	0	0	1.0	1.0
SLC44A1	1	0	0	1.0	1.0
SHB	1	0	0	1.0	1.0
RFX3	1	0	0	1.0	1.0
PTPN3	1	0	0	1.0	1.0
PTGS1	2	0	0	1.0	1.0
PRUNE2	2	0	0	1.0	1.0
PPP6C	1	0	0	1.0	1.0
PPP3R2	1	0	0	1.0	1.0
PPP1R26	1	0	0	1.0	1.0
PIGO	1	0	0	1.0	1.0
MRPS2	1	0	0	1.0	1.0
MPDZ	2	0	0	1.0	1.0
MAN1B1	1	0	0	1.0	1.0
LMX1B	1	0	0	1.0	1.0
KCNT1	1	0	0	1.0	1.0
JAK2	1	0	0	1.0	1.0
IPPK	1	0	0	1.0	1.0
GRIN1	1	0	0	1.0	1.0
FOCAD	1	0	0	1.0	1.0
FAM73B	1	0	0	1.0	1.0
FAM221B	1	0	0	1.0	1.0
DOCK8	1	0	0	1.0	1.0
C9orf84	1	0	0	1.0	1.0
C9orf3	1	0	0	1.0	1.0
TMEM261	1	0	0	1.0	1.0
COG7	2	0	0	1.0	1.0
PCDHGA4	1	0	0	1.0	1.0
CNTNAP4	1	0	0	1.0	1.0
CDT1	1	0	0	1.0	1.0
EML5	1	0	0	1.0	1.0
DCAF11	1	0	0	1.0	1.0
CCDC88C	1	0	0	1.0	1.0
C14orf28	1	0	0	1.0	1.0
BCL11B	1	0	0	1.0	1.0
BATF	1	0	0	1.0	1.0
ARHGEF40	1	0	0	1.0	1.0
AKAP5	1	0	0	1.0	1.0
ZNF608	1	0	0	1.0	1.0
ZFP2	1	0	0	1.0	1.0
UGT3A2	1	0	0	1.0	1.0
TRIO	1	0	0	1.0	1.0
TRIM7	1	0	0	1.0	1.0
FLRT2	1	0	0	1.0	1.0
TAF9	1	0	0	1.0	1.0
SLC36A2	1	0	0	1.0	1.0
SLC30A5	1	0	0	1.0	1.0
SLC22A5	1	0	0	1.0	1.0
SLC1A3	1	0	0	1.0	1.0
SKIV2L2	1	0	0	1.0	1.0
SIMC1	1	0	0	1.0	1.0
SDHA	1	0	0	1.0	1.0
SCGB3A2	1	0	0	1.0	1.0
RUFY1	1	0	0	1.0	1.0
RGS14	1	0	0	1.0	1.0
RAD50	1	0	0	1.0	1.0
PLEKHG4B	1	0	0	1.0	1.0
PDE4D	1	0	0	1.0	1.0
SLC9A3	1	0	0	1.0	1.0
GPR132	1	0	0	1.0	1.0
GPR135	1	0	0	1.0	1.0
HECTD1	1	0	0	1.0	1.0
CDH16	1	0	0	1.0	1.0
CDH15	1	0	0	1.0	1.0
CACNA1H	1	0	0	1.0	1.0
C16orf71	1	0	0	1.0	1.0
BRD7	1	0	0	1.0	1.0
BCAR1	1	0	0	1.0	1.0
ATP6V0C	1	0	0	1.0	1.0
ADAT1	1	0	0	1.0	1.0
ACSM3	1	0	0	1.0	1.0
WDR20	1	0	0	1.0	1.0
UNC79	2	0	0	1.0	1.0
TRIP11	1	0	0	1.0	1.0
TRAV8-2	1	0	0	1.0	1.0
TDRD9	1	0	0	1.0	1.0
SYNE2	1	0	0	1.0	1.0
STON2	1	0	0	1.0	1.0
SPTB	3	0	0	1.0	1.0
SLC38A6	1	0	0	1.0	1.0
SIX4	2	0	0	1.0	1.0
SERPINA10	1	0	0	1.0	1.0
RPS6KA5	1	0	0	1.0	1.0
PRKD1	1	0	0	1.0	1.0
POLE2	1	0	0	1.0	1.0
OR4K2	1	0	0	1.0	1.0
NRXN3	1	0	0	1.0	1.0
MMP14	1	0	0	1.0	1.0
IRF9	1	0	0	1.0	1.0
IGHV1-45	1	0	0	1.0	1.0
IGHD	1	0	0	1.0	1.0
CDYL2	1	0	0	1.0	1.0
TNFAIP3	1	0	0	1.0	1.0
