Gene	ID	gene length	non-silent snv	silent snv	nonsense	lost stop	splice site	lost start	missense	recurrent missense	normalized missense position entropy	frameshift indel	inframe indel	normalized mutation entropy
AADACL4	NA	1224	1	0	0	0	0	0	1	0	1.0	0.0	0.0	1.0
AHCTF1	NA	6828	2	0	0	0	0	0	2	0	1.0	0.0	0.0	1.0
AHDC1	NA	4812	1	0	0	0	0	0	1	0	1.0	0.0	0.0	1.0
ARHGAP30	NA	3306	1	0	0	0	0	0	1	0	1.0	0.0	0.0	1.0
ARHGEF10L	NA	3840	1	0	0	0	0	0	1	0	1.0	0.0	0.0	1.0
ATAD3B	NA	1947	1	0	0	0	0	0	1	0	1.0	0.0	0.0	1.0
ATP1B1	NA	912	1	0	0	0	0	0	1	0	1.0	0.0	0.0	1.0
ATP6V1G3	NA	357	1	0	0	0	0	0	1	0	1.0	0.0	0.0	1.0
ATP8B2	NA	3672	1	0	0	0	0	0	1	0	1.0	0.0	0.0	1.0
BMP8A	NA	1209	1	0	1	0	0	0	0	0	1.0	0.0	0.0	1.0
C1orf177	NA	1257	1	0	0	0	0	0	1	0	1.0	0.0	0.0	1.0
C1orf86	NA	693	1	0	0	0	0	0	1	0	1.0	0.0	0.0	1.0
CACHD1	NA	3672	1	0	0	0	0	0	1	0	1.0	0.0	0.0	1.0
CD1B	NA	1002	1	0	0	0	0	0	1	0	1.0	0.0	0.0	1.0
CDC73	NA	1596	1	0	1	0	0	0	0	0	1.0	0.0	0.0	1.0
CFH	NA	3696	1	0	0	0	0	0	1	0	1.0	0.0	0.0	1.0
CHD5	NA	5865	1	0	0	0	0	0	1	0	1.0	0.0	0.0	1.0
CHRM3	NA	1773	1	0	0	0	0	0	1	0	1.0	0.0	0.0	1.0
CNTN2	NA	3123	1	0	0	0	0	0	1	0	1.0	0.0	0.0	1.0
COG2	NA	2217	1	0	0	0	0	0	1	0	1.0	0.0	0.0	1.0
COL11A1	NA	5457	1	1	0	0	0	0	1	0	1.0	0.0	0.0	1.0
COL16A1	NA	4815	1	0	0	0	0	0	1	0	1.0	0.0	0.0	1.0
COL24A1	NA	5145	1	0	0	0	0	0	1	0	1.0	0.0	0.0	1.0
COLGALT2	NA	1881	2	0	0	0	0	0	2	0	1.0	0.0	0.0	1.0
CSDE1	NA	2535	1	0	0	0	1	0	0	0	1.0	0.0	0.0	1.0
CYP4A11	NA	1560	1	0	1	0	0	0	0	0	1.0	0.0	0.0	1.0
DDI2	NA	1200	1	0	0	0	0	0	1	0	1.0	0.0	0.0	1.0
DNASE2B	NA	1086	0	1	0	0	0	0	0	0	1.0	0.0	0.0	1.0
ELF3	NA	1116	1	0	0	0	0	0	1	0	1.0	0.0	0.0	1.0
ELTD1	NA	2073	1	0	0	0	0	0	1	0	1.0	0.0	0.0	1.0
EMC1	NA	2982	1	0	0	0	0	0	1	0	1.0	0.0	0.0	1.0
EPHB2	NA	2964	0	2	0	0	0	0	0	0	1.0	0.0	0.0	1.0
EXTL2	NA	1017	1	0	0	0	0	0	1	0	1.0	0.0	0.0	1.0
F11R	NA	900	1	0	0	0	0	0	1	0	1.0	0.0	0.0	1.0
F5	NA	6675	1	0	0	0	0	0	1	0	1.0	0.0	0.0	1.0
FAM71A	NA	1785	0	1	0	0	0	0	0	0	1.0	0.0	0.0	1.0
FAM72B	NA	450	1	0	1	0	0	0	0	0	1.0	0.0	0.0	1.0
FLG	NA	12186	1	0	0	0	0	0	1	0	1.0	0.0	0.0	1.0
FNDC7	NA	2202	1	0	0	0	0	0	1	0	1.0	0.0	0.0	1.0
GATAD2B	NA	1782	0	1	0	0	0	0	0	0	1.0	0.0	0.0	1.0
GBA	NA	1611	1	0	0	0	0	0	1	0	1.0	0.0	0.0	1.0
HMCN1	NA	16908	1	0	0	0	0	0	1	0	1.0	0.0	0.0	1.0
HMGCS2	NA	1527	1	0	0	0	0	0	1	0	1.0	0.0	0.0	1.0
HSPG2	NA	13176	1	0	0	0	0	0	1	0	1.0	0.0	0.0	1.0
ITGA10	NA	3504	0	1	0	0	0	0	0	0	1.0	0.0	0.0	1.0
ITLN2	NA	978	1	0	0	0	0	0	1	0	1.0	0.0	0.0	1.0
IVL	NA	1758	1	0	0	0	0	0	1	0	1.0	0.0	0.0	1.0
KCNT2	NA	3408	0	1	0	0	0	0	0	0	1.0	0.0	0.0	1.0
KDM5B	NA	4635	0	1	0	0	0	0	0	0	1.0	0.0	0.0	1.0
LAMC1	NA	4830	1	0	0	0	0	0	1	0	1.0	0.0	0.0	1.0
LCE2B	NA	333	1	0	0	0	0	0	1	0	1.0	0.0	0.0	1.0
LDLRAD2	NA	819	1	0	0	0	0	0	1	0	1.0	0.0	0.0	1.0
LIN9	NA	1677	1	0	0	0	0	0	1	0	1.0	0.0	0.0	1.0
LPPR4	NA	2292	0	1	0	0	0	0	0	0	1.0	0.0	0.0	1.0
LRP8	NA	2892	1	0	0	0	0	0	1	0	1.0	0.0	0.0	1.0
LRRC7	NA	4614	1	0	0	0	0	0	1	0	1.0	0.0	0.0	1.0
LRRN2	NA	2142	1	0	0	0	0	0	1	0	1.0	0.0	0.0	1.0
LYST	NA	11406	1	0	0	0	0	0	1	0	1.0	0.0	0.0	1.0
MTOR	NA	7650	1	0	0	0	0	0	1	0	1.0	0.0	0.0	1.0
MTR	NA	3798	1	0	0	0	0	0	1	0	1.0	0.0	0.0	1.0
NID1	NA	3744	1	0	0	0	0	0	1	0	1.0	0.0	0.0	1.0
NR0B2	NA	774	1	0	0	0	0	0	1	0	1.0	0.0	0.0	1.0
OAZ3	NA	709	0	1	0	0	0	0	0	0	1.0	0.0	0.0	1.0
OBSCN	NA	26772	1	0	0	0	0	0	1	0	1.0	0.0	0.0	1.0
OR10X1	NA	981	1	0	0	0	0	0	1	0	1.0	0.0	0.0	1.0
OR6K3	NA	948	0	1	0	0	0	0	0	0	1.0	0.0	0.0	1.0
OTUD3	NA	1197	1	0	0	0	0	0	1	0	1.0	0.0	0.0	1.0
PADI1	NA	1992	1	0	0	0	0	0	1	0	1.0	0.0	0.0	1.0
PADI2	NA	1998	0	1	0	0	0	0	0	0	1.0	0.0	0.0	1.0
PADI3	NA	1995	0	1	0	0	0	0	0	0	1.0	0.0	0.0	1.0
PAPPA2	NA	5376	1	0	0	0	0	0	1	0	1.0	0.0	0.0	1.0
PDPN	NA	717	1	0	0	0	0	0	1	0	1.0	0.0	0.0	1.0
PKN2	NA	2955	0	1	0	0	0	0	0	0	1.0	0.0	0.0	1.0
PLXNA2	NA	5685	1	0	0	0	0	0	1	0	1.0	0.0	0.0	1.0
PQLC2	NA	876	1	0	0	0	0	0	1	0	1.0	0.0	0.0	1.0
PRG4	NA	4215	0	1	0	0	0	0	0	0	1.0	2.0	0.0	0.579380164285695
PRKACB	NA	1197	1	0	0	0	0	0	1	0	1.0	0.0	0.0	1.0
PTPN14	NA	3564	2	0	0	0	0	0	2	0	1.0	0.0	0.0	1.0
RBBP5	NA	1617	1	0	0	0	0	0	1	0	1.0	0.0	0.0	1.0
RPRD2	NA	4386	1	0	0	0	0	0	1	0	1.0	0.0	0.0	1.0
RSBN1	NA	2409	0	1	0	0	0	0	0	0	1.0	0.0	0.0	1.0
RSG1	NA	777	1	0	0	0	0	0	1	0	1.0	0.0	0.0	1.0
RUSC1	NA	2709	1	0	0	0	0	0	1	0	1.0	0.0	0.0	1.0
SAMD11	NA	2046	1	0	0	0	0	0	1	0	1.0	0.0	0.0	1.0
SEMA4A	NA	2286	0	1	0	0	0	0	0	0	1.0	0.0	0.0	1.0
SH3D21	NA	2271	1	0	0	0	0	0	1	0	1.0	0.0	0.0	1.0
SHISA4	NA	594	1	0	0	0	0	0	1	0	1.0	0.0	0.0	1.0
SIPA1L2	NA	5169	1	0	0	0	0	0	1	0	1.0	0.0	0.0	1.0
SLC26A9	NA	2664	1	0	0	0	0	0	1	0	1.0	0.0	0.0	1.0
SLC5A9	NA	2121	0	1	0	0	0	0	0	0	1.0	0.0	0.0	1.0
SPAG17	NA	6672	0	1	0	0	0	0	0	0	1.0	0.0	0.0	1.0
SPTA1	NA	7260	2	0	0	0	0	0	2	0	1.0	0.0	0.0	1.0
STK40	NA	1308	0	1	0	0	0	0	0	0	1.0	0.0	0.0	1.0
SYT6	NA	1278	1	0	0	0	0	0	1	0	1.0	0.0	0.0	1.0
SZT2	NA	10128	2	0	1	0	0	0	1	0	1.0	0.0	0.0	1.0
TGFBR3	NA	2556	1	0	1	0	0	0	0	0	1.0	0.0	0.0	1.0
TMCO4	NA	1905	1	0	0	0	0	0	1	0	1.0	0.0	0.0	1.0
TPR	NA	7092	1	0	0	0	0	0	1	0	1.0	0.0	0.0	1.0
TRIM62	NA	1428	1	0	0	0	0	0	1	0	1.0	0.0	0.0	1.0
TRMT1L	NA	2202	1	0	0	0	0	0	1	0	1.0	0.0	0.0	1.0
UBE2U	NA	681	1	0	0	0	0	0	1	0	1.0	0.0	0.0	1.0
UBR4	NA	15552	0	1	0	0	0	0	0	0	1.0	0.0	0.0	1.0
WARS2	NA	1083	1	0	1	0	0	0	0	0	1.0	0.0	0.0	1.0
WDR63	NA	2676	1	0	0	0	0	0	1	0	1.0	0.0	0.0	1.0
ZMYM1	NA	3429	1	0	0	0	0	0	1	0	1.0	0.0	0.0	1.0
ABHD8	NA	1320	0	1	0	0	0	0	0	0	1.0	0.0	0.0	1.0
ANKRD27	NA	3153	1	0	0	0	0	0	1	0	1.0	0.0	0.0	1.0
AURKC	NA	930	1	0	0	0	1	0	0	0	1.0	0.0	0.0	1.0
C19orf73	NA	390	0	1	0	0	0	0	0	0	1.0	0.0	0.0	1.0
CACNA1A	NA	7534	0	1	0	0	0	0	0	0	1.0	0.0	0.0	1.0
CC2D1A	NA	2856	1	0	0	0	0	0	1	0	1.0	0.0	0.0	1.0
CD37	NA	846	1	0	0	0	0	0	1	0	1.0	0.0	0.0	1.0
CEACAM6	NA	1035	0	1	0	0	0	0	0	0	1.0	0.0	0.0	1.0
CHERP	NA	2751	0	1	0	0	0	0	0	0	1.0	0.0	0.0	1.0
CIC	NA	4827	0	1	0	0	0	0	0	0	1.0	0.0	0.0	1.0
COL5A3	NA	5238	1	0	0	0	0	0	1	0	1.0	0.0	0.0	1.0
CREB3L3	NA	1386	0	1	0	0	0	0	0	0	1.0	0.0	0.0	1.0
DMKN	NA	1431	1	0	0	0	0	0	1	0	1.0	0.0	0.0	1.0
DPP9	NA	2679	1	0	0	0	0	0	1	0	1.0	0.0	0.0	1.0
EIF3K	NA	657	1	0	0	0	1	0	0	0	1.0	0.0	0.0	1.0
ELANE	NA	804	0	1	0	0	0	0	0	0	1.0	0.0	0.0	1.0
EML2	NA	2553	1	0	0	0	0	0	1	0	1.0	0.0	0.0	1.0
EMR3	NA	1959	0	1	0	0	0	0	0	0	1.0	0.0	0.0	1.0
EPOR	NA	1527	1	0	1	0	0	0	0	0	1.0	0.0	0.0	1.0
FBN3	NA	8430	1	1	0	0	0	0	1	0	1.0	0.0	0.0	1.0
FFAR2	NA	993	1	0	0	0	0	0	1	0	1.0	0.0	0.0	1.0
HAPLN4	NA	1209	1	0	0	0	0	0	1	0	1.0	0.0	0.0	1.0
HCN2	NA	2670	1	0	0	0	0	0	1	0	1.0	0.0	0.0	1.0
JOSD2	NA	567	1	0	0	0	0	0	1	0	1.0	0.0	0.0	1.0
KANK3	NA	2466	1	0	0	0	0	0	1	0	1.0	0.0	0.0	1.0
KDM4B	NA	3291	1	0	0	0	0	0	1	0	1.0	0.0	0.0	1.0
KIR2DS4	NA	893	1	0	0	0	0	0	1	0	1.0	0.0	0.0	1.0
KLK12	NA	765	0	1	0	0	0	0	0	0	1.0	0.0	0.0	1.0
LGALS14	NA	507	1	0	0	0	0	0	1	0	1.0	0.0	0.0	1.0
LILRB5	NA	1776	1	0	0	0	0	0	1	0	1.0	0.0	0.0	1.0
LONP1	NA	2880	1	0	0	0	0	0	1	0	1.0	0.0	0.0	1.0
MLLT1	NA	1680	1	0	0	0	0	0	1	0	1.0	0.0	0.0	1.0
MUC16	NA	43524	4	0	1	0	0	0	3	0	1.0	0.0	0.0	1.0
MYH14	NA	6111	1	0	0	0	0	0	1	0	1.0	0.0	0.0	1.0
NCR1	NA	915	1	0	0	0	0	0	1	0	1.0	0.0	0.0	1.0
NFIC	NA	1527	0	1	0	0	0	0	0	0	1.0	0.0	0.0	1.0
NLRP12	NA	3189	1	0	0	0	0	0	1	0	1.0	0.0	0.0	1.0
NLRP4	NA	2985	0	1	0	0	0	0	0	0	1.0	0.0	0.0	1.0
NLRP8	NA	3147	0	1	0	0	0	0	0	0	1.0	0.0	0.0	1.0
NPHS1	NA	3726	1	0	0	0	0	0	1	0	1.0	0.0	0.0	1.0
NWD1	NA	4299	1	0	0	0	0	0	1	0	1.0	0.0	0.0	1.0
OPA3	NA	543	0	1	0	0	0	0	0	0	1.0	0.0	0.0	1.0
OR7G2	NA	1038	0	1	0	0	0	0	0	0	1.0	0.0	0.0	1.0
PKN1	NA	2847	0	1	0	0	0	0	0	0	1.0	0.0	0.0	1.0
PODNL1	NA	1539	0	1	0	0	0	0	0	0	1.0	0.0	0.0	1.0
PPP1R13L	NA	2487	0	1	0	0	0	0	0	0	1.0	0.0	0.0	1.0
PRKACA	NA	1056	0	1	0	0	0	0	0	0	1.0	0.0	0.0	1.0
PRKD2	NA	2637	1	0	0	0	0	0	1	0	1.0	0.0	0.0	1.0
PRMT1	NA	1116	1	0	0	0	1	0	0	0	1.0	0.0	0.0	1.0
PSG8	NA	1281	1	0	0	0	0	0	1	0	1.0	0.0	0.0	1.0
RAB11B	NA	657	0	1	0	0	0	0	0	0	1.0	0.0	0.0	1.0
RDH8	NA	996	1	1	0	0	0	0	1	0	1.0	0.0	0.0	1.0
RINL	NA	1701	0	1	0	0	0	0	0	0	1.0	0.0	0.0	1.0
RYR1	NA	15117	3	0	0	0	0	0	3	0	1.0	0.0	0.0	1.0
SIGLEC11	NA	2097	1	0	0	0	0	0	1	0	1.0	0.0	0.0	1.0
SIGLEC6	NA	1362	1	0	0	0	0	0	1	0	1.0	0.0	0.0	1.0
SIGLEC9	NA	1440	1	0	0	0	0	0	1	0	1.0	0.0	0.0	1.0
STRN4	NA	2283	0	1	0	0	0	0	0	0	1.0	0.0	0.0	1.0
TBXA2R	NA	1224	1	0	0	0	0	0	1	0	1.0	0.0	0.0	1.0
TNPO2	NA	2694	1	0	0	0	0	0	1	0	1.0	0.0	0.0	1.0
TSHZ3	NA	3246	0	1	0	0	0	0	0	0	1.0	0.0	0.0	1.0
WDR62	NA	4572	0	1	0	0	0	0	0	0	1.0	0.0	0.0	1.0
ZNF324	NA	1662	1	0	0	0	0	0	1	0	1.0	0.0	0.0	1.0
ZNF417	NA	1728	1	0	0	0	0	0	1	0	1.0	0.0	0.0	1.0
ZNF471	NA	1881	1	0	0	0	0	0	1	0	1.0	0.0	0.0	1.0
ZNF493	NA	2325	1	0	0	0	0	0	1	0	1.0	0.0	0.0	1.0
ZNF564	NA	1662	1	0	0	0	0	0	1	0	1.0	0.0	0.0	1.0
ZNF569	NA	2061	1	0	0	0	0	0	1	0	1.0	0.0	0.0	1.0
ZNF613	NA	1854	1	0	0	0	0	0	1	0	1.0	0.0	0.0	1.0
ZNF676	NA	1767	1	0	0	0	0	0	1	0	1.0	0.0	0.0	1.0
ZNF776	NA	1557	1	0	0	0	0	0	1	0	1.0	0.0	0.0	1.0
ZNF780A	NA	1929	1	0	0	0	0	0	1	0	1.0	0.0	0.0	1.0
ZNF799	NA	1932	1	0	0	0	0	0	1	0	1.0	0.0	0.0	1.0
ZSWIM4	NA	2970	1	0	0	0	0	0	1	0	1.0	0.0	0.0	1.0
AHNAK	NA	17673	2	0	0	0	0	0	2	0	1.0	0.0	0.0	1.0
ANO3	NA	2946	1	0	0	0	0	0	1	0	1.0	0.0	0.0	1.0
AP5B1	NA	2637	0	1	0	0	0	0	0	0	1.0	0.0	0.0	1.0
ART1	NA	984	1	0	0	0	0	0	1	0	1.0	0.0	0.0	1.0
ATM	NA	9171	0	1	0	0	0	0	0	0	1.0	0.0	0.0	1.0
B4GALNT4	NA	3120	1	0	0	0	0	0	1	0	1.0	0.0	0.0	1.0
BIRC3	NA	1815	1	0	0	0	0	0	1	0	1.0	0.0	0.0	1.0
BTBD10	NA	1428	1	0	0	0	0	0	1	0	1.0	0.0	0.0	1.0
C11orf84	NA	1146	0	1	0	0	0	0	0	0	1.0	0.0	0.0	1.0
CCDC86	NA	1083	1	0	0	0	0	0	1	0	1.0	0.0	0.0	1.0
CDC42BPG	NA	4656	0	1	0	0	0	0	0	0	1.0	0.0	0.0	1.0
CKAP5	NA	6099	0	1	0	0	0	0	0	0	1.0	0.0	0.0	1.0
DEPDC7	NA	1536	1	0	0	0	0	0	1	0	1.0	0.0	0.0	1.0
DGAT2	NA	1167	1	0	0	0	0	0	1	0	1.0	0.0	0.0	1.0
DTX4	NA	1860	0	1	0	0	0	0	0	0	1.0	0.0	0.0	1.0
DYNC2H1	NA	12945	1	0	0	0	1	0	0	0	1.0	0.0	0.0	1.0
FADD	NA	627	1	0	0	0	0	0	1	0	1.0	0.0	0.0	1.0
FADS2	NA	1335	0	1	0	0	0	0	0	0	1.0	0.0	0.0	1.0
FAM111B	NA	2205	0	1	0	0	0	0	0	0	1.0	0.0	0.0	1.0
GLB1L3	NA	1962	1	0	0	0	0	0	1	0	1.0	0.0	0.0	1.0
HEPN1	NA	267	0	1	0	0	0	0	0	0	1.0	0.0	0.0	1.0
HRAS	NA	570	7	0	0	0	0	0	7	5	0.4092232318950599	0.0	0.0	0.30744974986419643
KCNC1	NA	1758	0	1	0	0	0	0	0	0	1.0	0.0	0.0	1.0
MARK2	NA	2367	1	0	0	0	0	0	1	0	1.0	0.0	0.0	1.0
MICAL2	NA	3375	0	1	0	0	0	0	0	0	1.0	0.0	0.0	1.0
KMT2A	NA	11919	0	1	0	0	0	0	0	0	1.0	0.0	0.0	1.0
MMP27	NA	1542	1	0	0	0	0	0	1	0	1.0	0.0	0.0	1.0
MMP8	NA	1404	1	0	0	0	0	0	1	0	1.0	0.0	0.0	1.0
MRVI1	NA	2739	1	0	0	0	0	0	1	0	1.0	0.0	0.0	1.0
MUC15	NA	1086	1	0	0	0	0	0	1	0	1.0	0.0	0.0	1.0
MUC5B	NA	17289	2	1	1	0	0	0	1	0	1.0	0.0	0.0	1.0
NAALADL1	NA	2223	0	1	0	0	0	0	0	0	1.0	0.0	0.0	1.0
NCAPD3	NA	4497	0	1	0	0	0	0	0	0	1.0	0.0	0.0	1.0
OR10A3	NA	945	0	1	0	0	0	0	0	0	1.0	0.0	0.0	1.0
OR10G8	NA	936	1	0	0	0	0	0	1	0	1.0	0.0	0.0	1.0
OR52D1	NA	957	1	0	0	0	0	0	1	0	1.0	0.0	0.0	1.0
OR52I2	NA	1053	1	0	0	0	0	0	1	0	1.0	0.0	0.0	1.0
OR52M1	NA	954	1	0	0	0	0	0	1	0	1.0	0.0	0.0	1.0
OR8A1	NA	981	1	0	0	0	0	0	1	0	1.0	0.0	0.0	1.0
OR8H3	NA	939	1	0	0	0	0	0	1	0	1.0	0.0	0.0	1.0
OR8I2	NA	933	0	1	0	0	0	0	0	0	1.0	0.0	0.0	1.0
OSBP	NA	2424	0	1	0	0	0	0	0	0	1.0	0.0	0.0	1.0
P2RY6	NA	987	1	0	0	0	0	0	1	0	1.0	0.0	0.0	1.0
PC	NA	3537	0	1	0	0	0	0	0	0	1.0	0.0	0.0	1.0
PCSK7	NA	2358	1	0	0	0	0	0	1	0	1.0	0.0	0.0	1.0
PHRF1	NA	4947	1	0	0	0	0	0	1	0	1.0	0.0	0.0	1.0
PPP1R14B	NA	444	0	1	0	0	0	0	0	0	1.0	0.0	0.0	1.0
PRG2	NA	669	1	0	1	0	0	0	0	0	1.0	0.0	0.0	1.0
ROBO4	NA	3024	1	0	0	0	0	0	1	0	1.0	0.0	0.0	1.0
SCUBE2	NA	2916	0	1	0	0	0	0	0	0	1.0	0.0	0.0	1.0
SNX19	NA	2979	1	0	0	0	0	0	1	0	1.0	0.0	0.0	1.0
TMEM126B	NA	693	1	0	0	0	0	0	1	0	1.0	0.0	0.0	1.0
TRIM3	NA	2235	1	0	0	0	0	0	1	0	1.0	0.0	0.0	1.0
TRIM51	NA	1359	0	1	0	0	0	0	0	0	1.0	0.0	0.0	1.0
TRPC6	NA	2796	1	0	0	0	0	0	1	0	1.0	0.0	0.0	1.0
TSPAN32	NA	963	1	0	0	0	0	0	1	0	1.0	0.0	0.0	1.0
TTC12	NA	2118	1	0	0	0	0	0	1	0	1.0	0.0	0.0	1.0
TTC9C	NA	516	1	0	0	0	0	0	1	0	1.0	0.0	0.0	1.0
USP28	NA	3234	1	0	0	0	0	0	1	0	1.0	0.0	0.0	1.0
ABCA12	NA	7788	2	0	0	0	0	0	2	0	1.0	0.0	0.0	-0.0
AFTPH	NA	2811	0	1	0	0	0	0	0	0	1.0	0.0	0.0	1.0
ALK	NA	4863	1	0	0	0	0	0	1	0	1.0	0.0	0.0	1.0
ALMS1	NA	12504	2	0	0	0	0	0	2	0	1.0	0.0	0.0	1.0
ALS2	NA	4974	1	1	0	0	0	0	1	0	1.0	0.0	0.0	1.0
ANKRD44	NA	2982	1	0	0	0	0	0	1	0	1.0	0.0	0.0	1.0
APOB	NA	13692	0	1	0	0	0	0	0	0	1.0	0.0	0.0	1.0
BAZ2B	NA	6507	0	1	0	0	0	0	0	0	1.0	0.0	0.0	1.0
CALCRL	NA	1386	1	0	0	0	0	0	1	0	1.0	0.0	0.0	1.0
CHST10	NA	1071	1	0	0	0	0	0	1	0	1.0	0.0	0.0	1.0
COL6A3	NA	9534	1	0	0	0	0	0	1	0	1.0	0.0	0.0	1.0
DDX18	NA	2013	0	1	0	0	0	0	0	0	1.0	0.0	0.0	1.0
DNAH7	NA	12075	1	0	0	0	0	0	1	0	1.0	0.0	0.0	1.0
DNAJC5G	NA	570	1	0	0	0	0	0	1	0	1.0	0.0	0.0	1.0
DYSF	NA	6360	1	0	0	0	0	0	1	0	1.0	0.0	0.0	1.0
EPAS1	NA	2613	5	0	0	0	0	0	5	3	0.5904362833084088	0.0	0.0	0.5904362833084089
ERCC3	NA	2349	1	0	0	0	0	0	1	0	1.0	0.0	0.0	1.0
FAHD2A	NA	945	1	0	0	0	0	0	1	0	1.0	0.0	0.0	1.0
FAM179A	NA	3060	0	1	0	0	0	0	0	0	1.0	0.0	0.0	1.0
FANCL	NA	1143	0	1	0	0	0	0	0	0	1.0	0.0	0.0	1.0
GAD1	NA	1785	1	0	0	0	0	0	1	0	1.0	0.0	0.0	1.0
GIGYF2	NA	3963	1	0	0	0	0	0	1	0	1.0	0.0	0.0	1.0
GULP1	NA	915	1	0	0	0	0	0	1	0	1.0	0.0	0.0	1.0
HAT1	NA	1260	1	0	0	0	0	0	1	0	1.0	0.0	0.0	1.0
HECW2	NA	4719	1	0	0	0	0	0	1	0	1.0	0.0	0.0	1.0
HOXD11	NA	1017	1	0	0	0	0	0	1	0	1.0	0.0	0.0	1.0
IGKV3-20	NA	348	1	0	0	0	0	0	1	0	1.0	0.0	0.0	1.0
IL18RAP	NA	1800	1	0	0	0	0	0	1	0	1.0	0.0	0.0	1.0
INPP4A	NA	2934	0	1	0	0	0	0	0	0	1.0	0.0	0.0	1.0
ITGAV	NA	3147	1	0	0	0	0	0	1	0	1.0	0.0	0.0	1.0
KCMF1	NA	1146	1	0	0	0	0	0	1	0	1.0	0.0	0.0	1.0
LCT	NA	5784	2	0	1	0	0	0	1	0	1.0	0.0	0.0	1.0
LIPT1	NA	1122	0	1	0	0	0	0	0	0	1.0	0.0	0.0	1.0
LRP1B	NA	13800	0	1	0	0	0	0	0	0	1.0	0.0	0.0	1.0
LRP2	NA	13968	1	0	0	0	0	0	1	0	1.0	0.0	0.0	1.0
MARCH4	NA	1233	1	0	0	0	0	0	1	0	1.0	0.0	0.0	1.0
MERTK	NA	3000	0	1	0	0	0	0	0	0	1.0	0.0	0.0	1.0
METTL21A	NA	657	1	0	0	0	0	0	1	0	1.0	0.0	0.0	1.0
MGAT4A	NA	1608	1	0	0	0	0	0	1	0	1.0	0.0	0.0	1.0
MLPH	NA	1803	1	0	0	0	0	0	1	0	1.0	0.0	0.0	1.0
MSH6	NA	4083	0	1	0	0	0	0	0	0	1.0	0.0	0.0	1.0
MYT1L	NA	3555	0	1	0	0	0	0	0	0	1.0	0.0	0.0	1.0
NAGK	NA	1173	2	0	0	0	0	0	2	0	1.0	0.0	0.0	-0.0
NCKAP1	NA	3405	1	0	0	0	0	0	1	0	1.0	0.0	0.0	1.0
NEB	NA	25683	1	0	0	0	0	0	1	0	1.0	0.0	0.0	1.0
NFE2L2	NA	1818	1	0	0	0	0	0	1	0	1.0	0.0	0.0	1.0
NOP58	NA	1590	0	1	0	0	0	0	0	0	1.0	0.0	0.0	1.0
OSBPL6	NA	2880	1	0	0	0	0	0	1	0	1.0	0.0	0.0	1.0
OXER1	NA	1272	0	1	0	0	0	0	0	0	1.0	0.0	0.0	1.0
PAX3	NA	1518	1	0	0	0	0	0	1	0	1.0	0.0	0.0	1.0
PER2	NA	3768	1	0	0	0	0	0	1	0	1.0	0.0	0.0	1.0
PKP4	NA	3579	1	0	0	0	0	0	1	0	1.0	0.0	0.0	1.0
PLCL1	NA	3288	0	1	0	0	0	0	0	0	1.0	0.0	0.0	1.0
PREB	NA	1254	1	0	1	0	0	0	0	0	1.0	0.0	0.0	1.0
PSD4	NA	3171	1	0	0	0	0	0	1	0	1.0	0.0	0.0	1.0
PSMD1	NA	2862	1	0	0	0	0	0	1	0	1.0	0.0	0.0	1.0
PUM2	NA	3195	1	0	0	0	0	0	1	0	1.0	0.0	0.0	1.0
PXDN	NA	4440	0	1	0	0	0	0	0	0	1.0	0.0	0.0	1.0
QPCT	NA	1086	0	1	0	0	0	0	0	0	1.0	0.0	0.0	1.0
RAD51AP2	NA	3480	1	0	0	0	0	0	1	0	1.0	0.0	0.0	1.0
RNF149	NA	1203	1	0	0	0	0	0	1	0	1.0	0.0	0.0	1.0
RNPEPL1	NA	2178	1	0	0	0	0	0	1	0	1.0	0.0	0.0	1.0
SAG	NA	1218	0	1	0	0	0	0	0	0	1.0	0.0	0.0	1.0
SLC11A1	NA	1653	2	0	0	0	0	0	2	0	1.0	0.0	0.0	-0.0
SMC6	NA	3276	1	0	0	0	0	0	1	0	1.0	0.0	0.0	1.0
SNTG2	NA	1620	0	1	0	0	0	0	0	0	1.0	0.0	0.0	1.0
SPDYA	NA	942	1	0	0	0	0	0	1	0	1.0	0.0	0.0	1.0
SPHKAP	NA	5103	1	0	0	0	0	0	1	0	1.0	0.0	0.0	1.0
SUPT7L	NA	1245	1	0	0	0	0	0	1	0	1.0	0.0	0.0	1.0
TGFBRAP1	NA	2583	0	1	0	0	0	0	0	0	1.0	0.0	0.0	1.0
THADA	NA	5862	1	0	0	0	0	0	1	0	1.0	0.0	0.0	1.0
THSD7B	NA	4733	1	0	0	0	0	0	1	0	1.0	0.0	0.0	1.0
TPO	NA	2802	1	0	0	0	0	0	1	0	1.0	0.0	0.0	1.0
TRAK2	NA	2745	1	0	0	0	0	0	1	0	1.0	0.0	0.0	1.0
TSGA10	NA	2097	1	0	0	0	1	0	0	0	1.0	0.0	0.0	1.0
TTN	NA	107976	3	1	0	0	1	0	2	0	1.0	0.0	0.0	1.0
USP34	NA	10641	1	0	0	0	0	0	1	0	1.0	0.0	0.0	1.0
VIT	NA	2082	1	0	0	0	0	0	1	0	1.0	0.0	0.0	1.0
XDH	NA	4002	2	0	0	0	1	0	1	0	1.0	0.0	0.0	1.0
ZDBF2	NA	7065	1	0	0	0	0	0	1	0	1.0	0.0	0.0	1.0
ZEB2	NA	3645	1	0	0	0	0	0	1	0	1.0	0.0	0.0	1.0
ACACA	NA	7152	1	0	0	0	0	0	1	0	1.0	0.0	0.0	1.0
ADAM11	NA	2310	0	1	0	0	0	0	0	0	1.0	0.0	0.0	1.0
ALOX15B	NA	2031	0	1	0	0	0	0	0	0	1.0	0.0	0.0	1.0
ANAPC11	NA	591	1	0	0	0	0	0	1	0	1.0	0.0	0.0	1.0
AOC3	NA	2292	1	0	0	0	0	0	1	0	1.0	0.0	0.0	1.0
ARHGEF15	NA	2526	2	0	0	0	0	0	2	0	1.0	0.0	0.0	1.0
BPTF	NA	8763	1	0	0	0	0	0	1	0	1.0	0.0	0.0	1.0
BZRAP1	NA	5574	1	0	0	0	0	0	1	0	1.0	0.0	0.0	1.0
CACNA1G	NA	7134	0	1	0	0	0	0	0	0	1.0	0.0	0.0	1.0
CCDC40	NA	3429	1	0	0	0	0	0	1	0	1.0	0.0	0.0	1.0
CD300LB	NA	606	1	0	0	0	0	0	1	0	1.0	0.0	0.0	1.0
CD300LG	NA	999	0	1	0	0	0	0	0	0	1.0	0.0	0.0	1.0
CDC27	NA	2493	0	1	0	0	0	0	0	0	1.0	0.0	0.0	1.0
CDK5RAP3	NA	1521	1	0	0	0	0	0	1	0	1.0	0.0	0.0	1.0
CHD3	NA	6180	1	0	0	0	0	0	1	0	1.0	0.0	0.0	1.0
CSH2	NA	654	0	1	0	0	0	0	0	0	1.0	0.0	0.0	1.0
DNAH17	NA	13389	2	0	2	0	0	0	0	0	1.0	0.0	0.0	-0.0
DNAH9	NA	13461	1	1	0	0	0	0	1	0	1.0	0.0	0.0	1.0
DNAJC7	NA	1485	1	0	0	0	0	0	1	0	1.0	0.0	0.0	1.0
EPX	NA	2148	1	0	0	0	0	0	1	0	1.0	0.0	0.0	1.0
FBF1	NA	3402	2	0	0	0	1	0	1	0	1.0	0.0	0.0	1.0
FBXL20	NA	1311	1	0	0	0	0	0	1	0	1.0	0.0	0.0	1.0
FDXR	NA	1605	0	1	0	0	0	0	0	0	1.0	0.0	0.0	1.0
G6PC3	NA	1041	0	1	0	0	0	0	0	0	1.0	0.0	0.0	1.0
GAA	NA	2859	0	2	0	0	0	0	0	0	1.0	0.0	0.0	1.0
GAS2L2	NA	2643	1	0	0	0	0	0	1	0	1.0	0.0	0.0	1.0
GLOD4	NA	897	1	0	0	0	0	0	1	0	1.0	0.0	0.0	1.0
IKZF3	NA	1530	1	0	0	0	0	0	1	0	1.0	0.0	0.0	1.0
KRTAP1-1	NA	534	0	1	0	0	0	0	0	0	1.0	0.0	0.0	1.0
KSR1	NA	2289	0	1	0	0	0	0	0	0	1.0	0.0	0.0	1.0
LGALS9B	NA	1068	1	0	0	0	0	0	1	0	1.0	0.0	0.0	1.0
LGALS9C	NA	1071	1	0	0	0	0	0	1	0	1.0	0.0	0.0	1.0
LHX1	NA	1221	1	0	0	0	0	0	1	0	1.0	0.0	0.0	1.0
LRRC37B	NA	2844	0	1	0	0	0	0	0	0	1.0	0.0	0.0	1.0
MLLT6	NA	3282	2	0	0	0	0	0	2	0	1.0	0.0	0.0	1.0
MPP2	NA	1659	1	0	0	0	0	0	1	0	1.0	0.0	0.0	1.0
MRC2	NA	4440	1	0	0	0	0	0	1	0	1.0	0.0	0.0	1.0
MRPL38	NA	1143	1	0	0	0	0	0	1	0	1.0	0.0	0.0	1.0
MYH3	NA	5823	1	0	0	0	0	0	1	0	1.0	0.0	0.0	1.0
MYH8	NA	5814	1	0	0	0	0	0	1	0	1.0	0.0	0.0	1.0
NF1	NA	8520	4	0	2	0	1	0	1	0	1.0	6.0	0.0	0.14118174150460763
NT5M	NA	687	0	1	0	0	0	0	0	0	1.0	0.0	0.0	1.0
OTOP3	NA	1791	0	1	0	0	0	0	0	0	1.0	0.0	0.0	1.0
PIGW	NA	1515	1	0	1	0	0	0	0	0	1.0	0.0	0.0	1.0
POLR2A	NA	5913	1	0	0	0	0	0	1	0	1.0	0.0	0.0	1.0
RFNG	NA	996	0	1	0	0	0	0	0	0	1.0	0.0	0.0	1.0
SCN4A	NA	5511	1	0	0	0	0	0	1	0	1.0	0.0	0.0	1.0
SLC13A5	NA	1707	1	0	0	0	0	0	1	0	1.0	0.0	0.0	1.0
SLC35B1	NA	1080	1	0	0	0	0	0	1	0	1.0	0.0	0.0	1.0
SLC52A1	NA	1347	1	0	0	0	0	1	0	0	1.0	0.0	0.0	1.0
SMG8	NA	2976	1	0	0	0	0	0	1	0	1.0	0.0	0.0	1.0
SMYD4	NA	2415	0	1	0	0	0	0	0	0	1.0	0.0	0.0	1.0
ST6GALNAC1	NA	1803	1	0	0	0	0	0	1	0	1.0	0.0	0.0	1.0
SUPT6H	NA	5181	1	0	0	0	0	0	1	0	1.0	0.0	0.0	1.0
TANC2	NA	5973	1	0	0	0	0	0	1	0	1.0	0.0	0.0	1.0
TBX2	NA	2139	1	0	0	0	0	0	1	0	1.0	0.0	0.0	1.0
TEKT1	NA	1257	1	0	0	0	0	0	1	0	1.0	0.0	0.0	1.0
TMEM105	NA	390	1	0	0	0	0	0	1	0	1.0	0.0	0.0	1.0
TTLL6	NA	2676	1	1	0	0	0	0	1	0	1.0	0.0	0.0	1.0
USP32	NA	4815	1	0	0	0	0	0	1	0	1.0	0.0	0.0	1.0
WNT9B	NA	1074	1	0	0	0	0	0	1	0	1.0	0.0	0.0	1.0
ZACN	NA	1239	1	0	0	0	0	0	1	0	1.0	0.0	0.0	1.0
ZNF287	NA	2286	1	0	0	0	0	0	1	0	1.0	0.0	0.0	1.0
ZZEF1	NA	8886	0	1	0	0	0	0	0	0	1.0	0.0	0.0	1.0
ALDH1L1	NA	2739	2	0	0	0	0	0	2	0	1.0	0.0	0.0	-0.0
ALS2CL	NA	2862	1	0	0	0	1	0	0	0	1.0	0.0	0.0	1.0
ARL13B	NA	1287	1	0	0	0	0	0	1	0	1.0	0.0	0.0	1.0
BOC	NA	3345	0	1	0	0	0	0	0	0	1.0	0.0	0.0	1.0
CACNA1D	NA	6546	1	1	0	0	0	0	1	0	1.0	0.0	0.0	1.0
CACNA2D3	NA	3276	2	0	0	0	0	0	2	0	1.0	0.0	0.0	1.0
CELSR3	NA	9939	1	0	0	0	0	0	1	0	1.0	0.0	0.0	1.0
COL6A6	NA	6792	0	1	0	0	0	0	0	0	1.0	0.0	0.0	1.0
DLEC1	NA	5337	1	0	0	0	0	0	1	0	1.0	0.0	0.0	1.0
DNAH1	NA	12798	1	0	0	0	0	0	1	0	1.0	0.0	0.0	1.0
DPPA2	NA	897	1	0	0	0	0	0	1	0	1.0	0.0	0.0	1.0
FAM107A	NA	435	1	0	0	0	0	0	1	0	1.0	0.0	0.0	1.0
GPR128	NA	2394	2	0	0	0	0	0	2	0	1.0	0.0	0.0	1.0
HEMK1	NA	1017	0	1	0	0	0	0	0	0	1.0	0.0	0.0	1.0
IP6K1	NA	1326	1	0	0	0	0	0	1	0	1.0	0.0	0.0	1.0
ITIH1	NA	2736	1	0	0	0	1	0	0	0	1.0	0.0	0.0	1.0
ITIH3	NA	2673	0	1	0	0	0	0	0	0	1.0	0.0	0.0	1.0
KBTBD12	NA	1872	1	0	0	0	0	0	1	0	1.0	0.0	0.0	1.0
KIAA2018	NA	6738	1	0	0	0	0	0	1	0	1.0	0.0	0.0	1.0
KIF15	NA	4167	1	0	0	0	1	0	0	0	1.0	0.0	0.0	1.0
LAMB2	NA	5397	0	1	0	0	0	0	0	0	1.0	0.0	0.0	1.0
LRRN1	NA	2151	1	0	0	0	0	0	1	0	1.0	0.0	0.0	1.0
MYH15	NA	5841	1	0	0	0	0	0	1	0	1.0	0.0	0.0	1.0
NBEAL2	NA	8265	1	1	0	0	0	0	1	0	1.0	0.0	0.0	1.0
NISCH	NA	4515	0	2	0	0	0	0	0	0	1.0	0.0	0.0	1.0
NKTR	NA	4389	1	0	0	0	0	0	1	0	1.0	0.0	0.0	1.0
OR5H6	NA	978	1	0	0	0	0	0	1	0	1.0	0.0	0.0	1.0
P2RY1	NA	1122	1	0	0	1	0	0	0	0	1.0	0.0	0.0	1.0
P4HTM	NA	1692	1	0	0	0	0	0	1	0	1.0	1.0	0.0	1.0
PHC3	NA	2988	1	0	0	0	0	0	1	0	1.0	0.0	0.0	1.0
PIK3CB	NA	3213	0	1	0	0	0	0	0	0	1.0	0.0	0.0	1.0
PLCH1	NA	5082	1	0	0	0	0	0	1	0	1.0	0.0	0.0	1.0
PPM1M	NA	1380	1	0	0	0	0	0	1	0	1.0	0.0	0.0	1.0
RNF168	NA	1716	1	0	0	0	0	0	1	0	1.0	0.0	0.0	1.0
ROBO2	NA	4078	1	0	0	0	0	0	1	0	1.0	0.0	0.0	1.0
RTP4	NA	741	1	0	0	0	0	0	1	0	1.0	0.0	0.0	1.0
SCN10A	NA	5871	1	0	0	0	0	0	1	0	1.0	0.0	0.0	1.0
SCN5A	NA	6051	0	1	0	0	0	0	0	0	1.0	0.0	0.0	1.0
SETD2	NA	7695	3	0	0	0	0	0	3	0	1.0	0.0	0.0	0.579380164285695
SLC12A8	NA	2145	1	0	0	0	0	0	1	0	1.0	0.0	0.0	1.0
SMC4	NA	3867	1	0	0	0	0	0	1	0	1.0	0.0	0.0	1.0
TATDN2	NA	2286	1	1	0	0	0	0	1	0	1.0	0.0	0.0	1.0
TP63	NA	2043	1	0	0	0	0	0	1	0	1.0	0.0	0.0	1.0
TRIM71	NA	2607	0	1	0	0	0	0	0	0	1.0	0.0	0.0	1.0
UBA7	NA	3039	0	1	0	0	0	0	0	0	1.0	0.0	0.0	1.0
VHL	NA	642	2	0	0	0	0	0	2	0	1.0	0.0	1.0	1.0
VPS8	NA	4287	1	0	1	0	0	0	0	0	1.0	0.0	0.0	1.0
YEATS2	NA	4269	1	0	0	0	0	0	1	0	1.0	0.0	0.0	1.0
ZNF35	NA	1584	1	0	0	0	0	0	1	0	1.0	0.0	0.0	1.0
ZNF385D	NA	1188	1	1	0	0	0	0	1	0	1.0	0.0	0.0	1.0
ZPLD1	NA	1296	1	0	1	0	0	0	0	0	1.0	0.0	0.0	1.0
ABCC10	NA	4479	1	0	0	0	0	0	1	0	1.0	0.0	0.0	1.0
ABHD16A	NA	1677	1	0	0	0	0	0	1	0	1.0	0.0	0.0	1.0
AKAP12	NA	5349	0	1	0	0	0	0	0	0	1.0	0.0	0.0	1.0
C6orf211	NA	1326	0	1	0	0	0	0	0	0	1.0	0.0	0.0	1.0
C6orf58	NA	993	1	0	1	0	0	0	0	0	1.0	0.0	0.0	1.0
CAGE1	NA	2520	1	0	1	0	0	0	0	0	1.0	0.0	0.0	1.0
CDK19	NA	1509	1	0	1	0	0	0	0	0	1.0	0.0	0.0	1.0
COL11A2	NA	5211	1	0	0	0	0	0	1	0	1.0	0.0	0.0	1.0
COL12A1	NA	9192	0	1	0	0	0	0	0	0	1.0	0.0	0.0	1.0
DST	NA	15516	0	1	0	0	0	0	0	0	1.0	0.0	0.0	1.0
EDN1	NA	639	0	1	0	0	0	0	0	0	1.0	0.0	0.0	1.0
FIG4	NA	2724	0	1	0	0	0	0	0	0	1.0	0.0	0.0	1.0
GABBR1	NA	2886	1	0	0	0	0	0	1	0	1.0	0.0	0.0	1.0
GMPR	NA	1038	1	0	0	0	0	0	1	0	1.0	0.0	0.0	1.0
GPR126	NA	3753	0	1	0	0	0	0	0	0	1.0	0.0	0.0	1.0
HDAC2	NA	1467	1	0	0	0	0	0	1	0	1.0	0.0	0.0	1.0
HEBP2	NA	618	0	1	0	0	0	0	0	0	1.0	0.0	0.0	1.0
HECA	NA	1632	1	0	0	0	0	0	1	0	1.0	0.0	0.0	1.0
HIST1H2BC	NA	381	1	0	0	0	0	0	1	0	1.0	0.0	0.0	1.0
HIST1H4J	NA	312	0	2	0	0	0	0	0	0	1.0	0.0	0.0	1.0
ITPR3	NA	8016	1	0	0	0	0	0	1	0	1.0	0.0	0.0	1.0
GLTSCR1L	NA	3240	0	1	0	0	0	0	0	0	1.0	0.0	0.0	1.0
KLC4	NA	1914	1	0	0	0	0	0	1	0	1.0	0.0	0.0	1.0
KLHDC3	NA	1149	1	0	0	0	0	0	1	0	1.0	0.0	0.0	1.0
LACE1	NA	1446	1	0	0	0	0	0	1	0	1.0	0.0	0.0	1.0
LAMA4	NA	5472	0	1	0	0	0	0	0	0	1.0	0.0	0.0	1.0
LPA	NA	6123	0	1	0	0	0	0	0	0	1.0	0.0	0.0	1.0
MAP3K4	NA	4827	1	0	0	0	0	0	1	0	1.0	0.0	0.0	1.0
MAPK13	NA	1098	1	0	1	0	0	0	0	0	1.0	0.0	0.0	1.0
MDC1	NA	6270	1	1	0	0	0	0	1	0	1.0	0.0	0.0	1.0
MUC21	NA	1701	1	0	0	0	0	0	1	0	1.0	0.0	0.0	1.0
NOTCH4	NA	6012	1	0	0	0	0	0	1	0	1.0	0.0	0.0	1.0
OLIG3	NA	819	1	0	0	0	0	0	1	0	1.0	0.0	0.0	1.0
OR2J3	NA	936	1	0	0	0	0	0	1	0	1.0	0.0	0.0	1.0
PLEKHG1	NA	4158	0	1	0	0	0	0	0	0	1.0	0.0	0.0	1.0
PLG	NA	2433	1	0	0	0	0	0	1	0	1.0	0.0	0.0	1.0
POPDC3	NA	876	1	0	0	0	0	0	1	0	1.0	0.0	0.0	1.0
PPP1R10	NA	2823	1	0	0	0	0	0	1	0	1.0	0.0	0.0	1.0
PRPH2	NA	1041	1	0	0	0	0	0	1	0	1.0	0.0	0.0	1.0
PTCHD4	NA	2541	1	0	0	0	0	0	1	0	1.0	0.0	0.0	1.0
RBM24	NA	711	1	0	0	0	0	0	1	0	1.0	0.0	0.0	1.0
RFX6	NA	2787	0	1	0	0	0	0	0	0	1.0	0.0	0.0	1.0
RNF8	NA	1458	0	1	0	0	0	0	0	0	1.0	0.0	0.0	1.0
SCAF8	NA	3816	0	1	0	0	0	0	0	0	1.0	0.0	0.0	1.0
SERPINB9	NA	1131	1	0	0	0	0	0	1	0	1.0	0.0	0.0	1.0
SHPRH	NA	5052	1	0	0	0	0	0	1	0	1.0	0.0	0.0	1.0
SLC17A1	NA	1404	1	0	0	0	0	0	1	0	1.0	0.0	0.0	1.0
SLC22A2	NA	1668	0	1	0	0	0	0	0	0	1.0	0.0	0.0	1.0
SYNE1	NA	26394	0	1	0	0	0	0	0	0	1.0	0.0	0.0	1.0
TAB2	NA	2082	1	0	0	0	0	0	1	0	1.0	0.0	0.0	1.0
TCF19	NA	1038	1	0	0	0	0	0	1	0	1.0	0.0	0.0	1.0
TCP10	NA	981	0	1	0	0	0	0	0	0	1.0	0.0	0.0	1.0
THBS2	NA	3519	1	0	0	0	0	0	1	0	1.0	0.0	0.0	1.0
TNFAIP3	NA	2373	0	1	0	0	0	0	0	0	1.0	0.0	0.0	1.0
TUBE1	NA	1428	0	1	0	0	0	0	0	0	1.0	0.0	0.0	1.0
ZNF184	NA	2256	0	1	0	0	0	0	0	0	1.0	0.0	0.0	1.0
ZNF311	NA	2001	1	0	0	0	0	0	1	0	1.0	0.0	0.0	1.0
AAAS	NA	1641	1	0	0	0	0	0	1	0	1.0	0.0	0.0	1.0
ALDH2	NA	1554	0	1	0	0	0	0	0	0	1.0	0.0	0.0	1.0
APAF1	NA	3747	0	1	0	0	0	0	0	0	1.0	0.0	0.0	1.0
ARHGAP9	NA	2196	1	0	0	0	0	0	1	0	1.0	0.0	0.0	1.0
ARID2	NA	5508	1	0	0	0	0	0	1	0	1.0	0.0	0.0	1.0
ARL6IP4	NA	1266	1	0	0	0	0	0	1	0	1.0	0.0	0.0	1.0
ASUN	NA	2121	0	1	0	0	0	0	0	0	1.0	0.0	0.0	1.0
ATXN2	NA	3942	0	1	0	0	0	0	0	0	1.0	0.0	0.0	1.0
BAZ2A	NA	5718	1	0	0	0	0	0	1	0	1.0	0.0	0.0	1.0
BCL2L14	NA	984	1	0	0	0	1	0	0	0	1.0	0.0	0.0	1.0
C12orf45	NA	558	1	0	0	0	0	0	1	0	1.0	0.0	0.0	1.0
CCDC60	NA	1653	1	0	0	0	0	0	1	0	1.0	0.0	0.0	1.0
CCT2	NA	1608	1	0	0	0	0	0	1	0	1.0	0.0	0.0	1.0
CD163	NA	3471	1	0	0	0	0	0	1	0	1.0	0.0	0.0	1.0
CTDSP2	NA	816	1	0	0	0	0	0	1	0	1.0	0.0	0.0	1.0
DCN	NA	1080	1	0	0	0	0	0	1	0	1.0	0.0	0.0	1.0
DHX37	NA	3474	1	0	0	0	0	0	1	0	1.0	0.0	0.0	1.0
FGD6	NA	4293	1	0	0	0	0	0	1	0	1.0	0.0	0.0	1.0
FOXM1	NA	2406	1	0	0	0	0	0	1	0	1.0	0.0	0.0	1.0
GNB3	NA	1023	0	1	0	0	0	0	0	0	1.0	0.0	0.0	1.0
GPR162	NA	1767	0	1	0	0	0	0	0	0	1.0	0.0	0.0	1.0
GRIP1	NA	3231	1	0	0	0	0	0	1	0	1.0	0.0	0.0	1.0
HMGA2	NA	330	0	1	0	0	0	0	0	0	1.0	0.0	0.0	1.0
IPO8	NA	3114	0	1	0	0	0	0	0	0	1.0	0.0	0.0	1.0
IQSEC3	NA	3549	1	0	0	0	0	0	1	0	1.0	0.0	0.0	1.0
IRAK4	NA	1383	1	0	0	0	0	0	1	0	1.0	0.0	0.0	1.0
KCNA6	NA	1590	1	0	0	0	0	0	1	0	1.0	0.0	0.0	1.0
KCNH3	NA	3252	0	1	0	0	0	0	0	0	1.0	0.0	1.0	1.0
KDM5A	NA	5073	0	1	0	0	0	0	0	0	1.0	0.0	0.0	1.0
KLHL42	NA	1518	0	1	0	0	0	0	0	0	1.0	0.0	0.0	1.0
KLRD1	NA	540	1	0	1	0	0	0	0	0	1.0	0.0	0.0	1.0
KRT3	NA	1887	1	0	0	0	0	0	1	0	1.0	0.0	0.0	1.0
KRT74	NA	1590	0	1	0	0	0	0	0	0	1.0	0.0	0.0	1.0
LRP1	NA	13635	1	0	0	0	0	0	1	0	1.0	0.0	0.0	1.0
LRRIQ1	NA	5169	1	0	0	0	0	0	1	0	1.0	0.0	0.0	1.0
MED13L	NA	6633	1	1	0	0	0	0	1	0	1.0	0.0	0.0	1.0
MPHOSPH9	NA	3552	0	1	0	0	0	0	0	0	1.0	0.0	0.0	1.0
MYO1H	NA	3069	1	0	0	0	1	0	0	0	1.0	0.0	0.0	1.0
NCKAP1L	NA	3384	1	0	0	0	0	0	1	0	1.0	0.0	0.0	1.0
NR1H4	NA	1461	0	1	0	0	0	0	0	0	1.0	0.0	0.0	1.0
PFKM	NA	2556	1	0	0	0	0	0	1	0	1.0	0.0	0.0	1.0
POLR3B	NA	3402	1	0	0	0	0	0	1	0	1.0	0.0	0.0	1.0
PPFIA2	NA	3774	0	1	0	0	0	0	0	0	1.0	0.0	0.0	1.0
RNF10	NA	2436	1	0	1	0	0	0	0	0	1.0	0.0	0.0	1.0
RSRC2	NA	1305	1	0	1	0	0	0	0	0	1.0	0.0	0.0	1.0
SLCO1C1	NA	2193	0	1	0	0	0	0	0	0	1.0	0.0	0.0	1.0
SOX5	NA	2292	1	0	0	0	0	0	1	0	1.0	0.0	0.0	1.0
SSH1	NA	3150	1	0	0	0	0	0	1	0	1.0	0.0	0.0	1.0
STAC3	NA	1095	1	0	0	0	0	0	1	0	1.0	0.0	0.0	1.0
TM7SF3	NA	1713	1	0	0	0	0	0	1	0	1.0	0.0	0.0	1.0
TPCN1	NA	2667	1	0	0	0	0	0	1	0	1.0	0.0	0.0	1.0
TPI1	NA	861	1	0	0	0	0	0	1	0	1.0	0.0	0.0	1.0
TRHDE	NA	3075	3	0	0	0	0	0	3	3	0.0	0.0	0.0	-0.0
TXNRD1	NA	1950	0	1	0	0	0	0	0	0	1.0	0.0	0.0	1.0
VEZT	NA	2340	1	0	0	0	0	0	1	0	1.0	0.0	0.0	1.0
ABCA13	NA	15177	3	0	0	0	0	0	3	0	1.0	0.0	0.0	1.0
ABCB5	NA	3774	1	0	0	0	0	0	1	0	1.0	0.0	0.0	1.0
AKAP9	NA	11724	1	0	0	0	0	0	1	0	1.0	0.0	0.0	1.0
ASZ1	NA	1428	1	0	0	0	0	0	1	0	1.0	0.0	0.0	1.0
BRAF	NA	2301	1	0	0	0	0	0	1	0	1.0	0.0	0.0	1.0
CLCN1	NA	2967	1	0	0	0	0	0	1	0	1.0	0.0	0.0	1.0
CPA4	NA	1266	1	0	0	0	0	0	1	0	1.0	0.0	0.0	1.0
CPSF4	NA	810	0	1	0	0	0	0	0	0	1.0	0.0	0.0	1.0
CRHR2	NA	1317	1	0	0	0	0	0	1	0	1.0	0.0	0.0	1.0
DOCK4	NA	5901	1	0	1	0	0	0	0	0	1.0	0.0	0.0	1.0
DPP6	NA	2598	1	0	0	0	0	0	1	0	1.0	0.0	0.0	1.0
EIF2AK1	NA	1893	0	1	0	0	0	0	0	0	1.0	0.0	0.0	1.0
EIF3B	NA	2445	1	0	0	0	0	0	1	0	1.0	0.0	0.0	1.0
ETV1	NA	1434	1	0	0	0	0	0	1	0	1.0	0.0	0.0	1.0
FKBP9	NA	1713	3	0	0	0	0	0	3	3	0.0	0.0	0.0	-0.0
GLI3	NA	4743	0	1	0	0	0	0	0	0	1.0	0.0	0.0	1.0
GTF2I	NA	2997	1	0	0	0	0	0	1	0	1.0	0.0	0.0	1.0
GTPBP10	NA	1164	1	0	0	0	0	0	1	0	1.0	0.0	0.0	1.0
IGFBP3	NA	894	1	0	0	0	0	0	1	0	1.0	0.0	0.0	1.0
ING3	NA	1257	0	1	0	0	0	0	0	0	1.0	0.0	0.0	1.0
KBTBD2	NA	1872	1	0	0	0	0	0	1	0	1.0	0.0	0.0	1.0
KCND2	NA	1893	1	0	0	0	0	0	1	0	1.0	0.0	0.0	1.0
KLHL7	NA	1761	1	0	0	0	0	0	1	0	1.0	0.0	0.0	1.0
MAGI2	NA	4368	1	0	0	0	0	0	1	0	1.0	0.0	0.0	1.0
MGAM	NA	5574	1	0	1	0	0	0	0	0	1.0	0.0	0.0	1.0
KMT2C	NA	14736	2	0	0	0	0	0	2	0	1.0	0.0	0.0	1.0
MUC17	NA	13482	1	0	0	0	0	0	1	0	1.0	0.0	0.0	1.0
NT5C3A	NA	1011	1	0	0	0	0	0	1	0	1.0	0.0	0.0	1.0
PAXIP1	NA	3210	1	0	0	0	0	0	1	0	1.0	0.0	0.0	1.0
PCLO	NA	15429	1	0	0	0	0	0	1	0	1.0	0.0	0.0	1.0
POLD2	NA	1515	0	1	0	0	0	0	0	0	1.0	0.0	0.0	1.0
RBM33	NA	3513	0	1	0	0	0	0	0	0	1.0	0.0	0.0	1.0
REPIN1	NA	1875	1	0	0	0	0	1	0	0	1.0	0.0	0.0	1.0
RP9	NA	666	1	0	0	0	0	0	1	0	1.0	0.0	0.0	1.0
SLC26A3	NA	2295	1	0	0	0	0	0	1	0	1.0	0.0	0.0	1.0
SLC4A2	NA	3726	0	1	0	0	0	0	0	0	1.0	0.0	0.0	1.0
SUN1	NA	2358	1	0	0	0	0	0	1	0	1.0	0.0	0.0	1.0
TAS2R3	NA	951	0	1	0	0	0	0	0	0	1.0	0.0	0.0	1.0
TAS2R60	NA	957	1	0	0	0	0	0	1	0	1.0	0.0	0.0	1.0
TFR2	NA	2406	1	0	0	0	0	0	1	0	1.0	0.0	0.0	1.0
TRBV7-1	NA	347	0	1	0	0	0	0	0	0	1.0	0.0	0.0	1.0
TRGV3	NA	354	1	0	0	0	1	0	0	0	1.0	0.0	0.0	1.0
TSPAN13	NA	615	1	0	0	0	0	0	1	0	1.0	0.0	0.0	1.0
UBE3C	NA	3252	0	1	0	0	0	0	0	0	1.0	0.0	0.0	1.0
ZAN	NA	8438	1	0	0	0	0	0	1	0	1.0	0.0	0.0	1.0
ZKSCAN1	NA	1692	1	0	0	0	0	0	1	0	1.0	0.0	0.0	1.0
ZKSCAN5	NA	2520	1	0	0	0	0	0	1	0	1.0	0.0	0.0	1.0
ZNF777	NA	2496	1	0	0	0	0	0	1	0	1.0	0.0	0.0	1.0
ZNHIT1	NA	465	1	0	0	0	0	0	1	0	1.0	0.0	0.0	1.0
ACOT12	NA	1668	0	2	0	0	0	0	0	0	1.0	0.0	0.0	1.0
ACSL6	NA	2169	0	1	0	0	0	0	0	0	1.0	0.0	0.0	1.0
ADAMTS12	NA	4785	1	0	0	0	0	0	1	0	1.0	0.0	0.0	1.0
ADCY2	NA	3276	0	1	0	0	0	0	0	0	1.0	0.0	0.0	1.0
AFAP1L1	NA	2307	1	0	0	0	0	0	1	0	1.0	0.0	0.0	1.0
AFF4	NA	3492	1	0	0	0	0	0	1	0	1.0	0.0	0.0	1.0
AGXT2	NA	1545	1	0	0	0	0	0	1	0	1.0	0.0	0.0	1.0
AHRR	NA	2160	1	0	0	0	0	0	1	0	1.0	0.0	0.0	1.0
ALDH7A1	NA	1620	0	1	0	0	0	0	0	0	1.0	0.0	0.0	1.0
ANKHD1	NA	7629	0	2	0	0	0	0	0	0	1.0	0.0	0.0	1.0
APC	NA	8532	1	0	0	0	0	0	1	0	1.0	0.0	0.0	1.0
ARAP3	NA	4635	1	0	1	0	0	0	0	0	1.0	0.0	0.0	1.0
CD180	NA	1986	1	0	0	0	0	0	1	0	1.0	0.0	0.0	1.0
CDC20B	NA	1560	1	0	0	0	0	0	1	0	1.0	0.0	0.0	1.0
CMYA5	NA	12210	1	0	0	0	0	0	1	0	1.0	0.0	0.0	1.0
DOCK2	NA	5493	1	0	1	0	0	0	0	0	1.0	0.0	0.0	1.0
ERAP2	NA	2883	0	1	0	0	0	0	0	0	1.0	0.0	0.0	1.0
ERCC8	NA	1191	1	0	0	0	0	1	0	0	1.0	0.0	0.0	1.0
GPR98	NA	18921	2	0	0	0	0	0	2	0	1.0	0.0	0.0	1.0
H2AFY	NA	1119	1	0	0	0	0	0	1	0	1.0	0.0	0.0	1.0
HCN1	NA	2673	1	0	0	0	0	0	1	0	1.0	0.0	0.0	1.0
IQGAP2	NA	4728	1	0	0	0	0	0	1	0	1.0	0.0	0.0	1.0
KIAA0141	NA	1548	0	1	0	0	0	0	0	0	1.0	0.0	0.0	1.0
KIF20A	NA	2673	1	0	0	0	0	0	1	0	1.0	0.0	0.0	1.0
LSM11	NA	1083	1	0	0	0	0	0	1	0	1.0	0.0	0.0	1.0
MAML1	NA	3051	0	1	0	0	0	0	0	0	1.0	0.0	0.0	1.0
MAP1B	NA	7407	0	1	0	0	0	0	0	0	1.0	0.0	0.0	1.0
MAST4	NA	7872	1	0	0	0	0	0	1	0	1.0	0.0	0.0	1.0
MATR3	NA	2544	1	0	0	0	0	0	1	0	1.0	0.0	0.0	1.0
MXD3	NA	621	1	0	0	0	0	0	1	0	1.0	0.0	0.0	1.0
NSUN2	NA	2304	1	0	0	0	0	0	1	0	1.0	0.0	0.0	1.0
P4HA2	NA	1608	1	0	0	0	0	0	1	0	1.0	0.0	0.0	1.0
PAIP1	NA	1440	1	0	0	0	0	0	1	0	1.0	0.0	0.0	1.0
PCDHA10	NA	2847	1	0	0	0	0	0	1	0	1.0	0.0	0.0	1.0
PCDHB4	NA	2388	1	0	0	0	0	0	1	0	1.0	0.0	0.0	1.0
PCDHGA4	NA	2889	1	0	0	0	0	0	1	0	1.0	0.0	0.0	1.0
PCDHGA6	NA	2799	0	1	0	0	0	0	0	0	1.0	0.0	0.0	1.0
PDE4D	NA	2430	1	0	0	0	0	0	1	0	1.0	0.0	0.0	1.0
PLEKHG4B	NA	3816	1	0	0	0	0	0	1	0	1.0	0.0	0.0	1.0
RAD50	NA	3939	0	1	0	0	0	0	0	0	1.0	0.0	0.0	1.0
RGS14	NA	1701	1	0	0	0	0	0	1	0	1.0	0.0	0.0	1.0
RUFY1	NA	2127	0	1	0	0	0	0	0	0	1.0	0.0	0.0	1.0
SCGB3A2	NA	282	1	0	0	0	0	0	1	0	1.0	0.0	0.0	1.0
SDHA	NA	1995	1	0	0	0	0	0	1	0	1.0	0.0	0.0	1.0
SIMC1	NA	1374	0	1	0	0	0	0	0	0	1.0	0.0	0.0	1.0
SKIV2L2	NA	3129	1	0	0	0	0	0	1	0	1.0	0.0	0.0	1.0
SLC1A3	NA	1629	1	0	0	0	0	0	1	0	1.0	0.0	0.0	1.0
SLC22A5	NA	1674	1	0	0	0	0	0	1	0	1.0	0.0	0.0	1.0
SLC30A5	NA	2298	1	0	0	0	0	0	1	0	1.0	0.0	0.0	1.0
SLC35A4	NA	975	1	0	1	0	0	0	0	0	1.0	0.0	0.0	1.0
SLC36A2	NA	1452	1	0	0	0	0	0	1	0	1.0	0.0	0.0	1.0
SLC9A3	NA	2505	1	0	0	0	0	0	1	0	1.0	0.0	0.0	1.0
TAF9	NA	795	0	1	0	0	0	0	0	0	1.0	0.0	0.0	1.0
TRIM7	NA	1536	0	1	0	0	0	0	0	0	1.0	0.0	0.0	1.0
TRIO	NA	9294	1	0	0	0	0	0	1	0	1.0	0.0	0.0	1.0
UGT3A2	NA	1572	0	1	0	0	0	0	0	0	1.0	0.0	0.0	1.0
ZFP2	NA	1386	1	0	0	0	0	0	1	0	1.0	0.0	0.0	1.0
ZNF608	NA	4539	1	0	0	0	0	0	1	0	1.0	0.0	0.0	1.0
AKAP5	NA	1284	1	0	0	0	0	0	1	0	1.0	0.0	0.0	1.0
ARHGEF40	NA	4560	0	1	0	0	0	0	0	0	1.0	0.0	0.0	1.0
BATF	NA	378	1	0	0	0	0	0	1	0	1.0	0.0	0.0	1.0
BCL11B	NA	2685	0	1	0	0	0	0	0	0	1.0	0.0	0.0	1.0
C14orf28	NA	933	1	0	0	0	0	0	1	0	1.0	0.0	0.0	1.0
CCDC88C	NA	6087	1	0	0	0	0	0	1	0	1.0	0.0	0.0	1.0
DCAF11	NA	1641	1	0	0	0	0	0	1	0	1.0	0.0	0.0	1.0
EML5	NA	5934	1	0	0	0	0	0	1	0	1.0	0.0	0.0	1.0
FLRT2	NA	1983	1	0	0	0	0	0	1	0	1.0	0.0	0.0	1.0
GPR132	NA	1143	1	0	0	0	0	0	1	0	1.0	0.0	0.0	1.0
GPR135	NA	1485	1	0	0	0	0	0	1	0	1.0	0.0	0.0	1.0
HECTD1	NA	7833	1	0	0	0	0	0	1	0	1.0	0.0	0.0	1.0
IGHD	NA	1292	0	1	0	0	0	0	0	0	1.0	0.0	0.0	1.0
IGHG4	NA	984	1	0	0	1	0	0	0	0	1.0	0.0	0.0	1.0
IGHV1-45	NA	351	1	0	0	0	0	0	1	0	1.0	0.0	0.0	1.0
IRF9	NA	1182	1	0	0	0	0	0	1	0	1.0	0.0	0.0	1.0
KCNH5	NA	2967	2	0	1	0	0	0	1	0	1.0	0.0	0.0	1.0
LTBP2	NA	5466	2	0	1	0	0	0	1	0	1.0	0.0	0.0	1.0
MMP14	NA	1749	1	0	0	0	0	0	1	0	1.0	0.0	0.0	1.0
NRXN3	NA	3186	1	0	0	0	0	0	1	0	1.0	0.0	0.0	1.0
OR4K2	NA	945	1	0	0	0	0	0	1	0	1.0	0.0	0.0	1.0
POLE2	NA	1584	1	0	0	0	0	0	1	0	1.0	0.0	0.0	1.0
PRKD1	NA	2739	0	1	0	0	0	0	0	0	1.0	0.0	0.0	1.0
RPS6KA5	NA	2409	1	0	0	0	0	0	1	0	1.0	0.0	0.0	1.0
SERPINA10	NA	1335	1	0	0	0	0	0	1	0	1.0	0.0	0.0	1.0
SIX4	NA	2346	2	0	0	0	0	0	2	0	1.0	0.0	0.0	-0.0
SLC38A6	NA	1566	1	0	0	0	0	0	1	0	1.0	0.0	0.0	1.0
SPTB	NA	6987	0	3	0	0	0	0	0	0	1.0	0.0	0.0	1.0
STON2	NA	2763	1	0	0	0	0	0	1	0	1.0	0.0	0.0	1.0
SYNE2	NA	20724	1	0	0	0	0	0	1	0	1.0	0.0	0.0	1.0
TDRD9	NA	4149	1	0	0	0	0	0	1	0	1.0	0.0	0.0	1.0
TRAV8-2	NA	341	1	0	0	0	0	0	1	0	1.0	0.0	0.0	1.0
TRIP11	NA	5940	1	0	0	0	0	0	1	0	1.0	0.0	0.0	1.0
UNC79	NA	7377	2	0	0	0	0	0	2	0	1.0	0.0	0.0	1.0
WDR20	NA	1803	1	0	0	0	0	0	1	0	1.0	0.0	0.0	1.0
ACSM3	NA	1761	1	0	0	0	0	0	1	0	1.0	0.0	0.0	1.0
ADAT1	NA	1509	1	0	0	0	0	0	1	0	1.0	0.0	0.0	1.0
ATP6V0C	NA	468	0	1	0	0	0	0	0	0	1.0	0.0	0.0	1.0
BCAR1	NA	2751	1	0	0	0	0	0	1	0	1.0	0.0	0.0	1.0
BRD7	NA	1959	1	0	0	0	0	0	1	0	1.0	0.0	0.0	1.0
C16orf71	NA	1563	1	0	0	0	0	0	1	0	1.0	0.0	0.0	1.0
CACNA1H	NA	7062	1	0	0	0	0	0	1	0	1.0	0.0	0.0	1.0
CDH15	NA	2445	0	1	0	0	0	0	0	0	1.0	0.0	0.0	1.0
CDH16	NA	2490	0	1	0	0	0	0	0	0	1.0	0.0	0.0	1.0
CDT1	NA	1641	1	0	0	0	0	0	1	0	1.0	0.0	0.0	1.0
CDYL2	NA	1521	0	1	0	0	0	0	0	0	1.0	0.0	0.0	1.0
CNTNAP4	NA	3926	1	0	0	0	0	0	1	0	1.0	0.0	0.0	1.0
COG7	NA	2313	1	1	0	0	0	0	1	0	1.0	0.0	0.0	1.0
CORO7	NA	2778	0	2	0	0	0	0	0	0	1.0	0.0	0.0	1.0
CPNE2	NA	1647	0	1	0	0	0	0	0	0	1.0	0.0	0.0	1.0
CRAMP1L	NA	3810	1	0	0	0	0	0	1	0	1.0	0.0	0.0	1.0
DNAH3	NA	12351	1	0	0	0	0	0	1	0	1.0	0.0	0.0	1.0
DNASE1	NA	849	1	0	0	0	0	0	1	0	1.0	0.0	0.0	1.0
DPEP1	NA	1236	1	0	0	0	0	0	1	0	1.0	0.0	0.0	1.0
GP2	NA	1614	1	0	0	0	0	0	1	0	1.0	0.0	0.0	1.0
HYDIN	NA	15366	1	0	0	0	0	0	1	0	1.0	0.0	0.0	1.0
IL34	NA	729	1	0	0	0	0	0	1	0	1.0	0.0	0.0	1.0
IL4R	NA	2478	0	1	0	0	0	0	0	0	1.0	0.0	0.0	1.0
IRX6	NA	1341	1	0	0	0	0	0	1	0	1.0	0.0	0.0	1.0
KCTD5	NA	705	0	1	0	0	0	0	0	0	1.0	0.0	0.0	1.0
KIAA0556	NA	4857	1	0	0	0	0	0	1	0	1.0	0.0	0.0	1.0
MEFV	NA	2346	1	0	0	0	0	0	1	0	1.0	0.0	0.0	1.0
MSLNL	NA	3162	0	1	0	0	0	0	0	0	1.0	0.0	0.0	1.0
NOMO1	NA	3669	1	0	0	0	0	0	1	0	1.0	0.0	0.0	1.0
PHLPP2	NA	3972	1	0	0	0	0	0	1	0	1.0	0.0	0.0	1.0
PKD1L2	NA	7379	0	1	0	0	0	0	0	0	1.0	0.0	0.0	1.0
RLTPR	NA	4308	1	0	0	0	0	0	1	0	1.0	0.0	0.0	1.0
RNF166	NA	714	1	0	0	0	0	0	1	0	1.0	0.0	0.0	1.0
SALL1	NA	3975	1	0	0	0	0	0	1	0	1.0	0.0	0.0	1.0
SCNN1B	NA	1923	1	0	0	0	0	0	1	0	1.0	0.0	0.0	1.0
SDR42E1	NA	1182	1	0	0	0	0	0	1	0	1.0	0.0	0.0	1.0
SEC14L5	NA	2091	1	0	0	0	0	0	1	0	1.0	0.0	0.0	1.0
SRRM2	NA	8259	0	2	0	0	0	0	0	0	1.0	0.0	0.0	1.0
ZFHX3	NA	11112	1	0	0	0	0	0	1	0	1.0	0.0	0.0	1.0
ZNF319	NA	1749	0	1	0	0	0	0	0	0	1.0	0.0	0.0	1.0
ZNF629	NA	2610	1	0	0	0	0	0	1	0	1.0	0.0	0.0	1.0
ADAMTSL1	NA	5289	1	0	0	0	0	0	1	0	1.0	0.0	0.0	1.0
ARID3C	NA	1239	1	0	0	0	0	0	1	0	1.0	0.0	0.0	1.0
BARHL1	NA	984	0	1	0	0	0	0	0	0	1.0	0.0	0.0	1.0
C5	NA	5031	1	0	0	0	0	0	1	0	1.0	0.0	0.0	1.0
TMEM261	NA	339	1	0	0	0	0	0	1	0	1.0	0.0	0.0	1.0
C9orf3	NA	2460	1	0	0	0	0	0	1	0	1.0	0.0	0.0	1.0
C9orf84	NA	4335	1	0	0	0	0	0	1	0	1.0	0.0	0.0	1.0
DOCK8	NA	6300	0	1	0	0	0	0	0	0	1.0	0.0	0.0	1.0
FAM221B	NA	1209	1	0	0	0	0	0	1	0	1.0	0.0	0.0	1.0
FAM73B	NA	1782	1	0	0	0	0	0	1	0	1.0	0.0	0.0	1.0
FANCC	NA	1677	1	0	1	0	0	0	0	0	1.0	0.0	0.0	1.0
FCN1	NA	981	1	0	0	0	1	0	0	0	1.0	0.0	0.0	1.0
FOCAD	NA	5406	0	1	0	0	0	0	0	0	1.0	0.0	0.0	1.0
GRIN1	NA	2832	1	0	0	0	0	0	1	0	1.0	0.0	0.0	1.0
IPPK	NA	1476	1	0	0	0	0	0	1	0	1.0	0.0	0.0	1.0
JAK2	NA	3399	1	0	0	0	0	0	1	0	1.0	0.0	0.0	1.0
KCNT1	NA	3708	0	1	0	0	0	0	0	0	1.0	0.0	0.0	1.0
LMX1B	NA	1221	1	0	0	0	0	0	1	0	1.0	0.0	0.0	1.0
MAN1B1	NA	2100	0	1	0	0	0	0	0	0	1.0	0.0	0.0	1.0
MPDZ	NA	6126	0	2	0	0	0	0	0	0	1.0	0.0	0.0	1.0
MRPS2	NA	891	1	0	0	0	0	0	1	0	1.0	0.0	0.0	1.0
PIGO	NA	3270	0	1	0	0	0	0	0	0	1.0	0.0	0.0	1.0
PPP1R26	NA	3630	0	1	0	0	0	0	0	0	1.0	0.0	0.0	1.0
PPP3R2	NA	522	0	1	0	0	0	0	0	0	1.0	0.0	0.0	1.0
PPP6C	NA	1029	1	0	0	0	0	0	1	0	1.0	0.0	0.0	1.0
PRUNE2	NA	9267	2	0	0	0	0	0	2	0	1.0	0.0	0.0	1.0
PTGS1	NA	1800	2	0	0	0	0	0	2	0	1.0	0.0	0.0	1.0
PTPN3	NA	2742	0	1	0	0	0	0	0	0	1.0	0.0	0.0	1.0
PTPRD	NA	5739	1	0	0	0	1	0	0	0	1.0	0.0	0.0	1.0
RFX3	NA	2250	1	0	0	0	0	0	1	0	1.0	0.0	0.0	1.0
SHB	NA	1530	1	0	0	0	0	0	1	0	1.0	0.0	0.0	1.0
SLC44A1	NA	1974	1	0	0	0	0	0	1	0	1.0	0.0	0.0	1.0
SPATA6L	NA	1005	1	0	0	0	0	0	1	0	1.0	0.0	0.0	1.0
SVEP1	NA	10716	1	0	0	0	0	0	1	0	1.0	0.0	0.0	1.0
TAF1L	NA	5481	0	1	0	0	0	0	0	0	1.0	0.0	0.0	1.0
TBC1D2	NA	2787	2	0	0	0	0	0	2	0	1.0	0.0	0.0	-0.0
TDRD7	NA	3297	0	1	0	0	0	0	0	0	1.0	0.0	0.0	1.0
TEK	NA	3375	0	1	0	0	0	0	0	0	1.0	0.0	0.0	1.0
TJP2	NA	3666	0	1	0	0	0	0	0	0	1.0	0.0	0.0	1.0
TLE1	NA	2313	0	1	0	0	0	0	0	0	1.0	0.0	0.0	1.0
TRAF2	NA	1506	1	0	0	0	0	0	1	0	1.0	0.0	0.0	1.0
ZNF462	NA	7521	1	0	0	0	0	0	1	0	1.0	0.0	0.0	1.0
ZNF79	NA	1497	0	1	0	0	0	0	0	0	1.0	0.0	0.0	1.0
ACRC	NA	2076	1	0	0	0	0	0	1	0	1.0	0.0	0.0	1.0
AIFM1	NA	1842	0	1	0	0	0	0	0	0	1.0	0.0	0.0	1.0
AMOT	NA	3255	1	0	0	0	0	0	1	0	1.0	0.0	0.0	1.0
ASB9	NA	885	1	0	0	0	0	0	1	0	1.0	0.0	0.0	1.0
ATP1B4	NA	1074	1	0	0	0	0	0	1	0	1.0	0.0	0.0	1.0
ATRX	NA	7479	1	0	0	0	0	0	1	0	1.0	3.0	0.0	0.4056390622295664
BCOR	NA	5268	2	0	0	0	0	0	2	0	1.0	0.0	0.0	1.0
CDKL5	NA	3093	0	1	0	0	0	0	0	0	1.0	0.0	0.0	1.0
COL4A5	NA	5063	1	0	0	0	0	0	1	0	1.0	0.0	0.0	1.0
CUL4B	NA	2742	0	1	0	0	0	0	0	0	1.0	0.0	0.0	1.0
CXorf22	NA	2931	1	0	0	0	0	0	1	0	1.0	0.0	0.0	1.0
DCAF12L1	NA	1392	0	1	0	0	0	0	0	0	1.0	0.0	0.0	1.0
ESX1	NA	1221	0	1	0	0	0	0	0	0	1.0	0.0	0.0	1.0
F8	NA	7056	1	0	0	0	0	0	1	0	1.0	0.0	0.0	1.0
AMER1	NA	3408	0	1	0	0	0	0	0	0	1.0	0.0	0.0	1.0
FAM127C	NA	342	0	1	0	0	0	0	0	0	1.0	0.0	0.0	1.0
FAM46D	NA	1170	1	0	0	0	0	0	1	0	1.0	0.0	0.0	1.0
FGF16	NA	351	1	0	0	0	0	0	1	0	1.0	0.0	0.0	1.0
FRMPD4	NA	3969	0	1	0	0	0	0	0	0	1.0	0.0	0.0	1.0
HUWE1	NA	13125	1	0	0	0	0	0	1	0	1.0	0.0	0.0	1.0
IGSF1	NA	4026	1	0	0	0	0	0	1	0	1.0	0.0	0.0	1.0
IL13RA1	NA	1284	1	0	0	0	0	0	1	0	1.0	0.0	0.0	1.0
KAL1	NA	2043	0	1	0	0	0	0	0	0	1.0	0.0	0.0	1.0
KDM5C	NA	4683	1	0	0	0	0	0	1	0	1.0	0.0	0.0	1.0
LONRF3	NA	2280	1	0	0	0	0	0	1	0	1.0	0.0	0.0	1.0
MAGEA12	NA	945	0	1	0	0	0	0	0	0	1.0	0.0	0.0	1.0
MAGEA6	NA	945	0	1	0	0	0	0	0	0	1.0	0.0	0.0	1.0
MAGEC1	NA	3429	2	0	0	0	0	0	2	0	1.0	0.0	0.0	1.0
MCF2	NA	3006	0	1	0	0	0	0	0	0	1.0	0.0	0.0	1.0
MSN	NA	1734	1	0	0	0	0	0	1	0	1.0	0.0	0.0	1.0
MXRA5	NA	8487	0	1	0	0	0	0	0	0	1.0	0.0	0.0	1.0
NAP1L2	NA	1383	0	1	0	0	0	0	0	0	1.0	0.0	0.0	1.0
NKAP	NA	1248	1	0	0	0	0	0	1	0	1.0	0.0	0.0	1.0
NXF3	NA	1596	1	0	0	0	0	0	1	0	1.0	0.0	0.0	1.0
PIM2	NA	936	0	1	0	0	0	0	0	0	1.0	0.0	0.0	1.0
PLP1	NA	834	1	0	0	0	0	0	1	0	1.0	0.0	0.0	1.0
PLXNA3	NA	5616	1	0	0	0	0	0	1	0	1.0	0.0	0.0	1.0
PQBP1	NA	798	1	0	0	0	0	0	1	0	1.0	0.0	0.0	1.0
PRPS2	NA	966	1	0	1	0	0	0	0	0	1.0	0.0	0.0	1.0
RPGR	NA	3459	1	0	0	0	0	0	1	0	1.0	0.0	0.0	1.0
SLC9A7	NA	2181	1	0	0	0	0	0	1	0	1.0	0.0	0.0	1.0
SLITRK4	NA	2514	1	0	0	0	0	0	1	0	1.0	0.0	0.0	1.0
SSX3	NA	567	1	0	0	0	0	0	1	0	1.0	0.0	0.0	1.0
SSX5	NA	690	0	1	0	0	0	0	0	0	1.0	0.0	0.0	1.0
TAB3	NA	2139	0	1	0	0	0	0	0	0	1.0	0.0	0.0	1.0
TAF1	NA	5682	1	0	0	0	0	0	1	0	1.0	0.0	0.0	1.0
TENM1	NA	8199	1	0	0	0	0	0	1	0	1.0	0.0	0.0	1.0
TKTL1	NA	1791	0	1	0	0	0	0	0	0	1.0	0.0	0.0	1.0
TRMT2B	NA	1515	1	0	0	0	0	0	1	0	1.0	0.0	0.0	1.0
USP9X	NA	7713	3	0	1	0	2	0	0	0	1.0	1.0	0.0	-0.0
VSIG4	NA	1200	0	1	0	0	0	0	0	0	1.0	0.0	0.0	1.0
ZNF182	NA	1920	1	0	0	0	0	0	1	0	1.0	0.0	0.0	1.0
ZNF185	NA	2166	0	1	0	0	0	0	0	0	1.0	0.0	0.0	1.0
ADO	NA	813	1	0	0	0	0	0	1	0	1.0	0.0	0.0	1.0
ARHGAP22	NA	2145	1	0	0	0	0	0	1	0	1.0	0.0	0.0	1.0
BAG3	NA	1728	1	0	0	0	0	0	1	0	1.0	0.0	0.0	1.0
BICC1	NA	2925	1	0	0	0	0	0	1	0	1.0	0.0	0.0	1.0
C10orf90	NA	2100	1	0	0	0	0	0	1	0	1.0	0.0	0.0	1.0
CHST15	NA	1686	1	0	0	0	0	0	1	0	1.0	0.0	0.0	1.0
DDX21	NA	2352	1	0	0	0	0	0	1	0	1.0	0.0	0.0	1.0
DHTKD1	NA	2760	1	0	0	0	0	0	1	0	1.0	0.0	0.0	1.0
DLG5	NA	5760	1	0	0	0	0	0	1	0	1.0	0.0	0.0	1.0
DMBT1	NA	7242	2	0	0	0	0	0	2	0	1.0	0.0	0.0	1.0
DNTT	NA	1530	1	0	0	0	0	0	1	0	1.0	0.0	0.0	1.0
ECD	NA	2034	1	0	0	0	0	0	1	0	1.0	0.0	0.0	1.0
FAM175B	NA	1248	0	1	0	0	0	0	0	0	1.0	0.0	0.0	1.0
FAM53B	NA	1269	1	0	0	0	0	0	1	0	1.0	0.0	0.0	1.0
FGFR2	NA	2469	1	0	0	0	0	0	1	0	1.0	0.0	0.0	1.0
FRMD4A	NA	3120	0	1	0	0	0	0	0	0	1.0	0.0	0.0	1.0
HABP2	NA	1683	1	0	0	0	0	0	1	0	1.0	0.0	0.0	1.0
INPP5F	NA	3399	1	0	0	0	0	0	1	0	1.0	0.0	0.0	1.0
JMJD1C	NA	7623	1	0	0	0	0	0	1	0	1.0	0.0	0.0	1.0
KIAA1217	NA	5832	1	0	0	0	0	0	1	0	1.0	0.0	0.0	1.0
LARP4B	NA	2217	1	0	0	0	0	0	1	0	1.0	0.0	0.0	1.0
LIPJ	NA	1101	1	0	0	0	0	0	1	0	1.0	0.0	0.0	1.0
NUTM2A	NA	2637	0	1	0	0	0	0	0	0	1.0	0.0	0.0	1.0
PARD3	NA	4071	1	0	0	0	0	0	1	0	1.0	0.0	0.0	1.0
PNLIPRP2	NA	1412	1	0	0	0	0	0	1	0	1.0	0.0	0.0	1.0
PTCHD3	NA	2304	0	1	0	0	0	0	0	0	1.0	0.0	0.0	1.0
RBP3	NA	3744	0	1	0	0	0	0	0	0	1.0	0.0	0.0	1.0
RET	NA	3345	3	0	0	0	0	0	3	0	1.0	0.0	0.0	1.0
SORBS1	NA	3879	2	0	0	0	0	0	2	0	1.0	0.0	0.0	1.0
STOX1	NA	2970	1	0	0	0	0	0	1	0	1.0	0.0	0.0	1.0
SVIL	NA	6645	1	0	0	0	0	0	1	0	1.0	0.0	0.0	1.0
ZEB1	NA	3378	1	1	0	0	0	0	1	0	1.0	0.0	0.0	1.0
ZNF503	NA	1941	1	0	0	0	0	0	1	0	1.0	0.0	0.0	1.0
ADAMTS3	NA	3618	1	0	1	0	0	0	0	0	1.0	0.0	0.0	1.0
ADH6	NA	1128	2	0	0	0	0	0	2	0	1.0	0.0	0.0	-0.0
ANKRD17	NA	7812	1	0	0	0	0	0	1	0	1.0	0.0	0.0	1.0
ARHGAP10	NA	2361	1	1	0	0	0	0	1	0	1.0	0.0	0.0	1.0
BBS7	NA	2148	0	1	0	0	0	0	0	0	1.0	0.0	0.0	1.0
BOD1L1	NA	9156	2	0	1	0	0	0	1	0	1.0	0.0	0.0	1.0
CASP3	NA	834	1	0	0	0	0	0	1	0	1.0	0.0	0.0	1.0
CCNI	NA	1134	1	0	0	0	0	0	1	0	1.0	0.0	0.0	1.0
CHRNA9	NA	1440	1	0	0	0	0	0	1	0	1.0	0.0	0.0	1.0
EGF	NA	3624	1	0	0	0	1	0	0	0	1.0	0.0	0.0	1.0
EVC	NA	2979	0	1	0	0	0	0	0	0	1.0	0.0	0.0	1.0
FAT1	NA	13767	1	0	0	0	0	0	1	0	1.0	0.0	0.0	1.0
FAT4	NA	14946	1	0	0	0	0	0	1	0	1.0	0.0	0.0	1.0
FBXO8	NA	960	1	0	0	0	0	0	1	0	1.0	0.0	0.0	1.0
FGF5	NA	807	1	0	0	0	0	0	1	0	1.0	0.0	0.0	1.0
GABRA2	NA	1356	1	0	0	0	0	0	1	0	1.0	0.0	0.0	1.0
GABRA4	NA	1665	2	0	0	0	0	0	2	0	1.0	0.0	0.0	-0.0
GAK	NA	3936	1	0	1	0	0	0	0	0	1.0	0.0	0.0	1.0
HS3ST1	NA	924	1	0	0	0	0	0	1	0	1.0	0.0	0.0	1.0
HTT	NA	9429	1	0	0	0	0	0	1	0	1.0	0.0	0.0	1.0
IL21	NA	489	1	0	0	0	0	0	1	0	1.0	0.0	0.0	1.0
LETM1	NA	2220	1	0	0	0	0	0	1	0	1.0	0.0	0.0	1.0
NAF1	NA	1485	0	1	0	0	0	0	0	0	1.0	0.0	0.0	1.0
NOA1	NA	2097	0	1	0	0	0	0	0	0	1.0	0.0	0.0	1.0
NPY1R	NA	1155	1	0	0	0	0	0	1	0	1.0	0.0	0.0	1.0
ODAM	NA	840	1	0	0	0	0	0	1	0	1.0	0.0	0.0	1.0
OTOP1	NA	1839	1	0	0	0	0	0	1	0	1.0	0.0	0.0	1.0
JADE1	NA	2529	1	0	0	0	0	0	1	0	1.0	0.0	0.0	1.0
PPARGC1A	NA	2397	0	1	0	0	0	0	0	0	1.0	0.0	0.0	1.0
PROM1	NA	2598	0	1	0	0	0	0	0	0	1.0	0.0	0.0	1.0
RBM47	NA	1782	0	1	0	0	0	0	0	0	1.0	0.0	0.0	1.0
SH3TC1	NA	4011	1	0	0	0	0	0	1	0	1.0	0.0	0.0	1.0
SHROOM3	NA	5991	1	0	0	0	0	0	1	0	1.0	0.0	0.0	1.0
TACC3	NA	2517	0	1	0	0	0	0	0	0	1.0	0.0	0.0	1.0
TADA2B	NA	1263	1	0	0	0	0	0	1	0	1.0	0.0	0.0	1.0
TMPRSS11D	NA	1257	1	0	0	0	0	0	1	0	1.0	0.0	0.0	1.0
UGT2B4	NA	1587	0	1	0	0	0	0	0	0	1.0	0.0	0.0	1.0
YTHDC1	NA	2184	0	1	0	0	0	0	0	0	1.0	0.0	0.0	1.0
ARHGAP39	NA	3345	1	0	0	0	0	0	1	0	1.0	0.0	0.0	1.0
ASPH	NA	2277	1	0	0	0	0	0	1	0	1.0	0.0	0.0	1.0
CA2	NA	783	1	0	0	0	0	0	1	0	1.0	0.0	0.0	1.0
CNGB3	NA	2430	1	0	0	0	0	0	1	0	1.0	0.0	0.0	1.0
CSGALNACT1	NA	1599	1	0	0	0	0	0	1	0	1.0	0.0	0.0	1.0
FAM167A	NA	645	1	0	1	0	0	0	0	0	1.0	0.0	0.0	1.0
FAM83A	NA	1305	1	0	0	0	0	0	1	0	1.0	0.0	0.0	1.0
FBXO32	NA	1068	1	0	0	0	0	0	1	0	1.0	0.0	0.0	1.0
FGFR1	NA	2562	2	0	0	0	0	0	2	0	1.0	0.0	0.0	-0.0
KAT6A	NA	6015	0	1	0	0	0	0	0	0	1.0	0.0	0.0	1.0
KIF13B	NA	5481	1	0	0	0	0	0	1	0	1.0	0.0	0.0	1.0
LPL	NA	1428	0	1	0	0	0	0	0	0	1.0	0.0	0.0	1.0
MATN2	NA	2871	1	0	0	0	0	0	1	0	1.0	0.0	0.0	1.0
MED30	NA	537	1	0	0	0	0	0	1	0	1.0	0.0	0.0	1.0
MICU3	NA	1593	0	1	0	0	0	0	0	0	1.0	0.0	0.0	1.0
MYOM2	NA	4398	0	1	0	0	0	0	0	0	1.0	0.0	0.0	1.0
PDE7A	NA	1449	0	1	0	0	0	0	0	0	1.0	0.0	0.0	1.0
PKHD1L1	NA	12732	0	1	0	0	0	0	0	0	1.0	0.0	0.0	1.0
PREX2	NA	4821	2	0	0	0	1	0	1	0	1.0	0.0	0.0	1.0
RAD54B	NA	2733	1	0	0	0	0	0	1	0	1.0	0.0	0.0	1.0
RBM12B	NA	3006	1	0	0	0	0	0	1	0	1.0	0.0	0.0	1.0
RMDN1	NA	945	1	0	0	0	0	0	1	0	1.0	0.0	0.0	1.0
RP1	NA	6471	0	1	0	0	0	0	0	0	1.0	0.0	0.0	1.0
RP1L1	NA	7203	1	0	0	0	0	0	1	0	1.0	0.0	0.0	1.0
RUNX1T1	NA	1992	1	0	0	0	0	0	1	0	1.0	0.0	0.0	1.0
TOP1MT	NA	1806	1	0	0	0	0	0	1	0	1.0	0.0	0.0	1.0
TRHR	NA	1197	0	1	0	0	0	0	0	0	1.0	0.0	0.0	1.0
VPS13B	NA	12069	0	1	0	0	0	0	0	0	1.0	0.0	0.0	1.0
ALDH1A3	NA	1539	1	0	0	0	0	0	1	0	1.0	0.0	0.0	1.0
ANPEP	NA	2904	0	1	0	0	0	0	0	0	1.0	0.0	0.0	1.0
ARNT2	NA	2154	1	0	0	0	0	0	1	0	1.0	0.0	0.0	1.0
NUTM1	NA	3483	0	1	0	0	0	0	0	0	1.0	0.0	0.0	1.0
CA12	NA	1065	1	0	0	0	0	0	1	0	1.0	0.0	0.0	1.0
CCNDBP1	NA	1083	0	1	0	0	0	0	0	0	1.0	0.0	0.0	1.0
CGNL1	NA	3909	1	0	0	0	0	0	1	0	1.0	0.0	0.0	1.0
DENND4A	NA	5721	1	0	0	0	0	0	1	0	1.0	0.0	0.0	1.0
FANCI	NA	3987	1	0	0	0	0	0	1	0	1.0	0.0	0.0	1.0
FEM1B	NA	1884	1	0	0	0	1	0	0	0	1.0	0.0	0.0	1.0
GCHFR	NA	255	1	0	0	0	0	0	1	0	1.0	0.0	0.0	1.0
IGDCC4	NA	3753	1	0	0	0	0	0	1	0	1.0	0.0	0.0	1.0
IGF1R	NA	4104	1	0	0	0	0	0	1	0	1.0	0.0	0.0	1.0
IL16	NA	3999	0	1	0	0	0	0	0	0	1.0	0.0	0.0	1.0
MAPK6	NA	2166	1	0	0	0	0	0	1	0	1.0	0.0	0.0	1.0
MTMR10	NA	2334	0	1	0	0	0	0	0	0	1.0	0.0	0.0	1.0
MYO5C	NA	5229	1	0	0	0	0	0	1	0	1.0	0.0	0.0	1.0
OCA2	NA	2517	1	0	0	0	0	0	1	0	1.0	0.0	0.0	1.0
ONECUT1	NA	1398	1	0	0	0	0	0	1	0	1.0	0.0	0.0	1.0
OR4F6	NA	939	1	0	1	0	0	0	0	0	1.0	0.0	0.0	1.0
PRTG	NA	3453	0	2	0	0	0	0	0	0	1.0	0.0	1.0	1.0
SEMA6D	NA	3222	1	0	0	0	0	0	1	0	1.0	0.0	0.0	1.0
SQRDL	NA	1353	1	0	0	0	0	0	1	0	1.0	0.0	0.0	1.0
VPS13C	NA	11262	1	0	0	0	0	0	1	0	1.0	0.0	0.0	1.0
BCAS1	NA	1755	0	1	0	0	0	0	0	0	1.0	0.0	0.0	1.0
BPIFA1	NA	771	1	0	0	0	0	0	1	0	1.0	0.0	0.0	1.0
C20orf85	NA	414	1	0	0	0	0	0	1	0	1.0	0.0	0.0	1.0
C20orf96	NA	1092	0	1	0	0	0	0	0	0	1.0	0.0	0.0	1.0
CENPB	NA	1800	1	0	0	0	0	0	1	0	1.0	0.0	0.0	1.0
CPXM1	NA	2205	1	0	0	0	0	0	1	0	1.0	0.0	0.0	1.0
CSTF1	NA	1296	1	0	0	0	0	0	1	0	1.0	0.0	0.0	1.0
EMILIN3	NA	2301	0	1	0	0	0	0	0	0	1.0	0.0	0.0	1.0
FAM83D	NA	1848	1	0	0	0	0	0	1	0	1.0	0.0	0.0	1.0
FASTKD5	NA	2295	1	0	0	0	0	0	1	0	1.0	0.0	0.0	1.0
FOXA2	NA	1392	1	0	0	0	0	0	1	0	1.0	0.0	0.0	1.0
GGT7	NA	1989	1	0	0	0	0	0	1	0	1.0	0.0	0.0	1.0
KCNB1	NA	2577	1	0	0	0	0	0	1	0	1.0	0.0	0.0	1.0
LAMA5	NA	11088	0	1	0	0	0	0	0	0	1.0	0.0	0.0	1.0
MACROD2	NA	1278	1	0	0	0	0	0	1	0	1.0	0.0	0.0	1.0
MATN4	NA	1746	0	1	0	0	0	0	0	0	1.0	0.0	0.0	1.0
MC3R	NA	972	1	0	0	0	0	0	1	0	1.0	0.0	0.0	1.0
NAPB	NA	897	1	0	0	0	0	0	1	0	1.0	0.0	0.0	1.0
NINL	NA	4149	1	0	0	0	0	0	1	0	1.0	0.0	0.0	1.0
PAX1	NA	1605	1	2	0	0	0	0	1	0	1.0	0.0	0.0	1.0
PCED1A	NA	1365	1	0	0	0	0	0	1	0	1.0	0.0	0.0	1.0
PCK1	NA	1869	1	0	0	0	0	0	1	0	1.0	0.0	0.0	1.0
PCMTD2	NA	1086	1	0	0	0	0	0	1	0	1.0	0.0	0.0	1.0
PI3	NA	354	1	0	0	0	1	0	0	0	1.0	0.0	0.0	1.0
PLCB1	NA	3651	1	0	0	0	0	0	1	0	1.0	0.0	0.0	1.0
PYGB	NA	2532	1	0	0	0	0	0	1	0	1.0	0.0	0.0	1.0
SEMG2	NA	1749	1	0	0	0	0	0	1	0	1.0	0.0	0.0	1.0
SLC2A10	NA	1626	0	1	0	0	0	0	0	0	1.0	0.0	0.0	1.0
SLC9A8	NA	1794	1	0	0	0	0	0	1	0	1.0	0.0	0.0	1.0
SPAG4	NA	1314	0	1	0	0	0	0	0	0	1.0	0.0	0.0	1.0
TCEA2	NA	900	1	0	0	0	0	0	1	0	1.0	0.0	0.0	1.0
TM9SF4	NA	1929	1	0	1	0	0	0	0	0	1.0	0.0	0.0	1.0
APOL2	NA	1014	2	0	0	0	0	0	2	0	1.0	0.0	0.0	-0.0
BCR	NA	3816	1	0	0	0	0	0	1	0	1.0	0.0	0.0	1.0
BRD1	NA	3177	1	0	0	0	0	0	1	0	1.0	0.0	0.0	1.0
CLTCL1	NA	4923	1	0	0	0	0	0	1	0	1.0	0.0	0.0	1.0
CRELD2	NA	1209	1	0	0	0	0	0	1	0	1.0	0.0	0.0	1.0
ELFN2	NA	2463	1	0	0	0	0	0	1	0	1.0	0.0	0.0	1.0
H1F0	NA	585	1	0	0	0	0	0	1	0	1.0	0.0	0.0	1.0
HIC2	NA	1848	1	0	0	0	0	0	1	0	1.0	0.0	0.0	1.0
JOSD1	NA	609	1	0	0	0	0	0	1	0	1.0	0.0	0.0	1.0
MN1	NA	3963	1	0	0	0	0	0	1	0	1.0	0.0	0.0	1.0
PRAME	NA	1530	1	0	0	0	0	0	1	0	1.0	0.0	0.0	1.0
PVALB	NA	333	1	0	0	0	0	0	1	0	1.0	0.0	0.0	1.0
RBFOX2	NA	1356	1	0	0	0	0	0	1	0	1.0	0.0	0.0	1.0
RGL4	NA	1422	1	0	0	0	0	0	1	0	1.0	0.0	0.0	1.0
SCO2	NA	801	1	0	0	0	0	0	1	0	1.0	0.0	0.0	1.0
SCUBE1	NA	2967	0	1	0	0	0	0	0	0	1.0	0.0	0.0	1.0
SGSM1	NA	3447	0	2	0	0	0	0	0	0	1.0	0.0	0.0	1.0
SREBF2	NA	3426	0	1	0	0	0	0	0	0	1.0	0.0	0.0	1.0
TUBA8	NA	1350	1	0	0	0	0	0	1	0	1.0	0.0	0.0	1.0
ZC3H7B	NA	2934	1	0	0	0	0	0	1	0	1.0	0.0	0.0	1.0
ZNF70	NA	1341	0	1	0	0	0	0	0	0	1.0	0.0	0.0	1.0
ATP12A	NA	3138	1	0	0	0	0	0	1	0	1.0	0.0	0.0	1.0
DOCK9	NA	6206	1	0	0	0	0	0	1	0	1.0	0.0	0.0	1.0
AMER2	NA	2016	1	0	0	0	0	0	1	0	1.0	0.0	0.0	1.0
FLT1	NA	4017	1	0	1	0	0	0	0	0	1.0	0.0	0.0	1.0
GPC5	NA	1719	0	1	0	0	0	0	0	0	1.0	0.0	0.0	1.0
KL	NA	3039	0	1	0	0	0	0	0	0	1.0	0.0	0.0	1.0
METTL21C	NA	795	1	0	0	0	0	0	1	0	1.0	0.0	0.0	1.0
MTUS2	NA	4140	1	0	0	0	0	0	1	0	1.0	0.0	0.0	1.0
NBEA	NA	8841	1	0	0	0	0	0	1	0	1.0	0.0	0.0	1.0
PCID2	NA	1362	1	0	0	0	0	0	1	0	1.0	0.0	0.0	1.0
RCBTB2	NA	1656	1	0	0	0	0	0	1	0	1.0	0.0	0.0	1.0
SACS	NA	13740	1	0	0	0	0	0	1	0	1.0	0.0	0.0	1.0
SERTM1	NA	324	0	1	0	0	0	0	0	0	1.0	0.0	0.0	1.0
SHISA2	NA	888	1	0	0	0	0	0	1	0	1.0	0.0	0.0	1.0
SLITRK1	NA	2091	1	0	0	0	0	0	1	0	1.0	0.0	0.0	1.0
SPATA13	NA	3834	0	1	0	0	0	0	0	0	1.0	0.0	0.0	1.0
STOML3	NA	876	1	0	0	0	0	0	1	0	1.0	0.0	0.0	1.0
TGDS	NA	1053	3	0	0	0	0	0	3	3	0.0	0.0	0.0	-0.0
THSD1	NA	2559	1	0	0	0	0	0	1	0	1.0	0.0	0.0	1.0
TMCO3	NA	2034	1	0	0	0	0	0	1	0	1.0	0.0	0.0	1.0
ANKRD30B	NA	4179	1	0	0	0	0	0	1	0	1.0	0.0	0.0	1.0
ATP9B	NA	3444	1	0	0	0	0	0	1	0	1.0	0.0	0.0	1.0
CDH20	NA	2406	1	0	0	0	0	0	1	0	1.0	0.0	0.0	1.0
DSC1	NA	2685	1	0	0	0	0	0	1	0	1.0	0.0	0.0	1.0
LAMA3	NA	10002	2	0	0	0	1	0	1	0	1.0	0.0	0.0	1.0
MYOM1	NA	5058	1	0	0	0	0	0	1	0	1.0	0.0	0.0	1.0
SEH1L	NA	1266	1	0	0	0	0	0	1	0	1.0	0.0	0.0	1.0
SERPINB2	NA	1248	0	1	0	0	0	0	0	0	1.0	0.0	0.0	1.0
THOC1	NA	1974	1	0	0	0	0	0	1	0	1.0	0.0	0.0	1.0
CSTB	NA	297	1	0	0	0	0	0	1	0	1.0	0.0	0.0	1.0
CXADR	NA	1098	1	0	0	0	0	0	1	0	1.0	0.0	0.0	1.0
GRIK1	NA	2757	1	0	0	0	0	0	1	0	1.0	0.0	0.0	1.0
KRTAP10-8	NA	780	1	0	0	0	0	0	1	0	1.0	0.0	0.0	1.0
KRTAP12-3	NA	291	0	1	0	0	0	0	0	0	1.0	0.0	0.0	1.0
KRTAP6-2	NA	189	0	1	0	0	0	0	0	0	1.0	0.0	0.0	1.0
LCA5L	NA	2013	0	1	0	0	0	0	0	0	1.0	0.0	0.0	1.0
LSS	NA	2199	1	0	0	0	0	0	1	0	1.0	0.0	0.0	1.0
MORC3	NA	2820	1	0	0	0	0	0	1	0	1.0	0.0	0.0	1.0
SIK1	NA	2352	0	1	0	0	0	0	0	0	1.0	0.0	0.0	1.0
