gene	Total Mutations	Unmapped to Ref Tx	num recurrent	position entropy	mean vest score	entropy p-value	vest p-value	combined p-value	entropy BH q-value	vest BH q-value	combined BH q-value
HRAS	7	0	5	0.4092232318950599	0.8497142857142856	0.0	0.00096	1.8683042628933708e-07	0.0	0.49968	0.0001944904737671999
EPAS1	5	0	3	0.5904362833084088	0.8764	0.00314	2e-05	1.1042319159460572e-06	1.0	0.02082	0.0005747527122499228
TRHDE	3	0	3	0.0	0.38599999999999995	0.00097	0.65121	0.005285300762798417	0.504885	1.0	1.0
AKAP5	1	0	0	1.0	0.982	1.0	0.00352	0.02340551589858991	1.0	0.8138394930272485	1.0
FKBP9	3	0	3	0.0	0.146	0.0042	0.89413	0.024727356840430918	1.0	1.0	1.0
C9orf3	1	0	0	1.0	0.978	1.0	0.00457	0.02919426627852743	1.0	0.8138394930272485	1.0
GABRA4	2	0	0	1.0	0.9490000000000001	1.0	0.00477	0.0302676008063706	1.0	0.8138394930272485	1.0
HOXD11	1	0	0	1.0	0.948	1.0	0.00502	0.031597513233298076	1.0	0.8138394930272485	1.0
TGDS	3	0	3	0.0	0.293	0.00788	0.64802	0.03205419098508207	1.0	1.0	1.0
GABBR1	1	0	0	1.0	0.95	1.0	0.00562	0.03473960071673015	1.0	0.8138394930272485	1.0
SALL1	1	0	0	1.0	0.992	1.0	0.0084	0.048547998014316106	1.0	0.8138394930272485	1.0
SPTA1	2	0	0	1.0	0.643	1.0	0.00889	0.050875942959866714	1.0	0.8138394930272485	1.0
ADH6	2	0	0	1.0	0.595	1.0	0.00921	0.05238155659846442	1.0	0.8138394930272485	1.0
CLCN1	1	0	0	1.0	0.963	1.0	0.0098	0.055128654354395	1.0	0.8138394930272485	1.0
ATRX	1	0	0	1.0	0.925	1.0	0.010876422092188554	0.060050444230698316	1.0	0.8138394930272485	1.0
SIGLEC6	1	0	0	1.0	0.848	1.0	0.011428179605270676	0.06253126268230931	1.0	0.8138394930272485	1.0
DENND4A	1	0	0	1.0	0.935	1.0	0.011962867260024882	0.0649098935511988	1.0	0.8138394930272485	1.0
TENM1	1	0	0	1.0	0.978	1.0	0.012225088326263157	0.06606761719085931	1.0	0.8138394930272485	1.0
MSN	1	0	0	1.0	0.9570000000000001	1.0	0.013239596986667726	0.07049480568256726	1.0	0.8138394930272485	1.0
FGFR2	1	0	0	1.0	0.993	1.0	0.013706328211735359	0.0725050732539069	1.0	0.8138394930272485	1.0
SHB	1	0	0	1.0	0.85	1.0	0.016037977931742366	0.08231966494412937	1.0	0.8138394930272485	1.0
P4HA2	1	0	0	1.0	0.983	1.0	0.016116295186062626	0.08264314324945281	1.0	0.8138394930272485	1.0
SEMG2	1	0	0	1.0	0.48700000000000004	1.0	0.017641662550278738	0.0888697336808028	1.0	0.8138394930272485	1.0
CDC20B	1	0	0	1.0	0.973	1.0	0.01862474856589436	0.09281203930986717	1.0	0.8138394930272485	1.0
IRAK4	1	0	0	1.0	0.9790000000000001	1.0	0.020218358269308533	0.09909349498773291	1.0	0.8138394930272485	1.0
CHD3	1	0	0	1.0	0.953	1.0	0.02107481559536354	0.10241678661867094	1.0	0.8138394930272485	1.0
FADD	1	0	0	1.0	0.8109999999999999	1.0	0.021603871413757345	0.10445218519343624	1.0	0.8138394930272485	1.0
LYST	1	0	0	1.0	0.599	1.0	0.022218272307145397	0.10679968565027331	1.0	0.8138394930272485	1.0
RET	3	0	0	1.0	0.9036666666666666	1.0	0.022496175650139477	0.10785588849373257	1.0	0.8138394930272485	1.0
CFH	1	0	0	1.0	0.8909999999999999	1.0	0.02286132321338759	0.10923846049427008	1.0	0.8138394930272485	1.0
CCDC86	1	0	0	1.0	0.778	1.0	0.02291108209040713	0.1094264107819864	1.0	0.8138394930272485	1.0
NAPB	1	0	0	1.0	0.9390000000000001	1.0	0.023278009264647688	0.11080905450458049	1.0	0.8138394930272485	1.0
ZNF324	1	0	0	1.0	0.57	1.0	0.02425418384671356	0.11445952332570478	1.0	0.8138394930272485	1.0
LGALS9B	1	0	0	1.0	0.7240000000000001	1.0	0.024405720700932297	0.11502264165585509	1.0	0.8138394930272485	1.0
UNC79	2	0	0	1.0	0.886	1.0	0.025749304768771242	0.1199749627023354	1.0	0.8138394930272485	1.0
MYH14	1	0	0	1.0	0.8340000000000001	1.0	0.02735529051318525	0.12580275006592498	1.0	0.8138394930272485	1.0
RNF166	1	0	0	1.0	0.7829999999999999	1.0	0.02820794900002821	0.12885818344545955	1.0	0.8138394930272485	1.0
RP9	1	0	0	1.0	0.7040000000000001	1.0	0.029180040852057193	0.13231019363543964	1.0	0.8138394930272485	1.0
NEB	1	0	0	1.0	0.887	1.0	0.029263724686878146	0.13260583504885204	1.0	0.8138394930272485	1.0
SOX5	1	0	0	1.0	0.963	1.0	0.029951777638002816	0.13502760363792488	1.0	0.8138394930272485	1.0
CNTN2	1	0	0	1.0	0.9	1.0	0.030216044719746184	0.13595353417648848	1.0	0.8138394930272485	1.0
TEKT1	1	0	0	1.0	0.95	1.0	0.030489664003902676	0.13690979748525073	1.0	0.8138394930272485	1.0
OSBPL6	1	0	0	1.0	0.9840000000000001	1.0	0.032183316168898045	0.14277507376766585	1.0	0.8375708032955715	1.0
NAGK	2	0	0	1.0	0.754	1.0	0.03353116721993093	0.14737886557013447	1.0	0.8513645140475146	1.0
STON2	1	0	0	1.0	0.977	1.0	0.03529577862487646	0.15332457672918878	1.0	0.8514647893544817	1.0
HECA	1	0	0	1.0	0.9179999999999999	1.0	0.035575794229606175	0.15425983883300773	1.0	0.8514647893544817	1.0
DCAF11	1	0	0	1.0	0.95	1.0	0.03801847697981219	0.1623268448891561	1.0	0.8514647893544817	1.0
USP34	1	0	0	1.0	0.976	1.0	0.0382687229727144	0.16314424817220013	1.0	0.8514647893544817	1.0
RAD51AP2	1	0	0	1.0	0.5920000000000001	1.0	0.03850745119180561	0.16392250448476486	1.0	0.8514647893544817	1.0
GPR135	1	0	0	1.0	0.7879999999999999	1.0	0.03858917959404183	0.16418859933652155	1.0	0.8514647893544817	1.0
ZNF417	1	0	0	1.0	0.387	1.0	0.041711854509051474	0.17422916116563397	1.0	0.8514647893544817	1.0
BRAF	1	0	0	1.0	0.9740000000000001	1.0	0.042195873243596776	0.17576407667657115	1.0	0.8514647893544817	1.0
ABCB5	1	0	0	1.0	0.8240000000000001	1.0	0.043101590448687555	0.17862141205946355	1.0	0.8514647893544817	1.0
HYDIN	1	0	0	1.0	0.779	1.0	0.04375601645226219	0.1806741120471044	1.0	0.8514647893544817	1.0
EIF3B	1	0	0	1.0	0.9490000000000001	1.0	0.04432820603750166	0.1824608404364682	1.0	0.8514647893544817	1.0
LGALS9C	1	0	0	1.0	0.7020000000000001	1.0	0.04779886238707519	0.19314341758049383	1.0	0.8514647893544817	1.0
CCDC88C	1	0	0	1.0	0.569	1.0	0.04886391399951136	0.1963701983847723	1.0	0.8514647893544817	1.0
HCN1	1	0	0	1.0	0.9259999999999999	1.0	0.050007501125168774	0.19980908447781504	1.0	0.8514647893544817	1.0
DCN	1	0	0	1.0	0.9670000000000001	1.0	0.05036514731805591	0.20087916719129756	1.0	0.8514647893544817	1.0
CHD5	1	0	0	1.0	0.8420000000000001	1.0	0.050717654815641326	0.2019313895513582	1.0	0.8514647893544817	1.0
HDAC2	1	0	0	1.0	0.9420000000000001	1.0	0.05285132921092966	0.20824863465723942	1.0	0.8514647893544817	1.0
PCK1	1	0	0	1.0	0.951	1.0	0.053154733429011856	0.2091398564943919	1.0	0.8514647893544817	1.0
ZNF503	1	0	0	1.0	0.887	1.0	0.05383869925702595	0.21114260543522217	1.0	0.8514647893544817	1.0
ZACN	1	0	0	1.0	0.6940000000000001	1.0	0.05395780499649274	0.21149047249852557	1.0	0.8514647893544817	1.0
CDT1	1	0	0	1.0	0.821	1.0	0.054150647100232846	0.2120531410333966	1.0	0.8514647893544817	1.0
POPDC3	1	0	0	1.0	0.9540000000000001	1.0	0.05435964340073929	0.21266216838865395	1.0	0.8514647893544817	1.0
ZDBF2	1	0	0	1.0	0.617	1.0	0.056296796712267075	0.21826930373347683	1.0	0.8514647893544817	1.0
PLG	1	0	0	1.0	0.8690000000000001	1.0	0.05641112427370677	0.21859812156775804	1.0	0.8514647893544817	1.0
ZNF311	1	0	0	1.0	0.436	1.0	0.05677946854417443	0.21965594412295636	1.0	0.8514647893544817	1.0
HIST1H2BC	1	0	0	1.0	0.9890000000000001	1.0	0.05716899153898925	0.2207719891122041	1.0	0.8514647893544817	1.0
MLLT1	1	0	0	1.0	0.774	1.0	0.05764020981036371	0.2221185582940914	1.0	0.8514647893544817	1.0
SVEP1	1	0	0	1.0	0.76	1.0	0.05863039399624766	0.22493562664067968	1.0	0.8514647893544817	1.0
ST6GALNAC1	1	0	0	1.0	0.884	1.0	0.059530896535301824	0.22748302367564202	1.0	0.8514647893544817	1.0
CDK5RAP3	1	0	0	1.0	0.9359999999999999	1.0	0.06280618012812461	0.2366349579617124	1.0	0.8514647893544817	1.0
BICC1	1	0	0	1.0	0.938	1.0	0.06400819304871024	0.23995034163923476	1.0	0.8514647893544817	1.0
LRP1	1	0	0	1.0	0.976	1.0	0.06403278478581033	0.2400179333102202	1.0	0.8514647893544817	1.0
SCO2	1	0	0	1.0	0.853	1.0	0.0660414740457007	0.24550735303666052	1.0	0.8514647893544817	1.0
CD37	1	0	0	1.0	0.917	1.0	0.06674676278200507	0.2474202029452469	1.0	0.8514647893544817	1.0
SEMA6D	1	0	0	1.0	0.955	1.0	0.0675995403231258	0.24972311876631506	1.0	0.8514647893544817	1.0
ZNF471	1	0	0	1.0	0.684	1.0	0.06869075422448138	0.2526542568138526	1.0	0.8514647893544817	1.0
ITPR3	1	0	0	1.0	0.77	1.0	0.06913716814159292	0.25384836861516996	1.0	0.8514647893544817	1.0
ERCC8	1	0	0	1.0	0.9279999999999999	1.0	0.06926646810279144	0.2541936936792738	1.0	0.8514647893544817	1.0
PCSK7	1	0	0	1.0	0.9129999999999999	1.0	0.0697350069735007	0.2554430150049843	1.0	0.8514647893544817	1.0
MMP14	1	0	0	1.0	0.965	1.0	0.07157683773530886	0.2603237959106971	1.0	0.8514647893544817	1.0
TRMT1L	1	0	0	1.0	0.955	1.0	0.07345379756133393	0.2652489110493433	1.0	0.8514647893544817	1.0
IGFBP3	1	0	0	1.0	0.688	1.0	0.07453230975627935	0.26805713345817506	1.0	0.8514647893544817	1.0
SUPT6H	1	0	0	1.0	0.887	1.0	0.0745489786789921	0.26810041282820524	1.0	0.8514647893544817	1.0
ETV1	1	0	0	1.0	0.925	1.0	0.07552299675251115	0.27062291944397093	1.0	0.8514647893544817	1.0
PRAME	1	0	0	1.0	0.621	1.0	0.07554581853894388	0.27068187192956356	1.0	0.8514647893544817	1.0
ZNF613	1	0	0	1.0	0.607	1.0	0.0755629439322956	0.2707261051526271	1.0	0.8514647893544817	1.0
TRAV8-2	1	0	0	1.0	0.418	1.0	0.07651694850409366	0.27318410081987127	1.0	0.8514647893544817	1.0
C10orf90	1	0	0	1.0	0.581	1.0	0.0771188401326444	0.27472874747950543	1.0	0.8514647893544817	1.0
MMP27	1	0	0	1.0	0.925	1.0	0.0778089013383131	0.27649388743025294	1.0	0.8514647893544817	1.0
ARNT2	1	0	0	1.0	0.9009999999999999	1.0	0.07807010695604653	0.27716043788344114	1.0	0.8514647893544817	1.0
NOMO1	1	0	0	1.0	0.8029999999999999	1.0	0.0794912559618442	0.2807717210868278	1.0	0.8514647893544817	1.0
BCAR1	1	0	0	1.0	0.7440000000000001	1.0	0.07978299026647519	0.28150988924545095	1.0	0.8514647893544817	1.0
PCED1A	1	0	0	1.0	0.893	1.0	0.08095199546668826	0.2844571317537987	1.0	0.8514647893544817	1.0
MYO5C	1	0	0	1.0	0.861	1.0	0.08133387555917039	0.28541624039594593	1.0	0.8514647893544817	1.0
MAGEC1	2	0	0	1.0	0.22449999999999998	1.0	0.08207485226526592	0.28727212865995244	1.0	0.8514647893544817	1.0
CHRNA9	1	0	0	1.0	0.9129999999999999	1.0	0.08335417187630241	0.29046066671107695	1.0	0.8514647893544817	1.0
IGSF1	1	0	0	1.0	0.6629999999999999	1.0	0.08406893652795293	0.2922335555909979	1.0	0.8514647893544817	1.0
CACNA2D3	2	0	0	1.0	0.843	1.0	0.08461668641056017	0.2935880684484246	1.0	0.8514647893544817	1.0
ZNF287	1	0	0	1.0	0.735	1.0	0.08480325644504749	0.2940486207129392	1.0	0.8514647893544817	1.0
DDX21	1	0	0	1.0	0.866	1.0	0.08509914049868096	0.2947781757596632	1.0	0.8514647893544817	1.0
CELSR3	1	0	0	1.0	0.7609999999999999	1.0	0.08588114050154586	0.29670139349736996	1.0	0.8514647893544817	1.0
GMPR	1	0	0	1.0	0.917	1.0	0.08608815426997245	0.297209319738502	1.0	0.8514647893544817	1.0
TAB2	1	0	0	1.0	0.882	1.0	0.08707767328456983	0.29963033457495797	1.0	0.8514647893544817	1.0
COLGALT2	2	0	0	1.0	0.7330000000000001	1.0	0.08718395815170009	0.29988970628956224	1.0	0.8514647893544817	1.0
TAS2R60	1	0	0	1.0	0.7440000000000001	1.0	0.0883158173628897	0.3026438271952576	1.0	0.8514647893544817	1.0
FLRT2	1	0	0	1.0	0.9079999999999999	1.0	0.0896700143472023	0.3059199115869949	1.0	0.8514647893544817	1.0
ARHGAP9	1	0	0	1.0	0.754	1.0	0.09098353198071149	0.30907804167835157	1.0	0.8514647893544817	1.0
ANO3	1	0	0	1.0	0.9259999999999999	1.0	0.09175153683824204	0.31091577593423014	1.0	0.8514647893544817	1.0
FAM53B	1	0	0	1.0	0.8390000000000001	1.0	0.09269558769002595	0.3131659626693996	1.0	0.8514647893544817	1.0
COL5A3	1	0	0	1.0	0.43700000000000006	1.0	0.09330969487729775	0.31462454658307903	1.0	0.8514647893544817	1.0
EXTL2	1	0	0	1.0	0.9490000000000001	1.0	0.09360666479453338	0.3153284370461247	1.0	0.8514647893544817	1.0
LRRC7	1	0	0	1.0	0.737	1.0	0.09389671361502347	0.31601501334792803	1.0	0.8514647893544817	1.0
B4GALNT4	1	0	0	1.0	0.667	1.0	0.09405568096313018	0.31639092564060795	1.0	0.8514647893544817	1.0
POLR3B	1	0	0	1.0	0.95	1.0	0.0986679822397632	0.32718251405071164	1.0	0.8514647893544817	1.0
PFKM	1	0	0	1.0	0.9740000000000001	1.0	0.09897070467141726	0.32788315370627363	1.0	0.8514647893544817	1.0
RBBP5	1	0	0	1.0	0.914	1.0	0.10086746015735323	0.33225215852313705	1.0	0.8514647893544817	1.0
SLC9A3	1	0	0	1.0	0.8270000000000001	1.0	0.10121457489878542	0.33304782507690023	1.0	0.8514647893544817	1.0
CA2	1	0	0	1.0	0.9259999999999999	1.0	0.10237510237510238	0.33569939975516006	1.0	0.8514647893544817	1.0
GCHFR	1	0	0	1.0	0.943	1.0	0.10357327809425168	0.33842319170175844	1.0	0.8514647893544817	1.0
CPA4	1	0	0	1.0	0.9570000000000001	1.0	0.10371292263015972	0.3387397382268648	1.0	0.8514647893544817	1.0
AFF4	1	0	0	1.0	0.691	1.0	0.10460251046025104	0.34075185429532523	1.0	0.8514647893544817	1.0
PHRF1	1	0	0	1.0	0.34700000000000003	1.0	0.10477787091366303	0.3411475989936729	1.0	0.8514647893544817	1.0
OTOP1	1	0	0	1.0	0.58	1.0	0.105318588730911	0.3423660183532647	1.0	0.8514647893544817	1.0
PLP1	1	0	0	1.0	0.963	1.0	0.1059322033898305	0.3437453368810814	1.0	0.8514647893544817	1.0
AMER2	1	0	0	1.0	0.386	1.0	0.10643959552953698	0.3448831966860488	1.0	0.8514647893544817	1.0
SLC26A9	1	0	0	1.0	0.787	1.0	0.10681478316599018	0.3457230231657635	1.0	0.8514647893544817	1.0
IPPK	1	0	0	1.0	0.8759999999999999	1.0	0.10755001075500108	0.3473649519540108	1.0	0.8514647893544817	1.0
GPR132	1	0	0	1.0	0.49700000000000005	1.0	0.1085894233901618	0.34967762696701365	1.0	0.8514647893544817	1.0
SPHKAP	1	0	0	1.0	0.6609999999999999	1.0	0.10893246187363835	0.35043869331507604	1.0	0.8514647893544817	1.0
C9orf84	1	0	0	1.0	0.745	1.0	0.10967317394165386	0.3520783594857697	1.0	0.8514647893544817	1.0
ODAM	1	0	0	1.0	0.595	1.0	0.10968520346605243	0.3521049470881612	1.0	0.8514647893544817	1.0
GLOD4	1	0	0	1.0	0.9129999999999999	1.0	0.1104484205875856	0.35378911519922307	1.0	0.8514647893544817	1.0
KLHL7	1	0	0	1.0	0.96	1.0	0.11096316023080337	0.354921995402796	1.0	0.8514647893544817	1.0
FBXO32	1	0	0	1.0	0.903	1.0	0.11106175033318526	0.35513870757935195	1.0	0.8514647893544817	1.0
PAXIP1	1	0	0	1.0	0.78	1.0	0.11230907457322552	0.3578729350823499	1.0	0.8514647893544817	1.0
MYH3	1	0	0	1.0	0.92	1.0	0.11383039271485487	0.36118904059636403	1.0	0.8514647893544817	1.0
SNX19	1	0	0	1.0	0.6829999999999999	1.0	0.1142204454597373	0.3620359755268777	1.0	0.8514647893544817	1.0
C14orf28	1	0	0	1.0	0.893	1.0	0.11435105774728416	0.3623192805569542	1.0	0.8514647893544817	1.0
CHST15	1	0	0	1.0	0.838	1.0	0.11566042100393245	0.3651511434473098	1.0	0.8514647893544817	1.0
MTOR	1	0	0	1.0	0.9129999999999999	1.0	0.11674060238150828	0.36747617081405304	1.0	0.8514647893544817	1.0
SLITRK1	1	0	0	1.0	0.8740000000000001	1.0	0.11862396204033215	0.3715061414013953	1.0	0.8514647893544817	1.0
TMCO4	1	0	0	1.0	0.66	1.0	0.11934598400763814	0.37304315259949256	1.0	0.8514647893544817	1.0
RUNX1T1	1	0	0	1.0	0.838	1.0	0.1199184554502938	0.37425870069610845	1.0	0.8514647893544817	1.0
SAMD11	1	0	0	1.0	0.523	1.0	0.12004801920768307	0.37453342811269524	1.0	0.8514647893544817	1.0
CCNI	1	0	0	1.0	0.843	1.0	0.12014898474107893	0.37474741881100065	1.0	0.8514647893544817	1.0
LETM1	1	0	0	1.0	0.769	1.0	0.12023566189731874	0.37493105842089086	1.0	0.8514647893544817	1.0
KMT2C	2	0	0	1.0	0.535	1.0	0.1219958521410272	0.3786468505149315	1.0	0.8580924464784414	1.0
CSGALNACT1	1	0	0	1.0	0.9009999999999999	1.0	0.12521913348359628	0.38538567601315166	1.0	0.8748531406471391	1.0
SDR42E1	1	0	0	1.0	0.877	1.0	0.12799180852425446	0.39111596224428585	1.0	0.8839645768815667	1.0
ANKRD27	1	0	0	1.0	0.841	1.0	0.12822156686754713	0.3915880908255368	1.0	0.8839645768815667	1.0
TAF1	1	0	0	1.0	0.8109999999999999	1.0	0.13092432573972243	0.39711125802609615	1.0	0.8966593624674412	1.0
THSD1	1	0	0	1.0	0.8270000000000001	1.0	0.13408420488066505	0.4034978924318354	1.0	0.9011910265267006	1.0
AKAP9	1	0	0	1.0	0.491	1.0	0.1348254011055683	0.40498512373660783	1.0	0.9011910265267006	1.0
GTPBP10	1	0	0	1.0	0.878	1.0	0.13502565487442614	0.4053862385216609	1.0	0.9011910265267006	1.0
SSX3	1	0	0	1.0	0.406	1.0	0.13601741022850924	0.40736838752086335	1.0	0.9011910265267006	1.0
KCNB1	1	0	0	1.0	0.875	1.0	0.13614703880190607	0.40762693119480464	1.0	0.9011910265267006	1.0
HTT	1	0	0	1.0	0.856	1.0	0.1367801942278758	0.40888798568064255	1.0	0.9011910265267006	1.0
PQBP1	1	0	0	1.0	0.8959999999999999	1.0	0.13850415512465375	0.41230678018071143	1.0	0.9064683175826117	1.0
MARCH4	1	0	0	1.0	0.9109999999999999	1.0	0.14013452914798205	0.41552023476425337	1.0	0.9064683175826117	1.0
VHL	2	0	0	1.0	0.6	1.0	0.14019346698443852	0.4156360442024257	1.0	0.9064683175826117	1.0
ZNF608	1	0	0	1.0	0.8320000000000001	1.0	0.14114326040931546	0.4174989235204861	1.0	0.9069761363339345	1.0
C5	1	0	0	1.0	0.873	1.0	0.1428775539362766	0.42088402367586863	1.0	0.9109285170503768	1.0
TRIO	1	0	0	1.0	0.799	1.0	0.14365752047119668	0.42239953199059477	1.0	0.9109285170503768	1.0
NBEA	1	0	0	1.0	0.894	1.0	0.14438348252959862	0.4238063017586243	1.0	0.9109285170503768	1.0
OR10G8	1	0	0	1.0	0.47600000000000003	1.0	0.14943215780035865	0.4334896567729496	1.0	0.9371016642781527	1.0
MRPS2	1	0	0	1.0	0.91	1.0	0.15108022359873094	0.4366134312036237	1.0	0.9394221606168239	1.0
C16orf71	1	0	0	1.0	0.5710000000000001	1.0	0.15160703456640387	0.4376081571706115	1.0	0.9394221606168239	1.0
SIGLEC11	1	0	0	1.0	0.583	1.0	0.15569048731122528	0.44525693574274583	1.0	0.9547130358223738	1.0
GGT7	1	0	0	1.0	0.748	1.0	0.15590894917368256	0.445663096549885	1.0	0.9547130358223738	1.0
TM7SF3	1	0	0	1.0	0.613	1.0	0.15875535799333226	0.45092727268451993	1.0	0.9626730684579845	1.0
FAM221B	1	0	0	1.0	0.375	1.0	0.1590583744234134	0.45148465236216406	1.0	0.9626730684579845	1.0
NKTR	1	0	0	1.0	0.68	1.0	0.1622586402725945	0.4573363089372229	1.0	0.9763655752819127	1.0
OR4K2	1	0	0	1.0	0.73	1.0	0.16490765171503957	0.46213219794526217	1.0	0.979819114661426	1.0
PKP4	1	0	0	1.0	0.871	1.0	0.1670843776106934	0.46604115940015645	1.0	0.979819114661426	1.0
SHISA2	1	0	0	1.0	0.643	1.0	0.1686056314280897	0.4687561680756349	1.0	0.979819114661426	1.0
CRHR2	1	0	0	1.0	0.784	1.0	0.16952025767079165	0.47038190286844195	1.0	0.979819114661426	1.0
OR52D1	1	0	0	1.0	0.753	1.0	0.1697216564833673	0.4707392224372684	1.0	0.979819114661426	1.0
TNPO2	1	0	0	1.0	0.45399999999999996	1.0	0.17085255424568596	0.4727412182315198	1.0	0.979819114661426	1.0
IGF1R	1	0	0	1.0	0.851	1.0	0.17214666896195557	0.4750229710811492	1.0	0.979819114661426	1.0
TADA2B	1	0	0	1.0	0.848	1.0	0.17292062943109113	0.4763829464250532	1.0	0.979819114661426	1.0
ALDH1L1	2	0	0	1.0	0.6809999999999999	1.0	0.17412502176562772	0.4784923771342784	1.0	0.979819114661426	1.0
PRKACB	1	0	0	1.0	0.8370000000000001	1.0	0.176056338028169	0.4818576113966655	1.0	0.979819114661426	1.0
H2AFY	1	0	0	1.0	0.816	1.0	0.17857142857142858	0.4862083210251973	1.0	0.979819114661426	1.0
ZNF776	1	0	0	1.0	0.204	1.0	0.18018018018018017	0.48897259959609796	1.0	0.979819114661426	1.0
PUM2	1	0	0	1.0	0.85	1.0	0.1836210062431142	0.49483683331831974	1.0	0.979819114661426	1.0
WNT9B	1	0	0	1.0	0.626	1.0	0.18382352941176472	0.49517997442423756	1.0	0.979819114661426	1.0
CRAMP1L	1	0	0	1.0	0.6990000000000001	1.0	0.18577001671930152	0.4984666244805538	1.0	0.979819114661426	1.0
ZEB2	1	0	0	1.0	0.784	1.0	0.18590816136828406	0.49869910453450594	1.0	0.979819114661426	1.0
ZNF569	1	0	0	1.0	0.602	1.0	0.18601190476190477	0.4988736241110212	1.0	0.979819114661426	1.0
ARHGAP22	1	0	0	1.0	0.8240000000000001	1.0	0.18768768768768768	0.5016846721542959	1.0	0.979819114661426	1.0
NSUN2	1	0	0	1.0	0.746	1.0	0.18814675446848542	0.5024521188699741	1.0	0.979819114661426	1.0
ALK	1	0	0	1.0	0.617	1.0	0.1893939393939394	0.5045314579011688	1.0	0.979819114661426	1.0
OTUD3	1	0	0	1.0	0.493	1.0	0.1893939393939394	0.5045314579011688	1.0	0.979819114661426	1.0
LRP8	1	0	0	1.0	0.769	1.0	0.18942981625307823	0.5045911509455352	1.0	0.979819114661426	1.0
GPR98	2	0	0	1.0	0.5595	1.0	0.18960940462646947	0.5048898536084747	1.0	0.979819114661426	1.0
RNF149	1	0	0	1.0	0.305	1.0	0.1918649270913277	0.508626949206178	1.0	0.979819114661426	1.0
SYNE2	1	0	0	1.0	0.25	1.0	0.19190174630589138	0.5086877328587751	1.0	0.979819114661426	1.0
FBXO8	1	0	0	1.0	0.7979999999999999	1.0	0.1919754271453254	0.508809348965839	1.0	0.979819114661426	1.0
NINL	1	0	0	1.0	0.182	1.0	0.19286403085824494	0.5102738363898731	1.0	0.979819114661426	1.0
KLHDC3	1	0	0	1.0	0.812	1.0	0.19319938176197837	0.5108254554093122	1.0	0.979819114661426	1.0
FGF16	1	0	0	1.0	0.26	1.0	0.19334880123743234	0.5110710481263749	1.0	0.979819114661426	1.0
PLCB1	1	0	0	1.0	0.899	1.0	0.19391118867558657	0.5119943794975418	1.0	0.979819114661426	1.0
ABCA13	3	0	0	1.0	0.3213333333333333	1.0	0.19425019425019424	0.5125501728309791	1.0	0.979819114661426	1.0
IGKV3-20	1	0	0	1.0	0.721	1.0	0.19657951641438962	0.5163531090703022	1.0	0.979819114661426	1.0
IQGAP2	1	0	0	1.0	0.895	1.0	0.19704433497536947	0.5171086748626308	1.0	0.979819114661426	1.0
CTDSP2	1	0	0	1.0	0.855	1.0	0.1970831690973591	0.5171717503305265	1.0	0.979819114661426	1.0
LACE1	1	0	0	1.0	0.8740000000000001	1.0	0.1970831690973591	0.5171717503305265	1.0	0.979819114661426	1.0
DPP9	1	0	0	1.0	0.6609999999999999	1.0	0.19712201852946973	0.5172348430089795	1.0	0.979819114661426	1.0
CC2D1A	1	0	0	1.0	0.47600000000000003	1.0	0.19996000799840033	0.5218232138445844	1.0	0.979819114661426	1.0
CD180	1	0	0	1.0	0.498	1.0	0.20080321285140562	0.5231786929792293	1.0	0.979819114661426	1.0
OLIG3	1	0	0	1.0	0.684	1.0	0.20173492031470647	0.5246723258096506	1.0	0.979819114661426	1.0
ASPH	1	0	0	1.0	0.747	1.0	0.20296326364927947	0.5266349266413288	1.0	0.979819114661426	1.0
NCKAP1L	1	0	0	1.0	0.802	1.0	0.203210729526519	0.5270294171680232	1.0	0.979819114661426	1.0
PPM1M	1	0	0	1.0	0.6759999999999999	1.0	0.20383204239706482	0.5280185376755602	1.0	0.979819114661426	1.0
TPCN1	1	0	0	1.0	0.789	1.0	0.20521239482864764	0.5302092681841513	1.0	0.979819114661426	1.0
SLC44A1	1	0	0	1.0	0.8909999999999999	1.0	0.20618556701030927	0.5317481865875036	1.0	0.979819114661426	1.0
PYGB	1	0	0	1.0	0.8690000000000001	1.0	0.20682523267838676	0.5327572138376955	1.0	0.979819114661426	1.0
SMC4	1	0	0	1.0	0.55	1.0	0.20933640360058614	0.5366993373263188	1.0	0.979819114661426	1.0
MUC17	1	0	0	1.0	0.14300000000000002	1.0	0.2094240837696335	0.5368364343314543	1.0	0.979819114661426	1.0
DLG5	1	0	0	1.0	0.757	1.0	0.2142704092564817	0.5443575030999954	1.0	0.979819114661426	1.0
ARL13B	1	0	0	1.0	0.555	1.0	0.21696680407897592	0.5484944486305862	1.0	0.979819114661426	1.0
GRIP1	1	0	0	1.0	0.71	1.0	0.21706099413935315	0.5486383516287778	1.0	0.979819114661426	1.0
RBM24	1	0	0	1.0	0.76	1.0	0.21772262138036141	0.5496480307737115	1.0	0.979819114661426	1.0
FOXA2	1	0	0	1.0	0.65	1.0	0.2187705097352877	0.5512430538940292	1.0	0.979819114661426	1.0
ZAN	1	0	0	1.0	0.257	1.0	0.2188662727073758	0.5513885669908372	1.0	0.979819114661426	1.0
SLC17A1	1	0	0	1.0	0.465	1.0	0.21896211955331726	0.5515341655797816	1.0	0.979819114661426	1.0
CD1B	1	0	0	1.0	0.43700000000000006	1.0	0.22070183182520414	0.5541696459247412	1.0	0.979819114661426	1.0
DOCK9	1	0	0	1.0	0.602	1.0	0.22217285047767163	0.5563873793181062	1.0	0.979819114661426	1.0
MEFV	1	0	0	1.0	0.265	1.0	0.22256843979523702	0.5569821121940848	1.0	0.979819114661426	1.0
PLEKHG4B	1	0	0	1.0	0.26899999999999996	1.0	0.22361359570661896	0.5585500303785328	1.0	0.979819114661426	1.0
IRF9	1	0	0	1.0	0.365	1.0	0.22381378692927484	0.5588497943614492	1.0	0.979819114661426	1.0
SLC38A6	1	0	0	1.0	0.6629999999999999	1.0	0.22416498542927596	0.5593752423551059	1.0	0.979819114661426	1.0
AGXT2	1	0	0	1.0	0.847	1.0	0.22603978300180833	0.5621709458001886	1.0	0.979819114661426	1.0
IGDCC4	1	0	0	1.0	0.506	1.0	0.2275830678197542	0.5644606222035546	1.0	0.979819114661426	1.0
PDE4D	1	0	0	1.0	0.738	1.0	0.22805017103762829	0.5651515680328727	1.0	0.979819114661426	1.0
DNAH1	1	0	0	1.0	0.638	1.0	0.2290950744558992	0.5666937432512178	1.0	0.979819114661426	1.0
DNAH9	2	0	0	1.0	0.4705	1.0	0.23137436372049977	0.5700412443509243	1.0	0.979819114661426	1.0
ASZ1	1	0	0	1.0	0.40299999999999997	1.0	0.23137436372049977	0.5700412443509243	1.0	0.979819114661426	1.0
IRX6	1	0	0	1.0	0.298	1.0	0.23148148148148148	0.5701980097814859	1.0	0.979819114661426	1.0
C1orf177	1	0	0	1.0	0.34700000000000003	1.0	0.23191094619666047	0.5708260282019241	1.0	0.979819114661426	1.0
CA12	1	0	0	1.0	0.597	1.0	0.23272050267628577	0.572007704164035	1.0	0.979819114661426	1.0
FAM73B	1	0	0	1.0	0.8190000000000001	1.0	0.2334267040149393	0.5730362167566534	1.0	0.979819114661426	1.0
HMCN1	1	0	0	1.0	0.754	1.0	0.23348120476301656	0.5731155028328822	1.0	0.979819114661426	1.0
NKAP	1	0	0	1.0	0.377	1.0	0.23402761525860052	0.5739097020037185	1.0	0.979819114661426	1.0
GRIK1	1	0	0	1.0	0.8490000000000001	1.0	0.23435669088352473	0.5743873925957026	1.0	0.979819114661426	1.0
AMOT	1	0	0	1.0	0.821	1.0	0.2346866932644919	0.5748659644491377	1.0	0.979819114661426	1.0
TCF19	1	0	0	1.0	0.278	1.0	0.235626767200754	0.5762267249650652	1.0	0.979819114661426	1.0
MAPK6	1	0	0	1.0	0.9490000000000001	1.0	0.23786869647954328	0.579456815655258	1.0	0.979819114661426	1.0
MORC3	1	0	0	1.0	0.581	1.0	0.24485798237022527	0.5893919932180263	1.0	0.979819114661426	1.0
ZNF564	1	0	0	1.0	0.214	1.0	0.2450379808870375	0.5896451988296175	1.0	0.979819114661426	1.0
PPP6C	1	0	0	1.0	0.752	1.0	0.24630541871921183	0.5914243777373501	1.0	0.979819114661426	1.0
TSPAN13	1	0	0	1.0	0.536	1.0	0.2465483234714004	0.5917646120041623	1.0	0.979819114661426	1.0
SLC11A1	2	0	0	1.0	0.5920000000000001	1.0	0.24697456162015313	0.592361061262046	1.0	0.979819114661426	1.0
PTCHD4	1	0	0	1.0	0.741	1.0	0.24721878862793573	0.5927024846750197	1.0	0.979819114661426	1.0
SLITRK4	1	0	0	1.0	0.835	1.0	0.24758603614756128	0.5932154336670652	1.0	0.979819114661426	1.0
ARHGAP30	1	0	0	1.0	0.67	1.0	0.24832381425378694	0.5942442716338012	1.0	0.979819114661426	1.0
TRMT2B	1	0	0	1.0	0.34600000000000003	1.0	0.2495632642874969	0.5959677643259315	1.0	0.979819114661426	1.0
CHST10	1	0	0	1.0	0.826	1.0	0.25006251562890724	0.5966602475280524	1.0	0.979819114661426	1.0
SHISA4	1	0	0	1.0	0.509	1.0	0.25106703489831783	0.5980505408484829	1.0	0.979819114661426	1.0
SIGLEC9	1	0	0	1.0	0.1	1.0	0.25131942699170645	0.5983992288124635	1.0	0.979819114661426	1.0
DEPDC7	1	0	0	1.0	0.611	1.0	0.2522704339051463	0.5997108013288954	1.0	0.979819114661426	1.0
INPP5F	1	0	0	1.0	0.84	1.0	0.25246149962130776	0.5999738749406159	1.0	0.979819114661426	1.0
UBE2U	1	0	0	1.0	0.201	1.0	0.2527805864509606	0.6004128952882877	1.0	0.979819114661426	1.0
MTUS2	1	0	0	1.0	0.45	1.0	0.2547121752419766	0.6030619194738334	1.0	0.979819114661426	1.0
SIPA1L2	1	0	0	1.0	0.81	1.0	0.254841997961264	0.6032394346847902	1.0	0.979819114661426	1.0
SYT6	1	0	0	1.0	0.755	1.0	0.2556237218813906	0.6043069407394099	1.0	0.979819114661426	1.0
DYSF	1	0	0	1.0	0.39	1.0	0.25621316935690497	0.6051102967457029	1.0	0.979819114661426	1.0
LHX1	1	0	0	1.0	0.562	1.0	0.2581977794990963	0.6078051640931101	1.0	0.979819114661426	1.0
TATDN2	2	0	0	1.0	0.38	1.0	0.2615062761506276	0.6122638585745699	1.0	0.979819114661426	1.0
ANKRD44	1	0	0	1.0	0.534	1.0	0.2629503023928478	0.6141967470276419	1.0	0.979819114661426	1.0
HIC2	1	0	0	1.0	0.251	1.0	0.2637826431020839	0.6153072636597727	1.0	0.979819114661426	1.0
FBF1	2	0	0	1.0	0.2145	1.0	0.26413100898045433	0.615771276488941	1.0	0.979819114661426	1.0
FBXL20	1	0	0	1.0	0.9390000000000001	1.0	0.26434047052603754	0.616050051718449	1.0	0.979819114661426	1.0
MACROD2	1	0	0	1.0	0.5670000000000001	1.0	0.2644802962179318	0.6162360552522603	1.0	0.979819114661426	1.0
NFE2L2	1	0	0	1.0	0.36700000000000005	1.0	0.2646903123345686	0.616515290915648	1.0	0.979819114661426	1.0
VIT	1	0	0	1.0	0.48100000000000004	1.0	0.2654632333421821	0.6175415260711186	1.0	0.979819114661426	1.0
SLC9A7	1	0	0	1.0	0.851	1.0	0.2667377967457989	0.6192288977737465	1.0	0.979819114661426	1.0
ZNF493	1	0	0	1.0	0.15	1.0	0.2667377967457989	0.6192288977737465	1.0	0.979819114661426	1.0
MTR	1	0	0	1.0	0.639	1.0	0.26932399676811203	0.6226340358725946	1.0	0.979819114661426	1.0
TBXA2R	1	0	0	1.0	0.151	1.0	0.27019724398811135	0.6237781824923045	1.0	0.979819114661426	1.0
NOTCH4	1	0	0	1.0	0.732	1.0	0.2704895861509332	0.6241605842451976	1.0	0.979819114661426	1.0
GBA	1	0	0	1.0	0.6609999999999999	1.0	0.2714440825190011	0.6254069268167917	1.0	0.979819114661426	1.0
KCMF1	1	0	0	1.0	0.649	1.0	0.27151778441487917	0.6255030240192583	1.0	0.979819114661426	1.0
MUC15	1	0	0	1.0	0.262	1.0	0.2718129926610492	0.6258877347438535	1.0	0.979819114661426	1.0
CACHD1	1	0	0	1.0	0.841	1.0	0.27188689505165853	0.6259839929804594	1.0	0.979819114661426	1.0
ABCC10	1	0	0	1.0	0.29600000000000004	1.0	0.272108843537415	0.6262729612693334	1.0	0.979819114661426	1.0
LGALS14	1	0	0	1.0	0.612	1.0	0.27262813522355506	0.6269483517977696	1.0	0.979819114661426	1.0
FGF5	1	0	0	1.0	0.308	1.0	0.2727024815925825	0.6270449656638095	1.0	0.979819114661426	1.0
ELF3	1	0	0	1.0	0.575	1.0	0.2737476047084588	0.6284009712053507	1.0	0.979819114661426	1.0
TSPAN32	1	0	0	1.0	0.158	1.0	0.27389756231169543	0.6285952075249248	1.0	0.979819114661426	1.0
PTGS1	2	0	0	1.0	0.686	1.0	0.2764722145424385	0.6319173218053529	1.0	0.9851517474377538	1.0
FAM107A	1	0	0	1.0	0.26899999999999996	1.0	0.27831895352073477	0.6342854183499532	1.0	0.9851517474377538	1.0
NCKAP1	1	0	0	1.0	0.912	1.0	0.2787068004459309	0.6347811996088489	1.0	0.9851517474377538	1.0
ADO	1	0	0	1.0	0.31	1.0	0.27917364600781686	0.6353772483636295	1.0	0.9851517474377538	1.0
SLC12A8	1	0	0	1.0	0.434	1.0	0.28042624789680315	0.6369726638925824	1.0	0.9862287975019327	1.0
NXF3	1	0	0	1.0	0.095	1.0	0.282326369282891	0.6393821398533716	1.0	0.9876894613249841	1.0
MPP2	1	0	0	1.0	0.652	1.0	0.2832058906825262	0.6404930945755453	1.0	0.9876894613249841	1.0
HMGCS2	1	0	0	1.0	0.767	1.0	0.28368794326241137	0.6411008329827608	1.0	0.9876894613249841	1.0
RFX3	1	0	0	1.0	0.611	1.0	0.28653295128939826	0.6446709845886349	1.0	0.994269340974212	1.0
PAX1	3	0	0	1.0	0.321	1.0	0.28910089621277824	0.6478691905044903	1.0	0.9998472855730969	1.0
IKZF3	1	0	0	1.0	0.586	1.0	0.2910360884749709	0.6502642619679887	1.0	1.0	1.0
MRVI1	1	0	0	1.0	0.6729999999999999	1.0	0.29239766081871343	0.6519416816007351	1.0	1.0	1.0
JAK2	1	0	0	1.0	0.675	1.0	0.2943773918163085	0.6543693521278915	1.0	1.0	1.0
TCEA2	1	0	0	1.0	0.193	1.0	0.2946375957572186	0.6546874386599983	1.0	1.0	1.0
ABHD16A	1	0	0	1.0	0.5379999999999999	1.0	0.294811320754717	0.6548996809934129	1.0	1.0	1.0
MRC2	1	0	0	1.0	0.245	1.0	0.29550827423167847	0.6557501305390003	1.0	1.0	1.0
ONECUT1	1	0	0	1.0	0.486	1.0	0.29850746268656714	0.6593911480110375	1.0	1.0	1.0
CXADR	1	0	0	1.0	0.568	1.0	0.2991325157044571	0.6601461583721095	1.0	1.0	1.0
BRD7	1	0	0	1.0	0.45299999999999996	1.0	0.2996703626011388	0.660794785666538	1.0	1.0	1.0
TDRD9	1	0	0	1.0	0.633	1.0	0.3056234718826406	0.6679099690527202	1.0	1.0	1.0
FFAR2	1	0	0	1.0	0.46299999999999997	1.0	0.30703101013202333	0.6695752306705853	1.0	1.0	1.0
ELFN2	1	0	0	1.0	0.498	1.0	0.3071253071253071	0.6696865626966504	1.0	1.0	1.0
THADA	1	0	0	1.0	0.184	1.0	0.3079765937788728	0.6706903274162948	1.0	1.0	1.0
SCN4A	1	0	0	1.0	0.282	1.0	0.30902348578491967	0.6719215077862315	1.0	1.0	1.0
NBEAL2	2	0	0	1.0	0.4175	1.0	0.30998140111593303	0.6730449410114745	1.0	1.0	1.0
FAM83D	1	0	0	1.0	0.563	1.0	0.3123048094940662	0.6757575310976024	1.0	1.0	1.0
JADE1	1	0	0	1.0	0.495	1.0	0.3142677561282212	0.67803580449893	1.0	1.0	1.0
ALS2	2	0	0	1.0	0.47350000000000003	1.0	0.3151591553734636	0.6790663449735451	1.0	1.0	1.0
C12orf45	1	0	0	1.0	0.193	1.0	0.3151591553734636	0.6790663449735451	1.0	1.0	1.0
HUWE1	1	0	0	1.0	0.741	1.0	0.3155569580309246	0.6795254278033398	1.0	1.0	1.0
LSS	1	0	0	1.0	0.418	1.0	0.31918289179699966	0.6836868854037839	1.0	1.0	1.0
ACRC	1	0	0	1.0	0.122	1.0	0.3194888178913738	0.6840361036907545	1.0	1.0	1.0
SUN1	1	0	0	1.0	0.29100000000000004	1.0	0.3197953309881676	0.6843856982653356	1.0	1.0	1.0
VEZT	1	0	0	1.0	0.728	1.0	0.3207184092366902	0.6854367449119899	1.0	1.0	1.0
BAZ2A	1	0	0	1.0	0.41	1.0	0.3208213025344883	0.6855537378200834	1.0	1.0	1.0
KIAA2018	1	0	0	1.0	0.317	1.0	0.3257328990228013	0.6911001829313048	1.0	1.0	1.0
TMEM261	1	0	0	1.0	0.17800000000000002	1.0	0.32658393207054215	0.6920536568371952	1.0	1.0	1.0
CSTF1	1	0	0	1.0	0.909	1.0	0.3270111183780249	0.6925314282233062	1.0	1.0	1.0
STOML3	1	0	0	1.0	0.49	1.0	0.32722513089005234	0.6927705730707704	1.0	1.0	1.0
ACACA	1	0	0	1.0	0.861	1.0	0.3274394237066143	0.6930098908960186	1.0	1.0	1.0
ZMYM1	1	0	0	1.0	0.363	1.0	0.3282994090610637	0.6939688950994649	1.0	1.0	1.0
FAT1	1	0	0	1.0	0.327	1.0	0.3284072249589491	0.6940889658988048	1.0	1.0	1.0
OCA2	1	0	0	1.0	0.248	1.0	0.32981530343007914	0.6956538482124424	1.0	1.0	1.0
ATP6V1G3	1	0	0	1.0	0.429	1.0	0.33123550844650546	0.697226118159888	1.0	1.0	1.0
ZSWIM4	1	0	0	1.0	0.455	1.0	0.333667000333667	0.6999038332781202	1.0	1.0	1.0
PCDHB4	1	0	0	1.0	0.252	1.0	0.3351206434316354	0.7014962072190062	1.0	1.0	1.0
RPRD2	1	0	0	1.0	0.456	1.0	0.3359086328518643	0.7023567625238963	1.0	1.0	1.0
RCBTB2	1	0	0	1.0	0.7090000000000001	1.0	0.3374957813027337	0.7040844645937996	1.0	1.0	1.0
SHROOM3	1	0	0	1.0	0.083	1.0	0.3397893306150187	0.7065679474180551	1.0	1.0	1.0
TTC12	1	0	0	1.0	0.51	1.0	0.3399048266485384	0.7066925976136118	1.0	1.0	1.0
ART1	1	0	0	1.0	0.214	1.0	0.3399048266485384	0.7066925976136118	1.0	1.0	1.0
LRRIQ1	1	0	0	1.0	0.121	1.0	0.3427004797806717	0.7096978924265231	1.0	1.0	1.0
TP63	1	0	0	1.0	0.7070000000000001	1.0	0.34281796366129585	0.7098236855967035	1.0	1.0	1.0
LMX1B	1	0	0	1.0	0.35100000000000003	1.0	0.34447123665173957	0.7115896262633458	1.0	1.0	1.0
NID1	1	0	0	1.0	0.326	1.0	0.3457814661134163	0.7129835077097227	1.0	1.0	1.0
BPTF	1	0	0	1.0	0.402	1.0	0.3463803255975061	0.7136189472396253	1.0	1.0	1.0
IVL	1	0	0	1.0	0.218	1.0	0.3465003465003465	0.7137461747580315	1.0	1.0	1.0
SLC13A5	1	0	0	1.0	0.17600000000000002	1.0	0.34782608695652173	0.7151487562606309	1.0	1.0	1.0
RPGR	1	0	0	1.0	0.228	1.0	0.34928396786587496	0.7166853042668453	1.0	1.0	1.0
PCMTD2	1	0	0	1.0	0.355	1.0	0.3494060097833683	0.7168136551831792	1.0	1.0	1.0
AHDC1	1	0	0	1.0	0.513	1.0	0.34965034965034963	0.7170704981929235	1.0	1.0	1.0
ZNF182	1	0	0	1.0	0.315	1.0	0.35335689045936397	0.7209458345071189	1.0	1.0	1.0
KCND2	1	0	0	1.0	0.7440000000000001	1.0	0.3546099290780142	0.7222471223227029	1.0	1.0	1.0
BATF	1	0	0	1.0	0.66	1.0	0.35486160397445	0.7225079536822174	1.0	1.0	1.0
SLC22A5	1	0	0	1.0	0.706	1.0	0.35561877667140823	0.723291598132439	1.0	1.0	1.0
ADAMTS12	1	0	0	1.0	0.251	1.0	0.35587188612099646	0.7235531969201618	1.0	1.0	1.0
CHRM3	1	0	0	1.0	0.867	1.0	0.35816618911174786	0.7259162553367215	1.0	1.0	1.0
LAMC1	1	0	0	1.0	0.501	1.0	0.35919540229885055	0.726971531060407	1.0	1.0	1.0
SUPT7L	1	0	0	1.0	0.58	1.0	0.35932446999640677	0.7271036588371375	1.0	1.0	1.0
ECD	1	0	0	1.0	0.45299999999999996	1.0	0.35984166966534725	0.7276326559051337	1.0	1.0	1.0
HECTD1	1	0	0	1.0	0.736	1.0	0.3604902667627974	0.7282949970773755	1.0	1.0	1.0
SORBS1	2	0	0	1.0	0.3975	1.0	0.3619254433586681	0.7297564408039374	1.0	1.0	1.0
OR8A1	1	0	0	1.0	0.11800000000000001	1.0	0.3619254433586681	0.7297564408039374	1.0	1.0	1.0
ZKSCAN1	1	0	0	1.0	0.433	1.0	0.36231884057971014	0.7301560433800937	1.0	1.0	1.0
CDH20	1	0	0	1.0	0.502	1.0	0.36310820624546114	0.7309565723698124	1.0	1.0	1.0
EMC1	1	0	0	1.0	0.26899999999999996	1.0	0.3633720930232558	0.7312238081653697	1.0	1.0	1.0
IL18RAP	1	0	0	1.0	0.306	1.0	0.3661662394727206	0.7340416852770296	1.0	1.0	1.0
THBS2	1	0	0	1.0	0.134	1.0	0.3672420124862284	0.7351209010986495	1.0	1.0	1.0
ALDH1A3	1	0	0	1.0	0.536	1.0	0.3683241252302026	0.7362032977480291	1.0	1.0	1.0
KRT3	1	0	0	1.0	0.35600000000000004	1.0	0.36900369003690037	0.7368814150891548	1.0	1.0	1.0
TRIM62	1	0	0	1.0	0.424	1.0	0.3698224852071006	0.7376968040609162	1.0	1.0	1.0
THOC1	1	0	0	1.0	0.529	1.0	0.3699593044765076	0.7378328772823939	1.0	1.0	1.0
LAMA3	2	0	0	1.0	0.35700000000000004	1.0	0.37091988130563797	0.738786792674355	1.0	1.0	1.0
SLC26A3	1	0	0	1.0	0.557	1.0	0.37091988130563797	0.738786792674355	1.0	1.0	1.0
USP28	1	0	0	1.0	0.34600000000000003	1.0	0.37202380952380953	0.7398799935494431	1.0	1.0	1.0
ASB9	1	0	0	1.0	0.249	1.0	0.37257824143070045	0.7404278014565705	1.0	1.0	1.0
GAS2L2	1	0	0	1.0	0.153	1.0	0.3732736095558044	0.7411136956186904	1.0	1.0	1.0
EPX	1	0	0	1.0	0.462	1.0	0.3743916136278547	0.7422137529493911	1.0	1.0	1.0
MLPH	1	0	0	1.0	0.10300000000000001	1.0	0.37509377344336087	0.7429029338921669	1.0	1.0	1.0
HS3ST1	1	0	0	1.0	0.46399999999999997	1.0	0.3780718336483932	0.7458113668469804	1.0	1.0	1.0
RTP4	1	0	0	1.0	0.07	1.0	0.37835792659856227	0.746089532963357	1.0	1.0	1.0
HECW2	1	0	0	1.0	0.564	1.0	0.37864445285876563	0.7463679035649357	1.0	1.0	1.0
DGAT2	1	0	0	1.0	0.077	1.0	0.37921880925293894	0.7469252587679748	1.0	1.0	1.0
FLG	1	0	0	1.0	0.08800000000000001	1.0	0.3816793893129771	0.7493031747225212	1.0	1.0	1.0
DSC1	1	0	0	1.0	0.317	1.0	0.3827018752391887	0.7502866385528034	1.0	1.0	1.0
P4HTM	1	0	0	1.0	0.327	1.0	0.38284839203675347	0.7504273397450936	1.0	1.0	1.0
RAD54B	1	0	0	1.0	0.395	1.0	0.3832886163280951	0.7508497532213843	1.0	1.0	1.0
BTBD10	1	0	0	1.0	0.6559999999999999	1.0	0.38461538461538464	0.7521197865490139	1.0	1.0	1.0
MC3R	1	0	0	1.0	0.287	1.0	0.3850596842510589	0.7525440634118642	1.0	1.0	1.0
PCDHA10	1	0	0	1.0	0.087	1.0	0.38565368299267255	0.7531104923087263	1.0	1.0	1.0
GTF2I	1	0	0	1.0	0.609	1.0	0.38744672607516467	0.7548147697545436	1.0	1.0	1.0
BPIFA1	1	0	0	1.0	0.254	1.0	0.388651379712398	0.7559551237075814	1.0	1.0	1.0
SPATA6L	1	0	0	1.0	0.243	1.0	0.39261876717707106	0.7596844114634158	1.0	1.0	1.0
PARD3	1	0	0	1.0	0.436	1.0	0.3927729772191673	0.7598285546485526	1.0	1.0	1.0
RP1L1	1	0	0	1.0	0.069	1.0	0.39308176100628933	0.760116999008599	1.0	1.0	1.0
XDH	2	0	0	1.0	0.16699999999999998	1.0	0.39588281868566905	0.762722495616904	1.0	1.0	1.0
TTN	4	0	0	1.0	0.17049999999999998	1.0	0.3966679888932963	0.7634492852859114	1.0	1.0	1.0
MAP3K4	1	0	0	1.0	0.41	1.0	0.3966679888932963	0.7634492852859114	1.0	1.0	1.0
KDM5C	1	0	0	1.0	0.37799999999999995	1.0	0.39698292973402144	0.7637403721200767	1.0	1.0	1.0
IL13RA1	1	0	0	1.0	0.18899999999999997	1.0	0.39777247414478917	0.7644690175688368	1.0	1.0	1.0
RMDN1	1	0	0	1.0	0.293	1.0	0.3979307600477517	0.7646149059138302	1.0	1.0	1.0
LARP4B	1	0	0	1.0	0.452	1.0	0.398406374501992	0.7650528896986822	1.0	1.0	1.0
PADI1	1	0	0	1.0	0.222	1.0	0.4011231448054553	0.7675438445813962	1.0	1.0	1.0
TTLL6	2	0	0	1.0	0.1025	1.0	0.40290088638195004	0.769163854465115	1.0	1.0	1.0
GAD1	1	0	0	1.0	0.225	1.0	0.4035512510088781	0.7697545533522804	1.0	1.0	1.0
LIPJ	1	0	0	1.0	0.284	1.0	0.4037141703673799	0.7699023619326695	1.0	1.0	1.0
KIF13B	1	0	0	1.0	0.47	1.0	0.40551500405515006	0.7715317942993319	1.0	1.0	1.0
CMYA5	1	0	0	1.0	0.17800000000000002	1.0	0.4079967360261118	0.7737642205409937	1.0	1.0	1.0
ABCA12	2	0	0	1.0	0.48100000000000004	1.0	0.40816326530612246	0.7739134794108717	1.0	1.0	1.0
OR2J3	1	0	0	1.0	0.436	1.0	0.4084967320261438	0.7742121587622874	1.0	1.0	1.0
STOX1	1	0	0	1.0	0.109	1.0	0.4084967320261438	0.7742121587622874	1.0	1.0	1.0
CALCRL	1	0	0	1.0	0.20199999999999999	1.0	0.41050903119868637	0.7760087643052753	1.0	1.0	1.0
CNGB3	1	0	0	1.0	0.134	1.0	0.41237113402061853	0.7776624842843078	1.0	1.0	1.0
SLC1A3	1	0	0	1.0	0.6890000000000001	1.0	0.4154549231408392	0.7803826999588429	1.0	1.0	1.0
KIR2DS4	1	0	0	1.0	0.053	1.0	0.4163197335553705	0.7811414336626943	1.0	1.0	1.0
MED13L	2	0	0	1.0	0.48950000000000005	1.0	0.41649312786339027	0.7812933432899276	1.0	1.0	1.0
AHNAK	2	0	0	1.0	0.19949999999999998	1.0	0.4185851820845542	0.7831204974230525	1.0	1.0	1.0
PAX3	1	0	0	1.0	0.337	1.0	0.41999160016799664	0.784342951492955	1.0	1.0	1.0
F8	1	0	0	1.0	0.14	1.0	0.42140750105351876	0.7855688906252113	1.0	1.0	1.0
SLC9A8	1	0	0	1.0	0.5479999999999999	1.0	0.42158516020236086	0.7857223782190047	1.0	1.0	1.0
TANC2	1	0	0	1.0	0.607	1.0	0.42211903756859437	0.7861831680779436	1.0	1.0	1.0
ZFP2	1	0	0	1.0	0.17300000000000001	1.0	0.42337002540220153	0.7872602530800892	1.0	1.0	1.0
FGD6	1	0	0	1.0	0.275	1.0	0.423728813559322	0.7875684826430165	1.0	1.0	1.0
GRIN1	1	0	0	1.0	0.17300000000000001	1.0	0.42607584149978694	0.789577297345073	1.0	1.0	1.0
NPY1R	1	0	0	1.0	0.7020000000000001	1.0	0.4291845493562232	0.7922181405912486	1.0	1.0	1.0
HSPG2	1	0	0	1.0	0.28600000000000003	1.0	0.43122035360068994	0.7939353420756337	1.0	1.0	1.0
ZNHIT1	1	0	0	1.0	0.483	1.0	0.43122035360068994	0.7939353420756337	1.0	1.0	1.0
NLRP12	1	0	0	1.0	0.125	1.0	0.43159257660768235	0.7942482716660506	1.0	1.0	1.0
TRAK2	1	0	0	1.0	0.41700000000000004	1.0	0.4317789291882556	0.7944048185279571	1.0	1.0	1.0
SCN10A	1	0	0	1.0	0.583	1.0	0.4327131112072696	0.7951883735578726	1.0	1.0	1.0
CLTCL1	1	0	0	1.0	0.6659999999999999	1.0	0.43440486533449174	0.796602219939049	1.0	1.0	1.0
KCNA6	1	0	0	1.0	0.449	1.0	0.43459365493263796	0.7967595875937543	1.0	1.0	1.0
SACS	1	0	0	1.0	0.65	1.0	0.4355400696864111	0.7975472467148605	1.0	1.0	1.0
RNPEPL1	1	0	0	1.0	0.282	1.0	0.4355400696864111	0.7975472467148605	1.0	1.0	1.0
OR8H3	1	0	0	1.0	0.16399999999999998	1.0	0.4357298474945534	0.7977049427069753	1.0	1.0	1.0
PDPN	1	0	0	1.0	0.138	1.0	0.43591979075850046	0.7978626934207407	1.0	1.0	1.0
KIAA1217	1	0	0	1.0	0.18899999999999997	1.0	0.4363001745200698	0.7981783590106863	1.0	1.0	1.0
JMJD1C	1	0	0	1.0	0.387	1.0	0.4372540445999126	0.7989684805599668	1.0	1.0	1.0
TFR2	1	0	0	1.0	0.14300000000000002	1.0	0.43917435221783047	0.8005528270011429	1.0	1.0	1.0
MYOM1	1	0	0	1.0	0.16399999999999998	1.0	0.44130626654898497	0.8023019252452844	1.0	1.0	1.0
DPEP1	1	0	0	1.0	0.066	1.0	0.44150110375275936	0.8024612622229569	1.0	1.0	1.0
SCGB3A2	1	0	0	1.0	0.083	1.0	0.44543429844098	0.8056594749194733	1.0	1.0	1.0
TMEM105	1	0	0	1.0	0.106	1.0	0.4472271914132379	0.8071057939592364	1.0	1.0	1.0
TMPRSS11D	1	0	0	1.0	0.139	1.0	0.449438202247191	0.8088795126373949	1.0	1.0	1.0
DNTT	1	0	0	1.0	0.428	1.0	0.4510599909788002	0.8101736268083781	1.0	1.0	1.0
POLR2A	1	0	0	1.0	0.5820000000000001	1.0	0.45207956600361665	0.8109842150362063	1.0	1.0	1.0
WDR20	1	0	0	1.0	0.5579999999999999	1.0	0.45351473922902497	0.812121319228485	1.0	1.0	1.0
DPP6	1	0	0	1.0	0.5820000000000001	1.0	0.45413260672116257	0.8126094633517204	1.0	1.0	1.0
SKIV2L2	1	0	0	1.0	0.818	1.0	0.45433893684688775	0.812772286480838	1.0	1.0	1.0
CSTB	1	0	0	1.0	0.126	1.0	0.45475216007276037	0.8130980953036036	1.0	1.0	1.0
MXD3	1	0	0	1.0	0.317	1.0	0.45578851412944393	0.8139135651107741	1.0	1.0	1.0
MGAT4A	1	0	0	1.0	0.39399999999999996	1.0	0.45578851412944393	0.8139135651107741	1.0	1.0	1.0
EML5	1	0	0	1.0	0.598	1.0	0.45745654162854527	0.8152211298052822	1.0	1.0	1.0
KBTBD12	1	0	0	1.0	0.33	1.0	0.45787545787545786	0.8155485613015836	1.0	1.0	1.0
REPIN1	1	0	0	1.0	0.488	1.0	0.4585052728106373	0.8160401133514406	1.0	1.0	1.0
MAGI2	1	0	0	1.0	0.299	1.0	0.45871559633027525	0.8162040719270631	1.0	1.0	1.0
TMCO3	1	0	0	1.0	0.303	1.0	0.4604051565377532	0.8175176805118273	1.0	1.0	1.0
SETD2	3	0	0	1.0	0.306	1.0	0.460617227084293	0.8176821238582012	1.0	1.0	1.0
IQSEC3	1	0	0	1.0	0.134	1.0	0.46253469010175763	0.819164532477806	1.0	1.0	1.0
ZNF676	1	0	0	1.0	0.09	1.0	0.4631773969430292	0.8196596347997547	1.0	1.0	1.0
BCR	1	0	0	1.0	0.175	1.0	0.46403712296983757	0.8203205213715598	1.0	1.0	1.0
PTPN14	2	0	0	1.0	0.411	1.0	0.4657661853749418	0.8216448620850694	1.0	1.0	1.0
DMKN	1	0	0	1.0	0.221	1.0	0.4666355576294914	0.8223083138084181	1.0	1.0	1.0
DNAH7	1	0	0	1.0	0.573	1.0	0.4668534080298786	0.8224743100025943	1.0	1.0	1.0
DNAJC7	1	0	0	1.0	0.49700000000000005	1.0	0.4670714619336759	0.8226403594617215	1.0	1.0	1.0
LRP2	1	0	0	1.0	0.163	1.0	0.4675081813931744	0.8229726180926924	1.0	1.0	1.0
MATR3	1	0	0	1.0	0.475	1.0	0.4703668861712135	0.8251374787957461	1.0	1.0	1.0
SCNN1B	1	0	0	1.0	0.314	1.0	0.4723665564478035	0.8266414700768673	1.0	1.0	1.0
SERPINB9	1	0	0	1.0	0.371	1.0	0.4737091425864519	0.8276465034894285	1.0	1.0	1.0
MN1	1	0	0	1.0	0.159	1.0	0.47438330170777987	0.8281497299236792	1.0	1.0	1.0
GLB1L3	1	0	0	1.0	0.212	1.0	0.4748338081671415	0.8284854765962887	1.0	1.0	1.0
DHX37	1	0	0	1.0	0.28600000000000003	1.0	0.4752851711026616	0.8288214329256005	1.0	1.0	1.0
MATN2	1	0	0	1.0	0.221	1.0	0.47687172150691465	0.8299989279541168	1.0	1.0	1.0
FAM46D	1	0	0	1.0	0.23399999999999999	1.0	0.47687172150691465	0.8299989279541168	1.0	1.0	1.0
SPDYA	1	0	0	1.0	0.302	1.0	0.4775549188156638	0.8305043516945297	1.0	1.0	1.0
ZNF35	1	0	0	1.0	0.318	1.0	0.47778308647873863	0.8306729304652951	1.0	1.0	1.0
AHRR	1	0	0	1.0	0.069	1.0	0.4782400765184122	0.8310102441159715	1.0	1.0	1.0
CASP3	1	0	0	1.0	0.228	1.0	0.4793863854266539	0.8318544374777473	1.0	1.0	1.0
NT5C3A	1	0	0	1.0	0.127	1.0	0.47961630695443647	0.8320234317749471	1.0	1.0	1.0
AFAP1L1	1	0	0	1.0	0.489	1.0	0.4803073967339097	0.8325307253567613	1.0	1.0	1.0
VPS13C	1	0	0	1.0	0.13699999999999998	1.0	0.4807692307692308	0.8328691796698205	1.0	1.0	1.0
HAPLN4	1	0	0	1.0	0.359	1.0	0.4816955684007707	0.8335467077570531	1.0	1.0	1.0
MRPL38	1	0	0	1.0	0.314	1.0	0.4837929366231253	0.8350741561198022	1.0	1.0	1.0
YEATS2	1	0	0	1.0	0.14400000000000002	1.0	0.484027105517909	0.8352441290887932	1.0	1.0	1.0
PLXNA3	1	0	0	1.0	0.226	1.0	0.4844961240310077	0.8355842284977307	1.0	1.0	1.0
LIN9	1	0	0	1.0	0.35200000000000004	1.0	0.485201358563804	0.8360947607512479	1.0	1.0	1.0
TPI1	1	0	0	1.0	0.09300000000000001	1.0	0.48614487117160915	0.8367761840888771	1.0	1.0	1.0
PRPH2	1	0	0	1.0	0.065	1.0	0.48685491723466406	0.8372877855435086	1.0	1.0	1.0
TPR	1	0	0	1.0	0.451	1.0	0.48828125	0.8383123570201472	1.0	1.0	1.0
ALMS1	2	0	0	1.0	0.139	1.0	0.48947626040137054	0.8391675554750294	1.0	1.0	1.0
LONP1	1	0	0	1.0	0.317	1.0	0.4911591355599214	0.8403669443459117	1.0	1.0	1.0
NCR1	1	0	0	1.0	0.053	1.0	0.4921259842519685	0.8410534102934231	1.0	1.0	1.0
PLCH1	1	0	0	1.0	0.284	1.0	0.4921259842519685	0.8410534102934231	1.0	1.0	1.0
SMC6	1	0	0	1.0	0.247	1.0	0.49358341559723595	0.842084603073293	1.0	1.0	1.0
TRIP11	1	0	0	1.0	0.079	1.0	0.49382716049382713	0.8422566422511124	1.0	1.0	1.0
HAT1	1	0	0	1.0	0.28800000000000003	1.0	0.4952947003467063	0.8432899154684005	1.0	1.0	1.0
CCDC60	1	0	0	1.0	0.17600000000000002	1.0	0.495785820525533	0.8436347342449553	1.0	1.0	1.0
METTL21A	1	0	0	1.0	0.335	1.0	0.495785820525533	0.8436347342449553	1.0	1.0	1.0
ROBO4	1	0	0	1.0	0.19399999999999998	1.0	0.4970178926441352	0.8444976402770838	1.0	1.0	1.0
BIRC3	1	0	0	1.0	0.06	1.0	0.4970178926441352	0.8444976402770838	1.0	1.0	1.0
WDR63	1	0	0	1.0	0.185	1.0	0.4975124378109453	0.8448431453089476	1.0	1.0	1.0
SEC14L5	1	0	0	1.0	0.066	1.0	0.49975012493753124	0.8464003276369797	1.0	1.0	1.0
LTBP2	2	0	0	1.0	0.2075	1.0	0.5005005005005005	0.8469202603735544	1.0	1.0	1.0
ATP9B	1	0	0	1.0	0.133	1.0	0.5037783375314862	0.8491782942766517	1.0	1.0	1.0
COG2	1	0	0	1.0	0.141	1.0	0.5040322580645161	0.8493523230154643	1.0	1.0	1.0
SH3D21	1	0	0	1.0	0.039	1.0	0.5045408678102926	0.8497005226578185	1.0	1.0	1.0
COL6A3	1	0	0	1.0	0.409	1.0	0.5045408678102926	0.8497005226578185	1.0	1.0	1.0
GPR128	2	0	0	1.0	0.1355	1.0	0.5058168942842691	0.8505718483502681	1.0	1.0	1.0
ATP1B4	1	0	0	1.0	0.315	1.0	0.5065856129685917	0.8510952082124061	1.0	1.0	1.0
SLC52A1	1	0	0	1.0	0.298	1.0	0.5068423720223011	0.8512697552156505	1.0	1.0	1.0
F11R	1	0	0	1.0	0.168	1.0	0.5094243504839532	0.853017786701133	1.0	1.0	1.0
PSG8	1	0	0	1.0	0.15	1.0	0.5099439061703213	0.8533679486049002	1.0	1.0	1.0
TUBA8	1	0	0	1.0	0.841	1.0	0.5120327700972862	0.8547704310775943	1.0	1.0	1.0
AOC3	1	0	0	1.0	0.038	1.0	0.5120327700972862	0.8547704310775943	1.0	1.0	1.0
GIGYF2	1	0	0	1.0	0.21	1.0	0.5122950819672131	0.85494594671665	1.0	1.0	1.0
MYH8	1	0	0	1.0	0.247	1.0	0.5136106831022085	0.8558242046173922	1.0	1.0	1.0
DHTKD1	1	0	0	1.0	0.37799999999999995	1.0	0.5141388174807198	0.856175823686586	1.0	1.0	1.0
FANCI	1	0	0	1.0	0.324	1.0	0.5151983513652756	0.856879600302356	1.0	1.0	1.0
ATP1B1	1	0	0	1.0	0.185	1.0	0.5157297576070139	0.8572317567099096	1.0	1.0	1.0
TPO	1	0	0	1.0	0.036000000000000004	1.0	0.5173305742369374	0.8582892913741302	1.0	1.0	1.0
COL11A2	1	0	0	1.0	0.48	1.0	0.5186721991701245	0.8591717822553704	1.0	1.0	1.0
LRRN1	1	0	0	1.0	0.49200000000000005	1.0	0.5189413596263622	0.8593484117447998	1.0	1.0	1.0
FOXM1	1	0	0	1.0	0.055999999999999994	1.0	0.5194805194805194	0.8597018014232455	1.0	1.0	1.0
DDI2	1	0	0	1.0	0.196	1.0	0.5202913631633714	0.8602322115234655	1.0	1.0	1.0
TRIM3	1	0	0	1.0	0.292	1.0	0.5211047420531527	0.8607630104354158	1.0	1.0	1.0
RPS6KA5	1	0	0	1.0	0.415	1.0	0.5219206680584552	0.8612941960066122	1.0	1.0	1.0
DLEC1	1	0	0	1.0	0.04	1.0	0.5246589716684156	0.8630675788205722	1.0	1.0	1.0
AAAS	1	0	0	1.0	0.124	1.0	0.5257623554153522	0.8637781094233431	1.0	1.0	1.0
ANAPC11	1	0	0	1.0	0.067	1.0	0.5296610169491526	0.8662701629890408	1.0	1.0	1.0
C1orf86	1	0	0	1.0	0.057999999999999996	1.0	0.5299417064122947	0.8664484718528951	1.0	1.0	1.0
CCT2	1	0	0	1.0	0.36700000000000005	1.0	0.5313496280552603	0.867340616983628	1.0	1.0	1.0
ARHGEF10L	1	0	0	1.0	0.6	1.0	0.5324813631522897	0.868055048341891	1.0	1.0	1.0
LCE2B	1	0	0	1.0	0.105	1.0	0.5324813631522897	0.868055048341891	1.0	1.0	1.0
RUSC1	1	0	0	1.0	0.08800000000000001	1.0	0.5327650506126798	0.8682337547172998	1.0	1.0	1.0
PER2	1	0	0	1.0	0.023	1.0	0.5330490405117271	0.8684125003113182	1.0	1.0	1.0
CCDC40	1	0	0	1.0	0.08900000000000001	1.0	0.5341880341880342	0.8691278728928421	1.0	1.0	1.0
ZKSCAN5	1	0	0	1.0	0.373	1.0	0.5361930294906166	0.8703812617135543	1.0	1.0	1.0
USP32	1	0	0	1.0	0.203	1.0	0.5393743257820928	0.8723546208973373	1.0	1.0	1.0
ANKRD30B	1	0	0	1.0	0.083	1.0	0.5399568034557235	0.8727138964492374	1.0	1.0	1.0
POLE2	1	0	0	1.0	0.509	1.0	0.5414185165132648	0.8736127239941001	1.0	1.0	1.0
TRPC6	1	0	0	1.0	0.45	1.0	0.5414185165132648	0.8736127239941001	1.0	1.0	1.0
CD163	1	0	0	1.0	0.17300000000000001	1.0	0.5422993492407809	0.8741524539774415	1.0	1.0	1.0
KBTBD2	1	0	0	1.0	0.129	1.0	0.5425935973955507	0.8743324355331993	1.0	1.0	1.0
ZNF799	1	0	0	1.0	0.16699999999999998	1.0	0.5428881650380022	0.8745124526781298	1.0	1.0	1.0
CPXM1	1	0	0	1.0	0.14400000000000002	1.0	0.5434782608695652	0.8748725932722251	1.0	1.0	1.0
KRTAP10-8	1	0	0	1.0	0.106	1.0	0.5446623093681917	0.8755932964043021	1.0	1.0	1.0
OBSCN	1	0	0	1.0	0.023	1.0	0.547645125958379	0.8773974710694287	1.0	1.0	1.0
SH3TC1	1	0	0	1.0	0.125	1.0	0.5485463521667581	0.8779393832674306	1.0	1.0	1.0
FGFR1	2	0	0	1.0	0.39799999999999996	1.0	0.5488474204171241	0.8781200871776985	1.0	1.0	1.0
KCNH5	2	0	0	1.0	0.314	1.0	0.5509641873278237	0.8793859326263439	1.0	1.0	1.0
ZEB1	2	0	0	1.0	0.287	1.0	0.5521811154058531	0.8801099828278721	1.0	1.0	1.0
OR10X1	1	0	0	1.0	0.26899999999999996	1.0	0.5555555555555556	0.8821037027233996	1.0	1.0	1.0
TBX2	1	0	0	1.0	0.198	1.0	0.5577244841048522	0.8833743416748443	1.0	1.0	1.0
RSG1	1	0	0	1.0	0.603	1.0	0.5583472920156337	0.8837376454933416	1.0	1.0	1.0
PAIP1	1	0	0	1.0	0.105	1.0	0.5589714924538849	0.8841010645760661	1.0	1.0	1.0
KANK3	1	0	0	1.0	0.145	1.0	0.5592841163310962	0.8842828169750125	1.0	1.0	1.0
PHC3	1	0	0	1.0	0.379	1.0	0.5595970900951315	0.8844645977489037	1.0	1.0	1.0
NWD1	1	0	0	1.0	0.077	1.0	0.5599104143337066	0.8846464067493321	1.0	1.0	1.0
TOP1MT	1	0	0	1.0	0.32	1.0	0.5602240896358543	0.8848282438272282	1.0	1.0	1.0
SSH1	1	0	0	1.0	0.105	1.0	0.5602240896358543	0.8848282438272282	1.0	1.0	1.0
LDLRAD2	1	0	0	1.0	0.07200000000000001	1.0	0.5608524957936063	0.8851920016158179	1.0	1.0	1.0
SLC36A2	1	0	0	1.0	0.214	1.0	0.5630630630630631	0.8864660160866995	1.0	1.0	1.0
SDHA	1	0	0	1.0	0.46299999999999997	1.0	0.56657223796034	0.888470646110629	1.0	1.0	1.0
CRELD2	1	0	0	1.0	0.066	1.0	0.5681818181818182	0.8893828460511707	1.0	1.0	1.0
PRKD2	1	0	0	1.0	0.162	1.0	0.5694760820045558	0.8901130382761531	1.0	1.0	1.0
CACNA1H	1	0	0	1.0	0.503	1.0	0.5711022272986864	0.8910263011443259	1.0	1.0	1.0
EML2	1	0	0	1.0	0.193	1.0	0.5711022272986864	0.8910263011443259	1.0	1.0	1.0
SMG8	1	0	0	1.0	0.389	1.0	0.5717552887364208	0.8913917644576701	1.0	1.0	1.0
RBFOX2	1	0	0	1.0	0.133	1.0	0.5737234652897304	0.8924886784497327	1.0	1.0	1.0
COL24A1	1	0	0	1.0	0.272	1.0	0.574052812858783	0.8926715720036228	1.0	1.0	1.0
MED30	1	0	0	1.0	0.46	1.0	0.574052812858783	0.8926715720036228	1.0	1.0	1.0
ZFHX3	1	0	0	1.0	0.53	1.0	0.5747126436781609	0.8930374213945044	1.0	1.0	1.0
ANKRD17	1	0	0	1.0	0.126	1.0	0.5787037037037037	0.8952341842487639	1.0	1.0	1.0
DNAH3	1	0	0	1.0	0.254	1.0	0.5807200929152149	0.8963335691089077	1.0	1.0	1.0
GULP1	1	0	0	1.0	0.075	1.0	0.5824111822947	0.8972501933112047	1.0	1.0	1.0
GP2	1	0	0	1.0	0.078	1.0	0.5824111822947	0.8972501933112047	1.0	1.0	1.0
CGNL1	1	0	0	1.0	0.07400000000000001	1.0	0.5827505827505828	0.8974335670546448	1.0	1.0	1.0
RLTPR	1	0	0	1.0	0.035	1.0	0.5834305717619603	0.8978003618293979	1.0	1.0	1.0
RNF168	1	0	0	1.0	0.037000000000000005	1.0	0.585480093676815	0.8989011096992846	1.0	1.0	1.0
METTL21C	1	0	0	1.0	0.06	1.0	0.5858230814294083	0.8990846185192171	1.0	1.0	1.0
PQLC2	1	0	0	1.0	0.54	1.0	0.5885815185403178	0.9005531740375485	1.0	1.0	1.0
KDM4B	1	0	0	1.0	0.154	1.0	0.5906674542232723	0.9016551111346711	1.0	1.0	1.0
COG7	2	0	0	1.0	0.091	1.0	0.5906674542232723	0.9016551111346711	1.0	1.0	1.0
STAC3	1	0	0	1.0	0.132	1.0	0.5910165484633569	0.9018388068463543	1.0	1.0	1.0
IP6K1	1	0	0	1.0	0.24600000000000002	1.0	0.5910165484633569	0.9018388068463543	1.0	1.0	1.0
CACNA1D	2	0	0	1.0	0.314	1.0	0.5970149253731343	0.9049630837474805	1.0	1.0	1.0
PRUNE2	2	0	0	1.0	0.14350000000000002	1.0	0.5980861244019139	0.9055146618794916	1.0	1.0	1.0
CENPB	1	0	0	1.0	0.337	1.0	0.5988023952095808	0.905882411035128	1.0	1.0	1.0
LSM11	1	0	0	1.0	0.147	1.0	0.5991611743559018	0.9060662939962241	1.0	1.0	1.0
BAG3	1	0	0	1.0	0.046	1.0	0.6006006006006006	0.9068018759353796	1.0	1.0	1.0
BRD1	1	0	0	1.0	0.18899999999999997	1.0	0.6006006006006006	0.9068018759353796	1.0	1.0	1.0
JOSD1	1	0	0	1.0	0.225	1.0	0.6020469596628537	0.9075375259669825	1.0	1.0	1.0
SEH1L	1	0	0	1.0	0.507	1.0	0.6035003017501509	0.9082732277878249	1.0	1.0	1.0
CXorf22	1	0	0	1.0	0.11800000000000001	1.0	0.6060606060606061	0.9095607805530237	1.0	1.0	1.0
APOL2	2	0	0	1.0	0.09	1.0	0.6067961165048543	0.9099286598830582	1.0	1.0	1.0
RGS14	1	0	0	1.0	0.08800000000000001	1.0	0.612369871402327	0.9126875774576412	1.0	1.0	1.0
NRXN3	1	0	0	1.0	0.10800000000000001	1.0	0.6127450980392157	0.9128714807242128	1.0	1.0	1.0
OR5H6	1	0	0	1.0	0.16	1.0	0.6150061500615006	0.9139747915901715	1.0	1.0	1.0
ZNF777	1	0	0	1.0	0.10400000000000001	1.0	0.6153846153846154	0.914158655865662	1.0	1.0	1.0
OR52I2	1	0	0	1.0	0.182	1.0	0.6203473945409429	0.9165481663054817	1.0	1.0	1.0
RGL4	1	0	0	1.0	0.077	1.0	0.6203473945409429	0.9165481663054817	1.0	1.0	1.0
OR52M1	1	0	0	1.0	0.217	1.0	0.6215040397762586	0.917099358614199	1.0	1.0	1.0
ATAD3B	1	0	0	1.0	0.156	1.0	0.6230529595015576	0.9178341162504543	1.0	1.0	1.0
NPHS1	1	0	0	1.0	0.08800000000000001	1.0	0.6230529595015576	0.9178341162504543	1.0	1.0	1.0
IL34	1	0	0	1.0	0.10099999999999999	1.0	0.6242197253433208	0.9183850490924891	1.0	1.0	1.0
SIX4	2	0	0	1.0	0.0885	1.0	0.625	0.9187522682785847	1.0	1.0	1.0
LILRB5	1	0	0	1.0	0.109	1.0	0.625	0.9187522682785847	1.0	1.0	1.0
APC	1	0	0	1.0	0.428	1.0	0.6273525721455459	0.9198535635934901	1.0	1.0	1.0
PHLPP2	1	0	0	1.0	0.213	1.0	0.6277463904582549	0.9200370564519218	1.0	1.0	1.0
ADAT1	1	0	0	1.0	0.125	1.0	0.6293266205160478	0.9207708543452353	1.0	1.0	1.0
IGHV1-45	1	0	0	1.0	0.12	1.0	0.6313131313131313	0.92168768522237	1.0	1.0	1.0
PVALB	1	0	0	1.0	0.07	1.0	0.6317119393556538	0.9218709923555749	1.0	1.0	1.0
ITGAV	1	0	0	1.0	0.168	1.0	0.6337135614702155	0.92278721319625	1.0	1.0	1.0
ACSM3	1	0	0	1.0	0.084	1.0	0.6345177664974619	0.9231535478652839	1.0	1.0	1.0
SERPINA10	1	0	0	1.0	0.111	1.0	0.6377551020408163	0.924617934903199	1.0	1.0	1.0
ARHGAP39	1	0	0	1.0	0.049	1.0	0.6435006435006435	0.927176481303382	1.0	1.0	1.0
BOD1L1	2	0	0	1.0	0.111	1.0	0.6472491909385113	0.9288180649512678	1.0	1.0	1.0
SQRDL	1	0	0	1.0	0.18	1.0	0.6493506493506493	0.9297288418347649	1.0	1.0	1.0
AADACL4	1	0	0	1.0	0.126	1.0	0.6501950585175552	0.9300928940724656	1.0	1.0	1.0
COL16A1	1	0	0	1.0	0.07	1.0	0.6531678641410843	0.9313658502126366	1.0	1.0	1.0
DMBT1	2	0	0	1.0	0.072	1.0	0.6540222367560498	0.9317291870156477	1.0	1.0	1.0
RYR1	3	0	0	1.0	0.25433333333333336	1.0	0.6540222367560498	0.9317291870156477	1.0	1.0	1.0
LRRN2	1	0	0	1.0	0.078	1.0	0.6548788474132285	0.9320923550992111	1.0	1.0	1.0
PCID2	1	0	0	1.0	0.28300000000000003	1.0	0.6565988181221274	0.9328181706585849	1.0	1.0	1.0
AHCTF1	2	0	0	1.0	0.105	1.0	0.6605019815059445	0.9344485832333269	1.0	1.0	1.0
FASTKD5	1	0	0	1.0	0.057	1.0	0.6644518272425249	0.9360750154158399	1.0	1.0	1.0
DNASE1	1	0	0	1.0	0.055	1.0	0.6644518272425249	0.9360750154158399	1.0	1.0	1.0
PAPPA2	1	0	0	1.0	0.038	1.0	0.6688963210702341	0.9378770614332106	1.0	1.0	1.0
BCOR	2	0	0	1.0	0.33299999999999996	1.0	0.6693440428380187	0.9380569522828819	1.0	1.0	1.0
F5	1	0	0	1.0	0.038	1.0	0.6711409395973155	0.938775919434475	1.0	1.0	1.0
KIAA0556	1	0	0	1.0	0.05	1.0	0.6711409395973155	0.938775919434475	1.0	1.0	1.0
SVIL	1	0	0	1.0	0.07	1.0	0.6724949562878278	0.939314504020187	1.0	1.0	1.0
LCT	2	0	0	1.0	0.0525	1.0	0.6738544474393531	0.9398525234132	1.0	1.0	1.0
ATP8B2	1	0	0	1.0	0.225	1.0	0.6788866259334692	0.9418201883777958	1.0	1.0	1.0
COL11A1	2	0	0	1.0	0.2945	1.0	0.6793478260869565	0.9419986550996498	1.0	1.0	1.0
PLXNA2	1	0	0	1.0	0.20199999999999999	1.0	0.6811989100817438	0.9427118053081225	1.0	1.0	1.0
P2RY6	1	0	0	1.0	0.053	1.0	0.6887052341597796	0.9455522840238322	1.0	1.0	1.0
ELTD1	1	0	0	1.0	0.06	1.0	0.6891798759476223	0.9457291343225712	1.0	1.0	1.0
PREX2	2	0	0	1.0	0.359	1.0	0.691085003455425	0.9464356929159272	1.0	1.0	1.0
MUC21	1	0	0	1.0	0.083	1.0	0.693000693000693	0.9471408730365446	1.0	1.0	1.0
ERCC3	1	0	0	1.0	0.145	1.0	0.6934812760055479	0.9473169478937291	1.0	1.0	1.0
RBM12B	1	0	0	1.0	0.017	1.0	0.6963788300835655	0.9483714976504404	1.0	1.0	1.0
ZNF780A	1	0	0	1.0	0.011000000000000001	1.0	0.6978367062107467	0.9488975218744137	1.0	1.0	1.0
HABP2	1	0	0	1.0	0.078	1.0	0.6988120195667366	0.9492477292622739	1.0	1.0	1.0
PPP1R10	1	0	0	1.0	0.212	1.0	0.7017543859649122	0.9502960096285009	1.0	1.0	1.0
RDH8	2	0	0	1.0	0.094	1.0	0.7062146892655368	0.9518615785815876	1.0	1.0	1.0
HCN2	1	0	0	1.0	0.168	1.0	0.7062146892655368	0.9518615785815876	1.0	1.0	1.0
ADAMTSL1	1	0	0	1.0	0.054000000000000006	1.0	0.7067137809187279	0.9520350043075625	1.0	1.0	1.0
C20orf85	1	0	0	1.0	0.057999999999999996	1.0	0.7087172218284904	0.9527276207446328	1.0	1.0	1.0
DNAJC5G	1	0	0	1.0	0.10300000000000001	1.0	0.7142857142857143	0.9546230261580093	1.0	1.0	1.0
KLC4	1	0	0	1.0	0.20800000000000002	1.0	0.7173601147776184	0.9556508696831651	1.0	1.0	1.0
MARK2	1	0	0	1.0	0.077	1.0	0.7209805335255948	0.9568443701028799	1.0	1.0	1.0
IL21	1	0	0	1.0	0.062	1.0	0.7230657989877078	0.9575235377314686	1.0	1.0	1.0
KIF20A	1	0	0	1.0	0.129	1.0	0.7246376811594203	0.9580315211370386	1.0	1.0	1.0
FBN3	2	0	0	1.0	0.09699999999999999	1.0	0.7251631617113851	0.9582005792684298	1.0	1.0	1.0
FAHD2A	1	0	0	1.0	0.09300000000000001	1.0	0.7256894049346879	0.9583695011549106	1.0	1.0	1.0
FAT4	1	0	0	1.0	0.08800000000000001	1.0	0.7283321194464676	0.9592120369889541	1.0	1.0	1.0
MMP8	1	0	0	1.0	0.085	1.0	0.7352941176470589	0.9613858086382063	1.0	1.0	1.0
FAM83A	1	0	0	1.0	0.039	1.0	0.7369196757553427	0.9618838473491025	1.0	1.0	1.0
PSD4	1	0	0	1.0	0.045	1.0	0.7374631268436578	0.9620495497921857	1.0	1.0	1.0
BZRAP1	1	0	0	1.0	0.013999999999999999	1.0	0.7385524372230429	0.9623804833752462	1.0	1.0	1.0
NR0B2	1	0	0	1.0	0.057999999999999996	1.0	0.7390983000739099	0.962545712630193	1.0	1.0	1.0
ITLN2	1	0	0	1.0	0.081	1.0	0.7434944237918215	0.963861719742604	1.0	1.0	1.0
SHPRH	1	0	0	1.0	0.1	1.0	0.7468259895444361	0.964841722710258	1.0	1.0	1.0
ARID3C	1	0	0	1.0	0.027000000000000003	1.0	0.7496251874062968	0.9656536338031724	1.0	1.0	1.0
MYH15	1	0	0	1.0	0.047	1.0	0.7518796992481203	0.9662999565666635	1.0	1.0	1.0
TMEM126B	1	0	0	1.0	0.055	1.0	0.7524454477050414	0.9664610833191184	1.0	1.0	1.0
ARID2	1	0	0	1.0	0.075	1.0	0.7530120481927711	0.9666220263962667	1.0	1.0	1.0
LONRF3	1	0	0	1.0	0.092	1.0	0.7541478129713424	0.9669433572878362	1.0	1.0	1.0
TTC9C	1	0	0	1.0	0.2	1.0	0.7668711656441718	0.9704267358163046	1.0	1.0	1.0
ZC3H7B	1	0	0	1.0	0.055	1.0	0.7674597083653109	0.9705827307311651	1.0	1.0	1.0
DPPA2	1	0	0	1.0	0.03	1.0	0.7680491551459293	0.970738512892763	1.0	1.0	1.0
GABRA2	1	0	0	1.0	0.146	1.0	0.7704160246533128	0.9713594902017706	1.0	1.0	1.0
SZT2	2	0	0	1.0	0.18350000000000002	1.0	0.7739938080495357	0.9722843694740017	1.0	1.0	1.0
ZNF462	1	0	0	1.0	0.006999999999999999	1.0	0.7739938080495357	0.9722843694740017	1.0	1.0	1.0
ATP12A	1	0	0	1.0	0.037000000000000005	1.0	0.7763975155279503	0.9728964500637903	1.0	1.0	1.0
ARHGAP10	2	0	0	1.0	0.047	1.0	0.778816199376947	0.9735048327630603	1.0	1.0	1.0
MAST4	1	0	0	1.0	0.043	1.0	0.7905138339920948	0.9763415985608566	1.0	1.0	1.0
FNDC7	1	0	0	1.0	0.015	1.0	0.8032128514056225	0.9792253252342739	1.0	1.0	1.0
ARHGEF15	2	0	0	1.0	0.0935	1.0	0.8090614886731392	0.9804857273749992	1.0	1.0	1.0
PSMD1	1	0	0	1.0	0.154	1.0	0.8097165991902834	0.9806242672712069	1.0	1.0	1.0
MDC1	2	0	0	1.0	0.036000000000000004	1.0	0.8176614881439084	0.9822623521709201	1.0	1.0	1.0
MUC5B	3	0	0	1.0	0.031000000000000003	1.0	0.8223684210526315	0.9831963680460323	1.0	1.0	1.0
ZNF385D	2	0	0	1.0	0.172	1.0	0.8257638315441783	0.9838533976638771	1.0	1.0	1.0
MUC16	4	0	0	1.0	0.053750000000000006	1.0	0.8264462809917356	0.9839837682716114	1.0	1.0	1.0
H1F0	1	0	0	1.0	0.059000000000000004	1.0	0.8264462809917356	0.9839837682716114	1.0	1.0	1.0
MLLT6	2	0	0	1.0	0.14100000000000001	1.0	0.8285004142502072	0.984372777228993	1.0	1.0	1.0
SLC30A5	1	0	0	1.0	0.07	1.0	0.8285004142502072	0.984372777228993	1.0	1.0	1.0
JOSD2	1	0	0	1.0	0.062	1.0	0.835421888053467	0.9856461374902558	1.0	1.0	1.0
TRAF2	1	0	0	1.0	0.084	1.0	0.8361204013377926	0.9857714511107358	1.0	1.0	1.0
TBC1D2	2	0	0	1.0	0.07400000000000001	1.0	0.8396305625524769	0.9863923512788942	1.0	1.0	1.0
ZNF629	1	0	0	1.0	0.012	1.0	0.8525149190110827	0.9885460952014821	1.0	1.0	1.0
PCLO	1	0	0	1.0	0.037000000000000005	1.0	0.8865248226950354	0.9933033271949177	1.0	1.0	1.0
NF1	4	0	0	1.0	0.2275	1.0	0.9587727708533078	0.9991382320408777	1.0	1.0	1.0
KL	1	0	0	1.0	0.0	1.0	1.0	1.0	1.0	1.0	1.0
GPC5	1	0	0	1.0	0.0	1.0	1.0	1.0	1.0	1.0	1.0
CDKL5	1	0	0	1.0	0.0	1.0	1.0	1.0	1.0	1.0	1.0
TM9SF4	1	0	0	1.0	0.0	1.0	1.0	1.0	1.0	1.0	1.0
LAMA5	1	0	0	1.0	0.0	1.0	1.0	1.0	1.0	1.0	1.0
COL4A5	1	0	0	1.0	0.0	1.0	1.0	1.0	1.0	1.0	1.0
MATN4	1	0	0	1.0	0.0	1.0	1.0	1.0	1.0	1.0	1.0
CUL4B	1	0	0	1.0	0.0	1.0	1.0	1.0	1.0	1.0	1.0
MAGEA6	1	0	0	1.0	0.0	1.0	1.0	1.0	1.0	1.0	1.0
FLT1	1	0	0	1.0	0.0	1.0	1.0	1.0	1.0	1.0	1.0
SPATA13	1	0	0	1.0	0.0	1.0	1.0	1.0	1.0	1.0	1.0
SLC2A10	1	0	0	1.0	0.0	1.0	1.0	1.0	1.0	1.0	1.0
ESX1	1	0	0	1.0	0.0	1.0	1.0	1.0	1.0	1.0	1.0
FRMPD4	1	0	0	1.0	0.0	1.0	1.0	1.0	1.0	1.0	1.0
ZNF70	1	0	0	1.0	0.0	1.0	1.0	1.0	1.0	1.0	1.0
SERTM1	1	0	0	1.0	0.0	1.0	1.0	1.0	1.0	1.0	1.0
AMER1	1	0	0	1.0	0.0	1.0	1.0	1.0	1.0	1.0	1.0
SPAG4	1	0	0	1.0	0.0	1.0	1.0	1.0	1.0	1.0	1.0
SREBF2	1	0	0	1.0	0.0	1.0	1.0	1.0	1.0	1.0	1.0
SCUBE1	1	0	0	1.0	0.0	1.0	1.0	1.0	1.0	1.0	1.0
SGSM1	2	0	0	1.0	0.0	1.0	1.0	1.0	1.0	1.0	1.0
KAL1	1	0	0	1.0	0.0	1.0	1.0	1.0	1.0	1.0	1.0
FAM127C	1	0	0	1.0	0.0	1.0	1.0	1.0	1.0	1.0	1.0
PI3	1	0	0	1.0	0.0	1.0	1.0	1.0	1.0	1.0	1.0
DCAF12L1	1	0	0	1.0	0.0	1.0	1.0	1.0	1.0	1.0	1.0
MAGEA12	1	0	0	1.0	0.0	1.0	1.0	1.0	1.0	1.0	1.0
PIM2	1	0	0	1.0	0.0	1.0	1.0	1.0	1.0	1.0	1.0
MCF2	1	0	0	1.0	0.0	1.0	1.0	1.0	1.0	1.0	1.0
PPARGC1A	1	0	0	1.0	0.0	1.0	1.0	1.0	1.0	1.0	1.0
NOA1	1	0	0	1.0	0.0	1.0	1.0	1.0	1.0	1.0	1.0
NAF1	1	0	0	1.0	0.0	1.0	1.0	1.0	1.0	1.0	1.0
SSX5	1	0	0	1.0	0.0	1.0	1.0	1.0	1.0	1.0	1.0
TAB3	1	0	0	1.0	0.0	1.0	1.0	1.0	1.0	1.0	1.0
GAK	1	0	0	1.0	0.0	1.0	1.0	1.0	1.0	1.0	1.0
EVC	1	0	0	1.0	0.0	1.0	1.0	1.0	1.0	1.0	1.0
KRTAP6-2	1	0	0	1.0	0.0	1.0	1.0	1.0	1.0	1.0	1.0
TKTL1	1	0	0	1.0	0.0	1.0	1.0	1.0	1.0	1.0	1.0
EGF	1	0	0	1.0	0.0	1.0	1.0	1.0	1.0	1.0	1.0
BBS7	1	0	0	1.0	0.0	1.0	1.0	1.0	1.0	1.0	1.0
ADAMTS3	1	0	0	1.0	0.0	1.0	1.0	1.0	1.0	1.0	1.0
SERPINB2	1	0	0	1.0	0.0	1.0	1.0	1.0	1.0	1.0	1.0
USP9X	3	0	0	1.0	0.0	1.0	1.0	1.0	1.0	1.0	1.0
RBP3	1	0	0	1.0	0.0	1.0	1.0	1.0	1.0	1.0	1.0
VSIG4	1	0	0	1.0	0.0	1.0	1.0	1.0	1.0	1.0	1.0
PTCHD3	1	0	0	1.0	0.0	1.0	1.0	1.0	1.0	1.0	1.0
PNLIPRP2	1	0	0	1.0	0.0	1.0	1.0	1.0	1.0	1.0	1.0
NUTM2A	1	0	0	1.0	0.0	1.0	1.0	1.0	1.0	1.0	1.0
ZNF185	1	0	0	1.0	0.0	1.0	1.0	1.0	1.0	1.0	1.0
FRMD4A	1	0	0	1.0	0.0	1.0	1.0	1.0	1.0	1.0	1.0
KRTAP12-3	1	0	0	1.0	0.0	1.0	1.0	1.0	1.0	1.0	1.0
FAM175B	1	0	0	1.0	0.0	1.0	1.0	1.0	1.0	1.0	1.0
PROM1	1	0	0	1.0	0.0	1.0	1.0	1.0	1.0	1.0	1.0
RBM47	1	0	0	1.0	0.0	1.0	1.0	1.0	1.0	1.0	1.0
TACC3	1	0	0	1.0	0.0	1.0	1.0	1.0	1.0	1.0	1.0
YTHDC1	1	0	0	1.0	0.0	1.0	1.0	1.0	1.0	1.0	1.0
C20orf96	1	0	0	1.0	0.0	1.0	1.0	1.0	1.0	1.0	1.0
MXRA5	1	0	0	1.0	0.0	1.0	1.0	1.0	1.0	1.0	1.0
NAP1L2	1	0	0	1.0	0.0	1.0	1.0	1.0	1.0	1.0	1.0
BCAS1	1	0	0	1.0	0.0	1.0	1.0	1.0	1.0	1.0	1.0
PRTG	2	0	0	1.0	0.0	1.0	1.0	1.0	1.0	1.0	1.0
OR4F6	1	0	0	1.0	0.0	1.0	1.0	1.0	1.0	1.0	1.0
MTMR10	1	0	0	1.0	0.0	1.0	1.0	1.0	1.0	1.0	1.0
IL16	1	0	0	1.0	0.0	1.0	1.0	1.0	1.0	1.0	1.0
FEM1B	1	0	0	1.0	0.0	1.0	1.0	1.0	1.0	1.0	1.0
CCNDBP1	1	0	0	1.0	0.0	1.0	1.0	1.0	1.0	1.0	1.0
NUTM1	1	0	0	1.0	0.0	1.0	1.0	1.0	1.0	1.0	1.0
EMILIN3	1	0	0	1.0	0.0	1.0	1.0	1.0	1.0	1.0	1.0
ANPEP	1	0	0	1.0	0.0	1.0	1.0	1.0	1.0	1.0	1.0
TRHR	1	0	0	1.0	0.0	1.0	1.0	1.0	1.0	1.0	1.0
PRPS2	1	0	0	1.0	0.0	1.0	1.0	1.0	1.0	1.0	1.0
RP1	1	0	0	1.0	0.0	1.0	1.0	1.0	1.0	1.0	1.0
LCA5L	1	0	0	1.0	0.0	1.0	1.0	1.0	1.0	1.0	1.0
PKHD1L1	1	0	0	1.0	0.0	1.0	1.0	1.0	1.0	1.0	1.0
PDE7A	1	0	0	1.0	0.0	1.0	1.0	1.0	1.0	1.0	1.0
MYOM2	1	0	0	1.0	0.0	1.0	1.0	1.0	1.0	1.0	1.0
MICU3	1	0	0	1.0	0.0	1.0	1.0	1.0	1.0	1.0	1.0
LPL	1	0	0	1.0	0.0	1.0	1.0	1.0	1.0	1.0	1.0
KAT6A	1	0	0	1.0	0.0	1.0	1.0	1.0	1.0	1.0	1.0
FAM167A	1	0	0	1.0	0.0	1.0	1.0	1.0	1.0	1.0	1.0
VPS13B	1	0	0	1.0	0.0	1.0	1.0	1.0	1.0	1.0	1.0
UGT2B4	1	0	0	1.0	0.0	1.0	1.0	1.0	1.0	1.0	1.0
KDM5A	1	0	0	1.0	0.0	1.0	1.0	1.0	1.0	1.0	1.0
ZNF79	1	0	0	1.0	0.0	1.0	1.0	1.0	1.0	1.0	1.0
PLCL1	1	0	0	1.0	0.0	1.0	1.0	1.0	1.0	1.0	1.0
OXER1	1	0	0	1.0	0.0	1.0	1.0	1.0	1.0	1.0	1.0
NOP58	1	0	0	1.0	0.0	1.0	1.0	1.0	1.0	1.0	1.0
MYT1L	1	0	0	1.0	0.0	1.0	1.0	1.0	1.0	1.0	1.0
MSH6	1	0	0	1.0	0.0	1.0	1.0	1.0	1.0	1.0	1.0
MERTK	1	0	0	1.0	0.0	1.0	1.0	1.0	1.0	1.0	1.0
LRP1B	1	0	0	1.0	0.0	1.0	1.0	1.0	1.0	1.0	1.0
LIPT1	1	0	0	1.0	0.0	1.0	1.0	1.0	1.0	1.0	1.0
INPP4A	1	0	0	1.0	0.0	1.0	1.0	1.0	1.0	1.0	1.0
FANCL	1	0	0	1.0	0.0	1.0	1.0	1.0	1.0	1.0	1.0
FAM179A	1	0	0	1.0	0.0	1.0	1.0	1.0	1.0	1.0	1.0
DDX18	1	0	0	1.0	0.0	1.0	1.0	1.0	1.0	1.0	1.0
BAZ2B	1	0	0	1.0	0.0	1.0	1.0	1.0	1.0	1.0	1.0
PREB	1	0	0	1.0	0.0	1.0	1.0	1.0	1.0	1.0	1.0
APOB	1	0	0	1.0	0.0	1.0	1.0	1.0	1.0	1.0	1.0
TRIM51	1	0	0	1.0	0.0	1.0	1.0	1.0	1.0	1.0	1.0
SCUBE2	1	0	0	1.0	0.0	1.0	1.0	1.0	1.0	1.0	1.0
PRG2	1	0	0	1.0	0.0	1.0	1.0	1.0	1.0	1.0	1.0
PPP1R14B	1	0	0	1.0	0.0	1.0	1.0	1.0	1.0	1.0	1.0
PC	1	0	0	1.0	0.0	1.0	1.0	1.0	1.0	1.0	1.0
OSBP	1	0	0	1.0	0.0	1.0	1.0	1.0	1.0	1.0	1.0
OR8I2	1	0	0	1.0	0.0	1.0	1.0	1.0	1.0	1.0	1.0
OR10A3	1	0	0	1.0	0.0	1.0	1.0	1.0	1.0	1.0	1.0
NCAPD3	1	0	0	1.0	0.0	1.0	1.0	1.0	1.0	1.0	1.0
NAALADL1	1	0	0	1.0	0.0	1.0	1.0	1.0	1.0	1.0	1.0
KMT2A	1	0	0	1.0	0.0	1.0	1.0	1.0	1.0	1.0	1.0
MICAL2	1	0	0	1.0	0.0	1.0	1.0	1.0	1.0	1.0	1.0
KCNC1	1	0	0	1.0	0.0	1.0	1.0	1.0	1.0	1.0	1.0
AFTPH	1	0	0	1.0	0.0	1.0	1.0	1.0	1.0	1.0	1.0
PXDN	1	0	0	1.0	0.0	1.0	1.0	1.0	1.0	1.0	1.0
QPCT	1	0	0	1.0	0.0	1.0	1.0	1.0	1.0	1.0	1.0
SAG	1	0	0	1.0	0.0	1.0	1.0	1.0	1.0	1.0	1.0
HEMK1	1	0	0	1.0	0.0	1.0	1.0	1.0	1.0	1.0	1.0
COL6A6	1	0	0	1.0	0.0	1.0	1.0	1.0	1.0	1.0	1.0
BOC	1	0	0	1.0	0.0	1.0	1.0	1.0	1.0	1.0	1.0
ALS2CL	1	0	0	1.0	0.0	1.0	1.0	1.0	1.0	1.0	1.0
ZZEF1	1	0	0	1.0	0.0	1.0	1.0	1.0	1.0	1.0	1.0
SMYD4	1	0	0	1.0	0.0	1.0	1.0	1.0	1.0	1.0	1.0
SLC35B1	1	0	0	1.0	0.0	1.0	1.0	1.0	1.0	1.0	1.0
RFNG	1	0	0	1.0	0.0	1.0	1.0	1.0	1.0	1.0	1.0
PIGW	1	0	0	1.0	0.0	1.0	1.0	1.0	1.0	1.0	1.0
OTOP3	1	0	0	1.0	0.0	1.0	1.0	1.0	1.0	1.0	1.0
NT5M	1	0	0	1.0	0.0	1.0	1.0	1.0	1.0	1.0	1.0
LRRC37B	1	0	0	1.0	0.0	1.0	1.0	1.0	1.0	1.0	1.0
KSR1	1	0	0	1.0	0.0	1.0	1.0	1.0	1.0	1.0	1.0
KRTAP1-1	1	0	0	1.0	0.0	1.0	1.0	1.0	1.0	1.0	1.0
GAA	2	0	0	1.0	0.0	1.0	1.0	1.0	1.0	1.0	1.0
G6PC3	1	0	0	1.0	0.0	1.0	1.0	1.0	1.0	1.0	1.0
FDXR	1	0	0	1.0	0.0	1.0	1.0	1.0	1.0	1.0	1.0
DNAH17	2	0	0	1.0	0.0	1.0	1.0	1.0	1.0	1.0	1.0
CSH2	1	0	0	1.0	0.0	1.0	1.0	1.0	1.0	1.0	1.0
CDC27	1	0	0	1.0	0.0	1.0	1.0	1.0	1.0	1.0	1.0
CD300LG	1	0	0	1.0	0.0	1.0	1.0	1.0	1.0	1.0	1.0
CD300LB	1	0	0	1.0	0.0	1.0	1.0	1.0	1.0	1.0	1.0
CACNA1G	1	0	0	1.0	0.0	1.0	1.0	1.0	1.0	1.0	1.0
ALOX15B	1	0	0	1.0	0.0	1.0	1.0	1.0	1.0	1.0	1.0
ADAM11	1	0	0	1.0	0.0	1.0	1.0	1.0	1.0	1.0	1.0
TSGA10	1	0	0	1.0	0.0	1.0	1.0	1.0	1.0	1.0	1.0
THSD7B	1	0	0	1.0	0.0	1.0	1.0	1.0	1.0	1.0	1.0
TGFBRAP1	1	0	0	1.0	0.0	1.0	1.0	1.0	1.0	1.0	1.0
SNTG2	1	0	0	1.0	0.0	1.0	1.0	1.0	1.0	1.0	1.0
HEPN1	1	0	0	1.0	0.0	1.0	1.0	1.0	1.0	1.0	1.0
FAM111B	1	0	0	1.0	0.0	1.0	1.0	1.0	1.0	1.0	1.0
FADS2	1	0	0	1.0	0.0	1.0	1.0	1.0	1.0	1.0	1.0
DYNC2H1	1	0	0	1.0	0.0	1.0	1.0	1.0	1.0	1.0	1.0
ABHD8	1	0	0	1.0	0.0	1.0	1.0	1.0	1.0	1.0	1.0
WARS2	1	0	0	1.0	0.0	1.0	1.0	1.0	1.0	1.0	1.0
UBR4	1	0	0	1.0	0.0	1.0	1.0	1.0	1.0	1.0	1.0
TGFBR3	1	0	0	1.0	0.0	1.0	1.0	1.0	1.0	1.0	1.0
STK40	1	0	0	1.0	0.0	1.0	1.0	1.0	1.0	1.0	1.0
SPAG17	1	0	0	1.0	0.0	1.0	1.0	1.0	1.0	1.0	1.0
SLC5A9	1	0	0	1.0	0.0	1.0	1.0	1.0	1.0	1.0	1.0
SEMA4A	1	0	0	1.0	0.0	1.0	1.0	1.0	1.0	1.0	1.0
RSBN1	1	0	0	1.0	0.0	1.0	1.0	1.0	1.0	1.0	1.0
PRG4	1	0	0	1.0	0.0	1.0	1.0	1.0	1.0	1.0	1.0
PKN2	1	0	0	1.0	0.0	1.0	1.0	1.0	1.0	1.0	1.0
PADI3	1	0	0	1.0	0.0	1.0	1.0	1.0	1.0	1.0	1.0
PADI2	1	0	0	1.0	0.0	1.0	1.0	1.0	1.0	1.0	1.0
OR6K3	1	0	0	1.0	0.0	1.0	1.0	1.0	1.0	1.0	1.0
OAZ3	1	0	0	1.0	0.0	1.0	1.0	1.0	1.0	1.0	1.0
NBPF14	2	2	0	0.0	0.0	1.0	1.0	1.0	1.0	1.0	1.0
LPPR4	1	0	0	1.0	0.0	1.0	1.0	1.0	1.0	1.0	1.0
KDM5B	1	0	0	1.0	0.0	1.0	1.0	1.0	1.0	1.0	1.0
KCNT2	1	0	0	1.0	0.0	1.0	1.0	1.0	1.0	1.0	1.0
ITGA10	1	0	0	1.0	0.0	1.0	1.0	1.0	1.0	1.0	1.0
GATAD2B	1	0	0	1.0	0.0	1.0	1.0	1.0	1.0	1.0	1.0
FAM72B	1	0	0	1.0	0.0	1.0	1.0	1.0	1.0	1.0	1.0
FAM71A	1	0	0	1.0	0.0	1.0	1.0	1.0	1.0	1.0	1.0
EPHB2	2	0	0	1.0	0.0	1.0	1.0	1.0	1.0	1.0	1.0
DNASE2B	1	0	0	1.0	0.0	1.0	1.0	1.0	1.0	1.0	1.0
CYP4A11	1	0	0	1.0	0.0	1.0	1.0	1.0	1.0	1.0	1.0
CSDE1	1	0	0	1.0	0.0	1.0	1.0	1.0	1.0	1.0	1.0
CDC73	1	0	0	1.0	0.0	1.0	1.0	1.0	1.0	1.0	1.0
BMP8A	1	0	0	1.0	0.0	1.0	1.0	1.0	1.0	1.0	1.0
AURKC	1	0	0	1.0	0.0	1.0	1.0	1.0	1.0	1.0	1.0
ITIH1	1	0	0	1.0	0.0	1.0	1.0	1.0	1.0	1.0	1.0
C19orf73	1	0	0	1.0	0.0	1.0	1.0	1.0	1.0	1.0	1.0
CEACAM6	1	0	0	1.0	0.0	1.0	1.0	1.0	1.0	1.0	1.0
DTX4	1	0	0	1.0	0.0	1.0	1.0	1.0	1.0	1.0	1.0
CKAP5	1	0	0	1.0	0.0	1.0	1.0	1.0	1.0	1.0	1.0
CDC42BPG	1	0	0	1.0	0.0	1.0	1.0	1.0	1.0	1.0	1.0
C11orf84	1	0	0	1.0	0.0	1.0	1.0	1.0	1.0	1.0	1.0
ATM	1	0	0	1.0	0.0	1.0	1.0	1.0	1.0	1.0	1.0
AP5B1	1	0	0	1.0	0.0	1.0	1.0	1.0	1.0	1.0	1.0
WDR62	1	0	0	1.0	0.0	1.0	1.0	1.0	1.0	1.0	1.0
TSHZ3	1	0	0	1.0	0.0	1.0	1.0	1.0	1.0	1.0	1.0
STRN4	1	0	0	1.0	0.0	1.0	1.0	1.0	1.0	1.0	1.0
RINL	1	0	0	1.0	0.0	1.0	1.0	1.0	1.0	1.0	1.0
RAB11B	1	0	0	1.0	0.0	1.0	1.0	1.0	1.0	1.0	1.0
PRMT1	1	0	0	1.0	0.0	1.0	1.0	1.0	1.0	1.0	1.0
PRKACA	1	0	0	1.0	0.0	1.0	1.0	1.0	1.0	1.0	1.0
PPP1R13L	1	0	0	1.0	0.0	1.0	1.0	1.0	1.0	1.0	1.0
PODNL1	1	0	0	1.0	0.0	1.0	1.0	1.0	1.0	1.0	1.0
PKN1	1	0	0	1.0	0.0	1.0	1.0	1.0	1.0	1.0	1.0
OR7G2	1	0	0	1.0	0.0	1.0	1.0	1.0	1.0	1.0	1.0
OPA3	1	0	0	1.0	0.0	1.0	1.0	1.0	1.0	1.0	1.0
NLRP8	1	0	0	1.0	0.0	1.0	1.0	1.0	1.0	1.0	1.0
NLRP4	1	0	0	1.0	0.0	1.0	1.0	1.0	1.0	1.0	1.0
NFIC	1	0	0	1.0	0.0	1.0	1.0	1.0	1.0	1.0	1.0
KLK12	1	0	0	1.0	0.0	1.0	1.0	1.0	1.0	1.0	1.0
EPOR	1	0	0	1.0	0.0	1.0	1.0	1.0	1.0	1.0	1.0
EMR3	1	0	0	1.0	0.0	1.0	1.0	1.0	1.0	1.0	1.0
ELANE	1	0	0	1.0	0.0	1.0	1.0	1.0	1.0	1.0	1.0
EIF3K	1	0	0	1.0	0.0	1.0	1.0	1.0	1.0	1.0	1.0
CREB3L3	1	0	0	1.0	0.0	1.0	1.0	1.0	1.0	1.0	1.0
CIC	1	0	0	1.0	0.0	1.0	1.0	1.0	1.0	1.0	1.0
CHERP	1	0	0	1.0	0.0	1.0	1.0	1.0	1.0	1.0	1.0
CACNA1A	1	0	0	1.0	0.0	1.0	1.0	1.0	1.0	1.0	1.0
AIFM1	1	0	0	1.0	0.0	1.0	1.0	1.0	1.0	1.0	1.0
ITIH3	1	0	0	1.0	0.0	1.0	1.0	1.0	1.0	1.0	1.0
LAMB2	1	0	0	1.0	0.0	1.0	1.0	1.0	1.0	1.0	1.0
IGHG4	1	0	0	1.0	0.0	1.0	1.0	1.0	1.0	1.0	1.0
IGHD	1	0	0	1.0	0.0	1.0	1.0	1.0	1.0	1.0	1.0
BCL11B	1	0	0	1.0	0.0	1.0	1.0	1.0	1.0	1.0	1.0
ARHGEF40	1	0	0	1.0	0.0	1.0	1.0	1.0	1.0	1.0	1.0
UGT3A2	1	0	0	1.0	0.0	1.0	1.0	1.0	1.0	1.0	1.0
TRIM7	1	0	0	1.0	0.0	1.0	1.0	1.0	1.0	1.0	1.0
TAF9	1	0	0	1.0	0.0	1.0	1.0	1.0	1.0	1.0	1.0
SLC35A4	1	0	0	1.0	0.0	1.0	1.0	1.0	1.0	1.0	1.0
SIMC1	1	0	0	1.0	0.0	1.0	1.0	1.0	1.0	1.0	1.0
RUFY1	1	0	0	1.0	0.0	1.0	1.0	1.0	1.0	1.0	1.0
RAD50	1	0	0	1.0	0.0	1.0	1.0	1.0	1.0	1.0	1.0
PCDHGA6	1	0	0	1.0	0.0	1.0	1.0	1.0	1.0	1.0	1.0
PCDHGA4	1	0	0	1.0	0.0	1.0	1.0	1.0	1.0	1.0	1.0
PRKD1	1	0	0	1.0	0.0	1.0	1.0	1.0	1.0	1.0	1.0
MAP1B	1	0	0	1.0	0.0	1.0	1.0	1.0	1.0	1.0	1.0
KIAA0141	1	0	0	1.0	0.0	1.0	1.0	1.0	1.0	1.0	1.0
ERAP2	1	0	0	1.0	0.0	1.0	1.0	1.0	1.0	1.0	1.0
DOCK2	1	0	0	1.0	0.0	1.0	1.0	1.0	1.0	1.0	1.0
ARAP3	1	0	0	1.0	0.0	1.0	1.0	1.0	1.0	1.0	1.0
ANKHD1	2	0	0	1.0	0.0	1.0	1.0	1.0	1.0	1.0	1.0
ALDH7A1	1	0	0	1.0	0.0	1.0	1.0	1.0	1.0	1.0	1.0
ADCY2	1	0	0	1.0	0.0	1.0	1.0	1.0	1.0	1.0	1.0
ACSL6	1	0	0	1.0	0.0	1.0	1.0	1.0	1.0	1.0	1.0
ACOT12	2	0	0	1.0	0.0	1.0	1.0	1.0	1.0	1.0	1.0
UBE3C	1	0	0	1.0	0.0	1.0	1.0	1.0	1.0	1.0	1.0
TRGV3	1	0	0	1.0	0.0	1.0	1.0	1.0	1.0	1.0	1.0
TRBV7-1	1	0	0	1.0	0.0	1.0	1.0	1.0	1.0	1.0	1.0
TAS2R3	1	0	0	1.0	0.0	1.0	1.0	1.0	1.0	1.0	1.0
MAML1	1	0	0	1.0	0.0	1.0	1.0	1.0	1.0	1.0	1.0
SPTB	3	0	0	1.0	0.0	1.0	1.0	1.0	1.0	1.0	1.0
ATP6V0C	1	0	0	1.0	0.0	1.0	1.0	1.0	1.0	1.0	1.0
CDH15	1	0	0	1.0	0.0	1.0	1.0	1.0	1.0	1.0	1.0
TLE1	1	0	0	1.0	0.0	1.0	1.0	1.0	1.0	1.0	1.0
TJP2	1	0	0	1.0	0.0	1.0	1.0	1.0	1.0	1.0	1.0
TEK	1	0	0	1.0	0.0	1.0	1.0	1.0	1.0	1.0	1.0
TDRD7	1	0	0	1.0	0.0	1.0	1.0	1.0	1.0	1.0	1.0
TAF1L	1	0	0	1.0	0.0	1.0	1.0	1.0	1.0	1.0	1.0
PTPRD	1	0	0	1.0	0.0	1.0	1.0	1.0	1.0	1.0	1.0
PTPN3	1	0	0	1.0	0.0	1.0	1.0	1.0	1.0	1.0	1.0
PPP3R2	1	0	0	1.0	0.0	1.0	1.0	1.0	1.0	1.0	1.0
PPP1R26	1	0	0	1.0	0.0	1.0	1.0	1.0	1.0	1.0	1.0
PIGO	1	0	0	1.0	0.0	1.0	1.0	1.0	1.0	1.0	1.0
MPDZ	2	0	0	1.0	0.0	1.0	1.0	1.0	1.0	1.0	1.0
MAN1B1	1	0	0	1.0	0.0	1.0	1.0	1.0	1.0	1.0	1.0
KCNT1	1	0	0	1.0	0.0	1.0	1.0	1.0	1.0	1.0	1.0
FOCAD	1	0	0	1.0	0.0	1.0	1.0	1.0	1.0	1.0	1.0
FCN1	1	0	0	1.0	0.0	1.0	1.0	1.0	1.0	1.0	1.0
FANCC	1	0	0	1.0	0.0	1.0	1.0	1.0	1.0	1.0	1.0
DOCK8	1	0	0	1.0	0.0	1.0	1.0	1.0	1.0	1.0	1.0
BARHL1	1	0	0	1.0	0.0	1.0	1.0	1.0	1.0	1.0	1.0
ZNF319	1	0	0	1.0	0.0	1.0	1.0	1.0	1.0	1.0	1.0
SRRM2	2	0	0	1.0	0.0	1.0	1.0	1.0	1.0	1.0	1.0
PKD1L2	1	0	0	1.0	0.0	1.0	1.0	1.0	1.0	1.0	1.0
MSLNL	1	0	0	1.0	0.0	1.0	1.0	1.0	1.0	1.0	1.0
KCTD5	1	0	0	1.0	0.0	1.0	1.0	1.0	1.0	1.0	1.0
IL4R	1	0	0	1.0	0.0	1.0	1.0	1.0	1.0	1.0	1.0
CPNE2	1	0	0	1.0	0.0	1.0	1.0	1.0	1.0	1.0	1.0
CORO7	2	0	0	1.0	0.0	1.0	1.0	1.0	1.0	1.0	1.0
CNTNAP4	1	0	0	1.0	0.0	1.0	1.0	1.0	1.0	1.0	1.0
CDYL2	1	0	0	1.0	0.0	1.0	1.0	1.0	1.0	1.0	1.0
CDH16	1	0	0	1.0	0.0	1.0	1.0	1.0	1.0	1.0	1.0
SLC4A2	1	0	0	1.0	0.0	1.0	1.0	1.0	1.0	1.0	1.0
RBM33	1	0	0	1.0	0.0	1.0	1.0	1.0	1.0	1.0	1.0
POLD2	1	0	0	1.0	0.0	1.0	1.0	1.0	1.0	1.0	1.0
MGAM	1	0	0	1.0	0.0	1.0	1.0	1.0	1.0	1.0	1.0
SCAF8	1	0	0	1.0	0.0	1.0	1.0	1.0	1.0	1.0	1.0
RNF8	1	0	0	1.0	0.0	1.0	1.0	1.0	1.0	1.0	1.0
RFX6	1	0	0	1.0	0.0	1.0	1.0	1.0	1.0	1.0	1.0
PLEKHG1	1	0	0	1.0	0.0	1.0	1.0	1.0	1.0	1.0	1.0
MAPK13	1	0	0	1.0	0.0	1.0	1.0	1.0	1.0	1.0	1.0
LPA	1	0	0	1.0	0.0	1.0	1.0	1.0	1.0	1.0	1.0
LAMA4	1	0	0	1.0	0.0	1.0	1.0	1.0	1.0	1.0	1.0
GLTSCR1L	1	0	0	1.0	0.0	1.0	1.0	1.0	1.0	1.0	1.0
HIST1H4J	2	0	0	1.0	0.0	1.0	1.0	1.0	1.0	1.0	1.0
HEBP2	1	0	0	1.0	0.0	1.0	1.0	1.0	1.0	1.0	1.0
GPR126	1	0	0	1.0	0.0	1.0	1.0	1.0	1.0	1.0	1.0
FIG4	1	0	0	1.0	0.0	1.0	1.0	1.0	1.0	1.0	1.0
EDN1	1	0	0	1.0	0.0	1.0	1.0	1.0	1.0	1.0	1.0
DST	1	0	0	1.0	0.0	1.0	1.0	1.0	1.0	1.0	1.0
COL12A1	1	0	0	1.0	0.0	1.0	1.0	1.0	1.0	1.0	1.0
CDK19	1	0	0	1.0	0.0	1.0	1.0	1.0	1.0	1.0	1.0
CAGE1	1	0	0	1.0	0.0	1.0	1.0	1.0	1.0	1.0	1.0
C6orf58	1	0	0	1.0	0.0	1.0	1.0	1.0	1.0	1.0	1.0
C6orf211	1	0	0	1.0	0.0	1.0	1.0	1.0	1.0	1.0	1.0
AKAP12	1	0	0	1.0	0.0	1.0	1.0	1.0	1.0	1.0	1.0
ZPLD1	1	0	0	1.0	0.0	1.0	1.0	1.0	1.0	1.0	1.0
VPS8	1	0	0	1.0	0.0	1.0	1.0	1.0	1.0	1.0	1.0
UBA7	1	0	0	1.0	0.0	1.0	1.0	1.0	1.0	1.0	1.0
TRIM71	1	0	0	1.0	0.0	1.0	1.0	1.0	1.0	1.0	1.0
SCN5A	1	0	0	1.0	0.0	1.0	1.0	1.0	1.0	1.0	1.0
ROBO2	1	0	0	1.0	0.0	1.0	1.0	1.0	1.0	1.0	1.0
PIK3CB	1	0	0	1.0	0.0	1.0	1.0	1.0	1.0	1.0	1.0
P2RY1	1	0	0	1.0	0.0	1.0	1.0	1.0	1.0	1.0	1.0
NISCH	2	0	0	1.0	0.0	1.0	1.0	1.0	1.0	1.0	1.0
SLC22A2	1	0	0	1.0	0.0	1.0	1.0	1.0	1.0	1.0	1.0
KIF15	1	0	0	1.0	0.0	1.0	1.0	1.0	1.0	1.0	1.0
SYNE1	1	0	0	1.0	0.0	1.0	1.0	1.0	1.0	1.0	1.0
TNFAIP3	1	0	0	1.0	0.0	1.0	1.0	1.0	1.0	1.0	1.0
ING3	1	0	0	1.0	0.0	1.0	1.0	1.0	1.0	1.0	1.0
GLI3	1	0	0	1.0	0.0	1.0	1.0	1.0	1.0	1.0	1.0
EIF2AK1	1	0	0	1.0	0.0	1.0	1.0	1.0	1.0	1.0	1.0
DOCK4	1	0	0	1.0	0.0	1.0	1.0	1.0	1.0	1.0	1.0
CPSF4	1	0	0	1.0	0.0	1.0	1.0	1.0	1.0	1.0	1.0
TXNRD1	1	0	0	1.0	0.0	1.0	1.0	1.0	1.0	1.0	1.0
SLCO1C1	1	0	0	1.0	0.0	1.0	1.0	1.0	1.0	1.0	1.0
RSRC2	1	0	0	1.0	0.0	1.0	1.0	1.0	1.0	1.0	1.0
RNF10	1	0	0	1.0	0.0	1.0	1.0	1.0	1.0	1.0	1.0
PPFIA2	1	0	0	1.0	0.0	1.0	1.0	1.0	1.0	1.0	1.0
NR1H4	1	0	0	1.0	0.0	1.0	1.0	1.0	1.0	1.0	1.0
MYO1H	1	0	0	1.0	0.0	1.0	1.0	1.0	1.0	1.0	1.0
MPHOSPH9	1	0	0	1.0	0.0	1.0	1.0	1.0	1.0	1.0	1.0
KRT74	1	0	0	1.0	0.0	1.0	1.0	1.0	1.0	1.0	1.0
KLRD1	1	0	0	1.0	0.0	1.0	1.0	1.0	1.0	1.0	1.0
KLHL42	1	0	0	1.0	0.0	1.0	1.0	1.0	1.0	1.0	1.0
KCNH3	1	0	0	1.0	0.0	1.0	1.0	1.0	1.0	1.0	1.0
IPO8	1	0	0	1.0	0.0	1.0	1.0	1.0	1.0	1.0	1.0
HMGA2	1	0	0	1.0	0.0	1.0	1.0	1.0	1.0	1.0	1.0
GPR162	1	0	0	1.0	0.0	1.0	1.0	1.0	1.0	1.0	1.0
GNB3	1	0	0	1.0	0.0	1.0	1.0	1.0	1.0	1.0	1.0
BCL2L14	1	0	0	1.0	0.0	1.0	1.0	1.0	1.0	1.0	1.0
ATXN2	1	0	0	1.0	0.0	1.0	1.0	1.0	1.0	1.0	1.0
ASUN	1	0	0	1.0	0.0	1.0	1.0	1.0	1.0	1.0	1.0
ARL6IP4	1	0	0	1.0	0.0	1.0	1.0	1.0	1.0	1.0	1.0
APAF1	1	0	0	1.0	0.0	1.0	1.0	1.0	1.0	1.0	1.0
ALDH2	1	0	0	1.0	0.0	1.0	1.0	1.0	1.0	1.0	1.0
ZNF184	1	0	0	1.0	0.0	1.0	1.0	1.0	1.0	1.0	1.0
TUBE1	1	0	0	1.0	0.0	1.0	1.0	1.0	1.0	1.0	1.0
TCP10	1	0	0	1.0	0.0	1.0	1.0	1.0	1.0	1.0	1.0
SIK1	1	0	0	1.0	0.0	1.0	1.0	1.0	1.0	1.0	1.0
