Gene	ID	gene length	non-silent snv	silent snv	nonsense	lost stop	splice site	lost start	missense	recurrent missense	normalized missense position entropy	frameshift indel	inframe indel	normalized mutation entropy
ACBD3	NA	1587	1	0	0	0	0	0	1	0	1.0	0.0	0.0	1.0
ADAMTSL4	NA	3225	0	1	0	0	0	0	0	0	1.0	0.0	0.0	1.0
AHDC1	NA	4812	1	0	0	0	0	0	1	0	1.0	0.0	0.0	1.0
APOA1BP	NA	867	1	0	0	0	0	0	1	0	1.0	0.0	0.0	1.0
APOA2	NA	303	1	0	0	0	0	1	0	0	1.0	0.0	0.0	1.0
ASPM	NA	10434	1	0	0	0	0	0	1	0	1.0	0.0	0.0	1.0
ATAD3B	NA	1947	1	0	0	0	0	0	1	0	1.0	0.0	0.0	1.0
ATAD3C	NA	1236	1	0	0	0	0	0	1	0	1.0	0.0	0.0	1.0
ATP13A2	NA	3543	1	0	0	0	0	0	1	0	1.0	0.0	0.0	1.0
AVPR1B	NA	1275	1	0	0	0	0	0	1	0	1.0	0.0	0.0	1.0
BCL9	NA	4281	0	1	0	0	0	0	0	0	1.0	0.0	0.0	1.0
C1orf61	NA	471	1	0	0	0	0	0	1	0	1.0	0.0	0.0	1.0
CACNA1E	NA	6942	1	0	0	0	0	0	1	0	1.0	0.0	0.0	1.0
CD46	NA	1200	0	1	0	0	0	0	0	0	1.0	0.0	0.0	1.0
CELF3	NA	1398	0	1	0	0	0	0	0	0	1.0	0.0	0.0	1.0
CEP170	NA	4755	1	0	0	0	0	0	1	0	1.0	0.0	0.0	1.0
CFHR4	NA	1737	1	0	0	0	0	0	1	0	1.0	0.0	0.0	1.0
CRB1	NA	4221	1	0	0	0	0	0	1	0	1.0	0.0	0.0	1.0
DARS2	NA	1938	1	0	0	0	0	0	1	0	1.0	0.0	0.0	1.0
DENND2C	NA	2787	0	1	0	0	0	0	0	0	1.0	0.0	0.0	1.0
DNAH14	NA	13548	0	1	0	0	0	0	0	0	1.0	0.0	0.0	1.0
DNASE2B	NA	1086	1	0	0	0	0	0	1	0	1.0	0.0	0.0	1.0
DOCK7	NA	6390	2	0	1	0	0	0	1	0	1.0	0.0	0.0	1.0
DPYD	NA	3078	0	1	0	0	0	0	0	0	1.0	0.0	0.0	1.0
EDEM3	NA	2799	1	0	0	0	0	0	1	0	1.0	0.0	0.0	1.0
EIF4G3	NA	4866	2	0	0	0	0	0	2	0	1.0	0.0	0.0	1.0
EPB41	NA	2595	0	1	0	0	0	0	0	0	1.0	0.0	0.0	1.0
EPS8L3	NA	1785	1	0	0	0	0	0	1	0	1.0	0.0	0.0	1.0
FAM129A	NA	2787	1	0	0	0	0	0	1	0	1.0	0.0	0.0	1.0
FBXO2	NA	891	1	0	0	0	0	0	1	0	1.0	0.0	0.0	1.0
FCRLB	NA	1281	1	0	0	0	0	0	1	0	1.0	0.0	0.0	1.0
FLG	NA	12186	2	0	0	0	0	0	2	0	1.0	0.0	0.0	1.0
FNBP1L	NA	1818	1	0	0	0	0	0	1	0	1.0	0.0	0.0	1.0
FPGT-TNNI3K	NA	2850	0	1	0	0	0	0	0	0	1.0	0.0	0.0	1.0
FUCA1	NA	1401	0	1	0	0	0	0	0	0	1.0	0.0	0.0	1.0
GBP3	NA	1788	1	0	0	0	0	0	1	0	1.0	0.0	0.0	1.0
GNPAT	NA	2043	0	1	0	0	0	0	0	0	1.0	0.0	0.0	1.0
GPBP1L1	NA	1425	1	0	0	0	0	0	1	0	1.0	0.0	0.0	1.0
GPR52	NA	1086	1	0	0	0	0	0	1	0	1.0	0.0	0.0	1.0
HAPLN2	NA	1023	0	1	0	0	0	0	0	0	1.0	0.0	0.0	1.0
HMCN1	NA	16908	2	0	0	0	0	0	2	0	1.0	0.0	0.0	1.0
HORMAD1	NA	1185	1	1	0	0	0	0	1	0	1.0	0.0	0.0	1.0
ILDR2	NA	1920	1	0	0	0	0	0	1	0	1.0	0.0	0.0	1.0
KCND3	NA	1968	0	1	0	0	0	0	0	0	1.0	0.0	0.0	1.0
KIF14	NA	4947	0	1	0	0	0	0	0	0	1.0	0.0	0.0	1.0
KISS1	NA	417	0	1	0	0	0	0	0	0	1.0	0.0	0.0	1.0
KLHDC8A	NA	1053	1	0	0	0	0	0	1	0	1.0	0.0	0.0	1.0
LDLRAP1	NA	927	1	0	0	0	0	0	1	0	1.0	0.0	0.0	1.0
LHX8	NA	1071	0	1	0	0	0	0	0	0	1.0	0.0	0.0	1.0
LMO4	NA	498	0	1	0	0	0	0	0	0	1.0	0.0	0.0	1.0
LOR	NA	939	0	1	0	0	0	0	0	0	1.0	0.0	0.0	1.0
LPPR5	NA	966	1	0	0	0	0	0	1	0	1.0	0.0	0.0	1.0
LYST	NA	11406	2	0	0	0	0	0	2	0	1.0	0.0	0.0	1.0
MAB21L3	NA	1089	1	0	0	0	0	0	1	0	1.0	0.0	0.0	1.0
MACF1	NA	16293	1	0	0	0	1	0	0	0	1.0	0.0	0.0	1.0
MAP3K6	NA	3867	1	0	0	0	0	0	1	0	1.0	0.0	0.0	1.0
MFSD4	NA	1545	0	1	0	0	0	0	0	0	1.0	0.0	0.0	1.0
MTF2	NA	1782	1	0	0	0	0	0	1	0	1.0	0.0	0.0	1.0
NASP	NA	2367	1	0	0	0	0	0	1	0	1.0	0.0	0.0	1.0
NAV1	NA	5634	1	0	0	0	0	0	1	0	1.0	0.0	0.0	1.0
NBPF10	NA	10881	2	0	0	0	0	0	2	0	1.0	0.0	0.0	1.0
NOTCH2	NA	7416	0	1	0	0	0	0	0	0	1.0	0.0	0.0	1.0
NRAS	NA	570	2	0	0	0	0	0	2	0	1.0	0.0	0.0	1.0
NTNG1	NA	1620	0	1	0	0	0	0	0	0	1.0	0.0	0.0	1.0
NUAK2	NA	1887	1	0	0	0	0	0	1	0	1.0	0.0	0.0	1.0
OBSCN	NA	26772	1	0	0	0	0	0	1	0	1.0	0.0	0.0	1.0
OLFML3	NA	1221	1	0	0	0	0	0	1	0	1.0	0.0	0.0	1.0
OPN3	NA	1209	1	0	0	0	0	0	1	0	1.0	0.0	0.0	1.0
OR10K1	NA	942	0	1	0	0	0	0	0	0	1.0	0.0	0.0	1.0
OR2T34	NA	957	1	0	0	0	0	0	1	0	1.0	0.0	0.0	1.0
PER3	NA	3606	1	0	0	0	0	0	1	0	1.0	0.0	0.0	1.0
PEX19	NA	900	0	1	0	0	0	0	0	0	1.0	0.0	0.0	1.0
PGD	NA	1452	0	1	0	0	0	0	0	0	1.0	0.0	0.0	1.0
PIGR	NA	2295	1	0	0	0	0	0	1	0	1.0	0.0	0.0	1.0
PIK3CD	NA	3135	1	0	0	0	0	0	1	0	1.0	0.0	0.0	1.0
PLEKHN1	NA	1836	2	0	0	0	0	0	2	0	1.0	0.0	0.0	1.0
PRELP	NA	1149	0	1	0	0	0	0	0	0	1.0	0.0	0.0	1.0
PRKAA2	NA	1659	1	0	0	0	0	0	1	0	1.0	0.0	0.0	1.0
PROX1	NA	2214	1	0	1	0	0	0	0	0	1.0	0.0	0.0	1.0
PTBP2	NA	1596	1	0	0	0	0	0	1	0	1.0	0.0	0.0	1.0
PTGER3	NA	1257	1	0	0	0	0	0	1	0	1.0	0.0	0.0	1.0
PUM1	NA	3567	0	1	0	0	0	0	0	0	1.0	0.0	0.0	1.0
RBBP5	NA	1617	1	0	0	0	0	0	1	0	1.0	0.0	0.0	1.0
RNPC3	NA	1554	1	0	0	0	0	0	1	0	1.0	0.0	0.0	1.0
RYR2	NA	14904	1	0	0	0	0	0	1	0	1.0	0.0	0.0	1.0
SCCPDH	NA	1290	1	0	0	0	0	0	1	0	1.0	0.0	0.0	1.0
SELL	NA	1158	1	0	0	0	0	0	1	0	1.0	0.0	0.0	1.0
SELP	NA	2493	1	0	0	0	0	0	1	0	1.0	0.0	0.0	1.0
SKI	NA	2187	1	0	0	0	0	0	1	0	1.0	0.0	0.0	1.0
SLC1A7	NA	1683	1	0	0	0	0	0	1	0	1.0	0.0	0.0	1.0
SLC30A1	NA	1524	0	1	0	0	0	0	0	0	1.0	0.0	0.0	1.0
SLC30A7	NA	1131	1	0	0	0	0	0	1	0	1.0	0.0	0.0	1.0
SPEN	NA	10995	1	0	1	0	0	0	0	0	1.0	0.0	0.0	1.0
TACSTD2	NA	972	1	0	0	0	0	0	1	0	1.0	0.0	0.0	1.0
TCHH	NA	5832	0	1	0	0	0	0	0	0	1.0	0.0	0.0	1.0
TCHHL1	NA	2715	1	0	0	0	0	0	1	0	1.0	0.0	0.0	1.0
TMEM82	NA	1032	0	1	0	0	0	0	0	0	1.0	0.0	0.0	1.0
TNR	NA	4077	0	1	0	0	0	0	0	0	1.0	0.0	0.0	1.0
TOR1AIP1	NA	1755	0	1	0	0	0	0	0	0	1.0	0.0	0.0	1.0
TOR1AIP2	NA	1413	1	0	0	0	0	0	1	0	1.0	0.0	0.0	1.0
TP73	NA	1911	1	0	0	0	0	0	1	0	1.0	0.0	0.0	1.0
TTC13	NA	2583	1	0	0	0	0	0	1	0	1.0	0.0	0.0	1.0
UBR4	NA	15552	1	0	1	0	0	0	0	0	1.0	0.0	0.0	1.0
USH2A	NA	15609	1	0	0	0	0	0	1	0	1.0	0.0	0.0	1.0
USP1	NA	2358	1	0	0	0	0	0	1	0	1.0	0.0	0.0	1.0
VCAM1	NA	2220	1	0	0	0	0	0	1	0	1.0	0.0	0.0	1.0
VPS45	NA	1713	1	0	0	0	0	0	1	0	1.0	0.0	0.0	1.0
VSIG8	NA	1245	1	0	0	0	0	0	1	0	1.0	0.0	0.0	1.0
WASF2	NA	1497	1	0	0	0	0	0	1	0	1.0	0.0	0.0	1.0
ZC3H11A	NA	2433	1	0	0	0	0	0	1	0	1.0	0.0	0.0	1.0
ZNF697	NA	1638	1	1	0	0	0	0	1	0	1.0	0.0	0.0	1.0
ANKLE1	NA	2010	1	0	0	0	0	0	1	0	1.0	0.0	0.0	1.0
ARHGAP33	NA	3381	1	0	0	0	0	0	1	0	1.0	0.0	0.0	1.0
ARRDC5	NA	1029	1	0	0	0	0	0	1	0	1.0	0.0	0.0	1.0
ASNA1	NA	1047	1	0	0	0	0	0	1	0	1.0	0.0	0.0	1.0
ATCAY	NA	1116	1	0	0	0	0	0	1	0	1.0	0.0	0.0	1.0
C2CD4C	NA	1266	1	0	0	0	0	0	1	0	1.0	0.0	0.0	1.0
CAMSAP3	NA	3831	1	0	0	0	0	0	1	0	1.0	0.0	0.0	1.0
CARD8	NA	1614	2	0	1	0	0	0	1	0	1.0	0.0	0.0	1.0
CCDC151	NA	1788	1	0	0	0	1	0	0	0	1.0	0.0	0.0	1.0
CD97	NA	2508	1	0	0	0	0	0	1	0	1.0	0.0	0.0	1.0
CEBPA	NA	1077	0	1	0	0	0	0	0	0	1.0	0.0	0.0	1.0
CHERP	NA	2751	1	0	0	0	0	0	1	0	1.0	0.0	0.0	1.0
CHMP2A	NA	669	1	0	0	0	0	0	1	0	1.0	0.0	0.0	1.0
CNOT3	NA	2262	1	0	0	0	0	0	1	0	1.0	0.0	0.0	1.0
COL5A3	NA	5238	1	0	0	0	0	0	1	0	1.0	0.0	0.0	1.0
CPAMD8	NA	5799	0	1	0	0	0	0	0	0	1.0	0.0	0.0	1.0
DENND1C	NA	2406	0	1	0	0	0	0	0	0	1.0	0.0	0.0	1.0
DNMT1	NA	4899	1	2	0	0	0	0	1	0	1.0	0.0	0.0	1.0
ERCC1	NA	972	1	0	0	0	0	0	1	0	1.0	0.0	0.0	1.0
FAM71E2	NA	2769	1	0	0	0	0	0	1	0	1.0	0.0	0.0	1.0
FCGBP	NA	16218	1	0	0	0	0	0	1	0	1.0	0.0	0.0	1.0
FLT3LG	NA	708	1	0	0	0	0	0	1	0	1.0	0.0	0.0	1.0
FOSB	NA	1017	0	1	0	0	0	0	0	0	1.0	0.0	0.0	1.0
HNRNPM	NA	2193	0	1	0	0	0	0	0	0	1.0	0.0	0.0	1.0
HRC	NA	2100	0	1	0	0	0	0	0	0	1.0	0.0	0.0	1.0
KCNN1	NA	1632	0	1	0	0	0	0	0	0	1.0	0.0	0.0	1.0
KIR3DL1	NA	1335	1	0	0	0	0	0	1	0	1.0	0.0	0.0	1.0
LDLR	NA	2583	1	0	0	0	0	0	1	0	1.0	0.0	0.0	1.0
LIPE	NA	3231	1	0	0	0	0	0	1	0	1.0	0.0	0.0	1.0
LPHN1	NA	4425	1	0	0	0	0	0	1	0	1.0	0.0	0.0	1.0
MAG	NA	1881	1	0	1	0	0	0	0	0	1.0	0.0	0.0	1.0
MAP1S	NA	3180	0	1	0	0	0	0	0	0	1.0	0.0	0.0	1.0
MAU2	NA	1842	0	1	0	0	0	0	0	0	1.0	0.0	0.0	1.0
MCOLN1	NA	1743	1	0	0	0	0	0	1	0	1.0	0.0	0.0	1.0
KMT2B	NA	8148	1	0	0	0	0	0	1	0	1.0	0.0	0.0	1.0
MRI1	NA	1110	1	0	0	0	1	0	0	0	1.0	0.0	0.0	1.0
MYO1F	NA	3297	0	1	0	0	0	0	0	0	1.0	0.0	0.0	1.0
MYPOP	NA	1200	1	0	0	0	0	0	1	0	1.0	0.0	0.0	1.0
NACC1	NA	1584	1	0	0	0	0	0	1	0	1.0	0.0	0.0	1.0
NAT14	NA	621	1	0	0	0	0	0	1	0	1.0	0.0	0.0	1.0
NDUFA13	NA	435	0	1	0	0	0	0	0	0	1.0	0.0	0.0	1.0
NLRP9	NA	2976	1	0	0	0	0	0	1	0	1.0	0.0	0.0	1.0
NOTCH3	NA	6966	2	0	0	0	0	0	2	0	1.0	0.0	0.0	1.0
PAF1	NA	1596	1	0	1	0	0	0	0	0	1.0	0.0	0.0	1.0
PCSK4	NA	2268	1	0	0	0	0	0	1	0	1.0	0.0	0.0	1.0
PNPLA6	NA	4128	1	0	1	0	0	0	0	0	1.0	0.0	0.0	1.0
POU2F2	NA	1440	0	1	0	0	0	0	0	0	1.0	0.0	0.0	1.0
PPP5D1	NA	414	1	0	0	0	0	0	1	0	1.0	0.0	0.0	1.0
PPP6R1	NA	2646	1	0	0	0	0	0	1	0	1.0	0.0	0.0	1.0
PRKD2	NA	2637	0	1	0	0	0	0	0	0	1.0	0.0	0.0	1.0
RAD23A	NA	1092	1	0	0	0	0	0	1	0	1.0	0.0	0.0	1.0
RDH13	NA	996	1	0	0	0	0	0	1	0	1.0	0.0	0.0	1.0
REEP6	NA	555	0	1	0	0	0	0	0	0	1.0	0.0	0.0	1.0
REXO1	NA	3666	1	0	0	0	0	0	1	0	1.0	0.0	0.0	1.0
RPS5	NA	615	1	0	0	0	0	0	1	0	1.0	0.0	0.0	1.0
RTN2	NA	1638	1	0	0	0	0	0	1	0	1.0	0.0	0.0	1.0
RYR1	NA	15117	2	0	0	0	0	0	2	0	1.0	0.0	0.0	1.0
SAE1	NA	1041	1	0	0	0	0	0	1	0	1.0	0.0	0.0	1.0
SCAF1	NA	3939	0	1	0	0	0	0	0	0	1.0	0.0	0.0	1.0
SEMA6B	NA	2667	1	0	0	0	0	0	1	0	1.0	0.0	0.0	1.0
SIGLEC10	NA	2094	0	1	0	0	0	0	0	0	1.0	0.0	0.0	1.0
SIRT6	NA	1068	0	1	0	0	0	0	0	0	1.0	0.0	0.0	1.0
SLC25A42	NA	957	1	0	0	0	0	0	1	0	1.0	0.0	0.0	1.0
SPC24	NA	594	1	0	0	0	0	0	1	0	1.0	0.0	0.0	1.0
SPIB	NA	789	1	0	0	0	0	0	1	0	1.0	0.0	0.0	1.0
SYCE2	NA	657	1	0	0	0	0	0	1	0	1.0	0.0	0.0	1.0
TECR	NA	927	0	1	0	0	0	0	0	0	1.0	0.0	0.0	1.0
TIMM44	NA	1359	0	1	0	0	0	0	0	0	1.0	0.0	0.0	1.0
TMC4	NA	2139	0	1	0	0	0	0	0	0	1.0	0.0	0.0	1.0
TMEM147	NA	675	1	0	0	0	0	0	1	0	1.0	0.0	0.0	1.0
WDR62	NA	4572	1	0	0	0	0	0	1	0	1.0	0.0	0.0	1.0
WDR88	NA	1419	1	0	0	0	0	0	1	0	1.0	0.0	0.0	1.0
ZC3H4	NA	3912	1	0	0	0	0	0	1	0	1.0	0.0	0.0	1.0
ZFR2	NA	2820	1	0	0	0	0	0	1	0	1.0	0.0	0.0	1.0
ZNF208	NA	3843	0	1	0	0	0	0	0	0	1.0	0.0	0.0	1.0
ZNF233	NA	2013	0	1	0	0	0	0	0	0	1.0	0.0	0.0	1.0
ZNF296	NA	1428	1	0	0	0	0	0	1	0	1.0	0.0	0.0	1.0
ZNF30	NA	1875	1	0	0	0	0	0	1	0	1.0	0.0	0.0	1.0
ZNF490	NA	1590	1	0	0	0	0	0	1	0	1.0	0.0	0.0	1.0
ZNF506	NA	1335	1	0	0	0	0	0	1	0	1.0	0.0	0.0	1.0
ZNF525	NA	1440	1	0	0	0	0	0	1	0	1.0	0.0	0.0	1.0
ZNF536	NA	3903	0	1	0	0	0	0	0	0	1.0	0.0	0.0	1.0
ZNF540	NA	1983	1	0	0	0	0	0	1	0	1.0	0.0	0.0	1.0
ZNF541	NA	4041	1	0	1	0	0	0	0	0	1.0	0.0	0.0	1.0
ZNF555	NA	1887	1	0	0	0	0	0	1	0	1.0	0.0	0.0	1.0
ZNF606	NA	2379	1	0	0	0	0	0	1	0	1.0	0.0	0.0	1.0
ZNF614	NA	1758	0	1	0	0	0	0	0	0	1.0	0.0	0.0	1.0
ZNF615	NA	2229	1	0	0	0	0	0	1	0	1.0	0.0	0.0	1.0
ZNF649	NA	1518	0	1	0	0	0	0	0	0	1.0	0.0	0.0	1.0
ZNF653	NA	1848	0	1	0	0	0	0	0	0	1.0	0.0	0.0	1.0
ZNF675	NA	1707	1	0	0	0	0	0	1	0	1.0	0.0	0.0	1.0
ZNF699	NA	1929	1	0	0	0	0	0	1	0	1.0	0.0	0.0	1.0
ZNF823	NA	1833	0	1	0	0	0	0	0	0	1.0	0.0	0.0	1.0
ZNF836	NA	2811	1	0	0	0	0	0	1	0	1.0	0.0	0.0	1.0
ZNF850	NA	3273	1	0	0	0	0	0	1	0	1.0	0.0	0.0	1.0
ZNF880	NA	1734	1	0	0	0	0	0	1	0	1.0	0.0	0.0	1.0
ADRBK1	NA	2070	1	0	0	0	0	0	1	0	1.0	0.0	0.0	1.0
ALG9	NA	1857	1	0	0	0	0	0	1	0	1.0	0.0	0.0	1.0
ANO3	NA	2946	1	0	0	0	1	0	0	0	1.0	0.0	0.0	1.0
ARHGEF17	NA	6192	1	0	0	0	0	0	1	0	1.0	0.0	0.0	1.0
ATM	NA	9171	1	0	0	0	0	0	1	0	1.0	0.0	0.0	1.0
BIRC2	NA	1857	1	1	0	0	0	0	1	0	1.0	0.0	0.0	1.0
BSX	NA	702	0	1	0	0	0	0	0	0	1.0	0.0	0.0	1.0
CHKA	NA	1374	1	0	0	0	0	0	1	0	1.0	0.0	0.0	1.0
CKAP5	NA	6099	1	0	0	0	0	0	1	0	1.0	0.0	0.0	1.0
CLP1	NA	1278	1	0	1	0	0	0	0	0	1.0	0.0	0.0	1.0
CNTN5	NA	3303	2	0	0	0	0	0	2	0	1.0	0.0	0.0	1.0
DAK	NA	1728	1	0	0	0	0	0	1	0	1.0	0.0	0.0	1.0
DBX1	NA	1032	2	0	0	0	0	0	2	0	1.0	0.0	0.0	-0.0
DDX6	NA	1452	0	1	0	0	0	0	0	0	1.0	0.0	0.0	1.0
DLG2	NA	2928	1	0	0	0	0	0	1	0	1.0	0.0	0.0	1.0
FOLR1	NA	774	1	0	0	0	0	0	1	0	1.0	0.0	0.0	1.0
FOLR2	NA	768	1	0	0	0	0	0	1	0	1.0	0.0	0.0	1.0
FOLR3	NA	736	1	0	0	0	0	0	1	0	1.0	0.0	0.0	1.0
GAB2	NA	2031	0	1	0	0	0	0	0	0	1.0	0.0	0.0	1.0
GAL	NA	372	0	1	0	0	0	0	0	0	1.0	0.0	0.0	1.0
GRAMD1B	NA	2217	1	0	0	0	0	0	1	0	1.0	0.0	0.0	1.0
GRIA4	NA	2709	1	0	0	0	0	0	1	0	1.0	0.0	0.0	1.0
GRIK4	NA	2871	1	0	0	0	0	0	1	0	1.0	0.0	0.0	1.0
HMBS	NA	1086	0	1	0	0	0	0	0	0	1.0	0.0	0.0	1.0
IFT46	NA	1068	0	1	0	0	0	0	0	0	1.0	0.0	0.0	1.0
IGSF9B	NA	4050	1	0	1	0	0	0	0	0	1.0	0.0	0.0	1.0
KDM2A	NA	3489	2	0	1	0	0	0	1	0	1.0	0.0	0.0	1.0
LTBP3	NA	3912	0	1	0	0	0	0	0	0	1.0	0.0	0.0	1.0
MUC5B	NA	17289	2	0	0	0	0	0	2	0	1.0	0.0	0.0	1.0
NLRP6	NA	2679	1	0	0	0	0	0	1	0	1.0	0.0	0.0	1.0
NRXN2	NA	5139	0	1	0	0	0	0	0	0	1.0	0.0	0.0	1.0
NXF1	NA	1860	1	0	0	0	0	0	1	0	1.0	0.0	0.0	1.0
OR4C6	NA	930	2	1	0	0	0	0	2	0	1.0	0.0	0.0	1.0
OR51E1	NA	957	1	0	0	0	0	0	1	0	1.0	0.0	0.0	1.0
OR6A2	NA	984	0	1	0	0	0	0	0	0	1.0	0.0	0.0	1.0
PACS1	NA	2892	1	0	0	0	0	0	1	0	1.0	0.0	0.0	1.0
PHF21A	NA	2043	0	1	0	0	0	0	0	0	1.0	0.0	0.0	1.0
PIK3C2A	NA	5061	1	0	0	0	0	0	1	0	1.0	0.0	0.0	1.0
PPFIA1	NA	3609	1	0	0	0	0	0	1	0	1.0	0.0	0.0	1.0
PTGDR2	NA	1188	1	0	0	0	0	0	1	0	1.0	0.0	0.0	1.0
QSER1	NA	5208	1	0	0	0	0	0	1	0	1.0	0.0	0.0	1.0
RBM14-RBM4	NA	1020	0	1	0	0	0	0	0	0	1.0	0.0	0.0	1.0
RBM4B	NA	1080	0	1	0	0	0	0	0	0	1.0	0.0	0.0	1.0
RNASEH2C	NA	495	1	0	0	0	0	0	1	0	1.0	0.0	0.0	1.0
RNF26	NA	1302	0	1	0	0	0	0	0	0	1.0	0.0	0.0	1.0
ROBO3	NA	4161	1	0	0	0	0	0	1	0	1.0	0.0	0.0	1.0
RRAS2	NA	615	1	0	0	0	0	0	1	0	1.0	0.0	0.0	1.0
RSF1	NA	4326	1	0	0	0	0	0	1	0	1.0	0.0	0.0	1.0
SART1	NA	2403	1	0	0	0	0	0	1	0	1.0	0.0	0.0	1.0
SIAE	NA	1572	0	1	0	0	0	0	0	0	1.0	0.0	0.0	1.0
SLC43A1	NA	1680	1	0	0	0	0	0	1	0	1.0	0.0	0.0	1.0
SRPR	NA	1917	1	0	0	0	0	0	1	0	1.0	0.0	0.0	1.0
ST14	NA	2568	0	1	0	0	0	0	0	0	1.0	0.0	0.0	1.0
TENM4	NA	8310	1	0	0	0	0	0	1	0	1.0	0.0	0.0	1.0
TIRAP	NA	708	1	0	0	0	0	0	1	0	1.0	0.0	0.0	1.0
TMX2	NA	891	0	1	0	0	0	0	0	0	1.0	0.0	0.0	1.0
TRIM44	NA	1035	1	0	0	0	0	0	1	0	1.0	0.0	0.0	1.0
AAK1	NA	2886	1	0	0	0	0	0	1	0	1.0	0.0	0.0	1.0
ADAM17	NA	2475	1	0	0	0	0	0	1	0	1.0	0.0	0.0	1.0
ADAM23	NA	2499	1	0	0	0	0	0	1	0	1.0	0.0	0.0	1.0
AFTPH	NA	2811	1	0	0	0	0	0	1	0	1.0	0.0	0.0	1.0
ANAPC1	NA	5835	0	1	0	0	0	0	0	0	1.0	0.0	0.0	1.0
ANO7	NA	2802	1	0	0	0	0	0	1	0	1.0	0.0	0.0	1.0
APOB	NA	13692	2	0	0	0	0	0	2	0	1.0	0.0	0.0	1.0
ARID5A	NA	1785	0	1	0	0	0	0	0	0	1.0	0.0	0.0	1.0
ASXL2	NA	4308	1	0	0	0	0	0	1	0	1.0	0.0	0.0	1.0
ATAD2B	NA	4377	1	0	0	0	0	0	1	0	1.0	0.0	0.0	1.0
ATP6V1C2	NA	1284	1	0	0	0	0	0	1	0	1.0	0.0	0.0	1.0
BIRC6	NA	14574	3	0	0	0	0	0	3	0	1.0	0.0	0.0	1.0
C2orf74	NA	585	0	1	0	0	0	0	0	0	1.0	0.0	0.0	1.0
CAD	NA	6678	1	0	0	0	0	0	1	0	1.0	0.0	0.0	1.0
CCDC142	NA	2232	1	0	0	0	0	0	1	0	1.0	0.0	0.0	1.0
CCNT2	NA	2193	1	0	0	0	0	0	1	0	1.0	0.0	0.0	1.0
CLK1	NA	1581	1	0	0	0	0	0	1	0	1.0	0.0	0.0	1.0
CNNM4	NA	2328	1	0	0	0	0	0	1	0	1.0	0.0	0.0	1.0
COQ10B	NA	717	1	0	0	0	0	0	1	0	1.0	0.0	0.0	1.0
COX5B	NA	390	0	1	0	0	0	0	0	0	1.0	0.0	0.0	1.0
CWC22	NA	2727	1	0	0	0	0	0	1	0	1.0	0.0	0.0	1.0
DCTN1	NA	3837	1	0	0	0	0	0	1	0	1.0	0.0	0.0	1.0
DNAH6	NA	12477	2	0	0	0	0	0	2	0	1.0	0.0	0.0	1.0
DPYSL5	NA	1695	1	0	0	0	0	0	1	0	1.0	0.0	0.0	1.0
DYNC2LI1	NA	1059	1	0	0	0	0	0	1	0	1.0	0.0	0.0	1.0
EIF5B	NA	3663	1	0	0	0	0	0	1	0	1.0	0.0	0.0	1.0
EPC2	NA	2424	1	0	0	0	0	0	1	0	1.0	0.0	0.0	1.0
EPT1	NA	1194	2	0	0	0	0	0	2	0	1.0	0.0	0.0	1.0
ETAA1	NA	2781	1	0	0	0	0	0	1	0	1.0	0.0	0.0	1.0
EVA1A	NA	459	1	0	1	0	0	0	0	0	1.0	0.0	0.0	1.0
EXOC6B	NA	2436	1	0	0	0	0	0	1	0	1.0	0.0	0.0	1.0
FARP2	NA	3165	1	0	0	0	0	0	1	0	1.0	0.0	0.0	1.0
FARSB	NA	1770	1	0	0	0	0	0	1	0	1.0	0.0	0.0	1.0
GAL3ST2	NA	1197	1	0	1	0	0	0	0	0	1.0	0.0	0.0	1.0
GAREML	NA	2625	0	2	0	0	0	0	0	0	1.0	0.0	0.0	1.0
GPR39	NA	1362	1	0	0	0	0	0	1	0	1.0	0.0	0.0	1.0
GULP1	NA	915	1	0	0	0	0	0	1	0	1.0	0.0	0.0	1.0
HDLBP	NA	3807	1	0	0	0	0	0	1	0	1.0	0.0	0.0	1.0
HEATR5B	NA	6216	0	1	0	0	0	0	0	0	1.0	0.0	0.0	1.0
HOXD9	NA	1059	1	0	0	0	0	0	1	0	1.0	0.0	0.0	1.0
IFT172	NA	5250	0	1	0	0	0	0	0	0	1.0	0.0	0.0	1.0
IGKV3D-11	NA	345	1	0	0	0	0	0	1	0	1.0	0.0	0.0	1.0
IL36A	NA	477	1	0	0	0	0	0	1	0	1.0	0.0	0.0	1.0
ITGA4	NA	3099	0	2	0	0	0	0	0	0	1.0	0.0	0.0	1.0
LCT	NA	5784	1	0	0	0	0	0	1	0	1.0	0.0	0.0	1.0
LRP1B	NA	13800	2	0	0	0	0	0	2	0	1.0	0.0	0.0	1.0
LRP2	NA	13968	1	0	0	0	1	0	0	0	1.0	0.0	0.0	1.0
MAP3K2	NA	1860	1	0	0	0	0	0	1	0	1.0	0.0	0.0	1.0
MAT2A	NA	1188	1	0	0	0	0	0	1	0	1.0	0.0	0.0	1.0
MCM6	NA	2466	1	0	0	0	0	0	1	0	1.0	0.0	0.0	1.0
MSH6	NA	4083	1	0	0	0	0	0	1	0	1.0	0.0	0.0	1.0
MTIF2	NA	2184	1	0	0	0	0	0	1	0	1.0	0.0	0.0	1.0
NLRC4	NA	3075	0	1	0	0	0	0	0	0	1.0	0.0	0.0	1.0
NT5C1B	NA	1884	1	1	0	0	0	0	1	0	1.0	0.0	0.0	1.0
OBSL1	NA	5691	1	0	0	0	0	0	1	0	1.0	0.0	0.0	1.0
PAX8	NA	1353	1	0	1	0	0	0	0	0	1.0	0.0	0.0	1.0
POLE4	NA	354	1	0	0	0	0	0	1	0	1.0	0.0	0.0	1.0
POLR1A	NA	5163	1	0	0	0	0	0	1	0	1.0	0.0	0.0	1.0
PSME4	NA	5532	1	0	0	0	0	0	1	0	1.0	0.0	0.0	1.0
PTCD3	NA	2070	1	0	0	0	0	0	1	0	1.0	0.0	0.0	1.0
PTMA	NA	336	4	0	0	4	0	0	0	0	1.0	0.0	0.0	-0.0
QPCT	NA	1086	1	0	0	0	0	0	1	0	1.0	0.0	0.0	1.0
RGPD4	NA	5277	1	1	0	0	0	0	1	0	1.0	0.0	0.0	1.0
SCN7A	NA	5049	1	0	0	0	0	0	1	0	1.0	0.0	0.0	1.0
SCN9A	NA	5934	2	0	0	0	0	0	2	0	1.0	0.0	0.0	1.0
SMARCAL1	NA	2865	1	0	0	0	0	0	1	0	1.0	0.0	0.0	1.0
SNRNP200	NA	6411	1	0	0	0	0	0	1	0	1.0	0.0	0.0	1.0
SOS1	NA	4002	1	0	0	0	0	0	1	0	1.0	0.0	0.0	1.0
SPHKAP	NA	5103	2	0	0	0	0	0	2	0	1.0	0.0	0.0	1.0
STAT1	NA	2253	1	0	0	0	0	0	1	0	1.0	0.0	0.0	1.0
STON1-GTF2A1L	NA	3549	1	0	0	0	0	0	1	0	1.0	0.0	0.0	1.0
TAF1B	NA	1767	1	0	0	0	0	0	1	0	1.0	0.0	0.0	1.0
TGFBRAP1	NA	2583	1	0	0	0	0	0	1	0	1.0	0.0	0.0	1.0
TMEM182	NA	690	1	0	1	0	0	0	0	0	1.0	0.0	0.0	1.0
TTN	NA	107976	7	0	0	0	0	0	7	0	1.0	0.0	0.0	0.9999999999999999
USP34	NA	10641	1	0	0	0	0	0	1	0	1.0	0.0	0.0	1.0
USP39	NA	1698	1	0	0	0	0	0	1	0	1.0	0.0	0.0	1.0
USP40	NA	3744	1	0	0	0	0	0	1	0	1.0	0.0	0.0	1.0
XPO1	NA	3216	1	0	0	0	0	0	1	0	1.0	0.0	0.0	1.0
YWHAQ	NA	738	1	1	0	0	1	0	0	0	1.0	0.0	0.0	1.0
ABCA5	NA	4929	1	0	0	0	0	0	1	0	1.0	0.0	0.0	1.0
ABHD15	NA	1407	1	0	0	0	0	0	1	0	1.0	0.0	0.0	1.0
ACE	NA	3921	1	0	0	0	0	0	1	0	1.0	0.0	0.0	1.0
ALOX12B	NA	2106	1	0	0	0	0	0	1	0	1.0	0.0	0.0	1.0
ARSG	NA	1578	1	1	0	0	0	0	1	0	1.0	0.0	0.0	1.0
BPTF	NA	8763	1	0	1	0	0	0	0	0	1.0	0.0	0.0	1.0
BRIP1	NA	3750	0	1	0	0	0	0	0	0	1.0	0.0	0.0	1.0
C17orf70	NA	2646	0	1	0	0	0	0	0	0	1.0	0.0	0.0	1.0
C17orf80	NA	1830	0	1	0	0	0	0	0	0	1.0	0.0	0.0	1.0
C17orf98	NA	465	1	0	0	0	0	0	1	0	1.0	0.0	0.0	1.0
C1QTNF1	NA	846	1	0	0	0	0	0	1	0	1.0	0.0	0.0	1.0
CASKIN2	NA	3609	1	0	0	0	0	0	1	0	1.0	0.0	0.0	1.0
CCDC40	NA	3429	1	0	1	0	0	0	0	0	1.0	0.0	0.0	1.0
CCDC43	NA	675	1	0	0	0	0	0	1	0	1.0	0.0	0.0	1.0
CD300E	NA	618	1	0	0	0	0	0	1	0	1.0	0.0	0.0	1.0
CHMP6	NA	606	1	0	0	0	0	0	1	0	1.0	0.0	0.0	1.0
DNAH17	NA	13389	2	0	0	0	0	0	2	0	1.0	0.0	0.0	1.0
DNAH2	NA	13284	0	1	0	0	0	0	0	0	1.0	0.0	0.0	1.0
EFCAB5	NA	4512	1	0	0	0	0	0	1	0	1.0	0.0	0.0	1.0
ERBB2	NA	3768	1	0	0	0	0	0	1	0	1.0	0.0	0.0	1.0
EVPLL	NA	906	1	0	0	0	0	0	1	0	1.0	0.0	0.0	1.0
FBXW10	NA	3159	1	0	1	0	0	0	0	0	1.0	0.0	0.0	1.0
FLII	NA	3810	0	1	0	0	0	0	0	0	1.0	0.0	0.0	1.0
GAS2L2	NA	2643	1	0	0	0	0	0	1	0	1.0	0.0	0.0	1.0
GGA3	NA	2172	1	0	0	0	0	0	1	0	1.0	0.0	0.0	1.0
HELZ	NA	5829	1	0	0	0	0	0	1	0	1.0	0.0	0.0	1.0
ICT1	NA	621	1	0	0	0	0	0	1	0	1.0	0.0	0.0	1.0
KCNH4	NA	3054	0	1	0	0	0	0	0	0	1.0	0.0	0.0	1.0
KRT9	NA	1872	1	0	0	0	0	0	1	0	1.0	0.0	0.0	1.0
LIG3	NA	3030	1	0	0	0	0	0	1	0	1.0	0.0	0.0	1.0
LLGL2	NA	3063	1	0	0	0	0	0	1	0	1.0	0.0	0.0	1.0
LRRC37A3	NA	4905	0	1	0	0	0	0	0	0	1.0	0.0	0.0	1.0
MNT	NA	1749	0	1	0	0	0	0	0	0	1.0	0.0	0.0	1.0
MYH10	NA	6024	1	0	0	0	0	0	1	0	1.0	1.0	0.0	1.0
NF1	NA	8520	0	1	0	0	0	0	0	0	1.0	0.0	0.0	1.0
OXLD1	NA	444	1	0	0	0	0	0	1	0	1.0	0.0	0.0	1.0
PIGS	NA	1668	0	1	0	0	0	0	0	0	1.0	0.0	0.0	1.0
PLD6	NA	759	0	1	0	0	0	0	0	0	1.0	0.0	0.0	1.0
PLEKHM1	NA	3171	1	0	0	0	0	0	1	0	1.0	0.0	0.0	1.0
POLDIP2	NA	1106	1	0	0	0	0	0	1	0	1.0	0.0	0.0	1.0
RNF213	NA	15624	1	1	0	0	0	0	1	0	1.0	0.0	1.0	1.0
RPL26	NA	438	1	0	0	0	0	0	1	0	1.0	0.0	0.0	1.0
SAMD14	NA	1338	1	1	0	0	0	0	1	0	1.0	0.0	0.0	1.0
SHISA6	NA	1656	1	0	0	0	0	0	1	0	1.0	0.0	0.0	1.0
SKAP1	NA	1080	1	0	0	0	0	0	1	0	1.0	0.0	0.0	1.0
SLFN5	NA	2676	0	1	0	0	0	0	0	0	1.0	0.0	0.0	1.0
SP6	NA	1131	1	0	0	0	0	0	1	0	1.0	0.0	0.0	1.0
SPAG7	NA	684	1	0	0	0	0	0	1	0	1.0	0.0	0.0	1.0
SRP68	NA	1884	1	0	0	0	0	0	1	0	1.0	0.0	0.0	1.0
ST6GALNAC1	NA	1803	1	0	0	0	0	0	1	0	1.0	0.0	0.0	1.0
SUPT6H	NA	5181	0	1	0	0	0	0	0	0	1.0	0.0	0.0	1.0
THRA	NA	1473	1	0	0	0	0	0	1	0	1.0	0.0	0.0	1.0
TNRC6C	NA	5181	0	1	0	0	0	0	0	0	1.0	0.0	0.0	1.0
TP53	NA	1182	1	0	0	0	0	0	1	0	1.0	0.0	0.0	1.0
TRIM37	NA	2895	1	0	0	0	0	0	1	0	1.0	0.0	0.0	1.0
UBB	NA	690	0	1	0	0	0	0	0	0	1.0	0.0	0.0	1.0
ZBTB4	NA	3042	1	0	1	0	0	0	0	0	1.0	0.0	0.0	1.0
ZZEF1	NA	8886	1	0	0	0	0	0	1	0	1.0	0.0	0.0	1.0
ACTR8	NA	1875	1	1	0	0	0	0	1	0	1.0	0.0	0.0	1.0
AMT	NA	1212	1	0	0	0	0	0	1	0	1.0	0.0	0.0	1.0
ATP2B2	NA	3732	1	0	0	0	0	0	1	0	1.0	0.0	0.0	1.0
BRPF1	NA	3663	2	0	0	0	0	0	2	0	1.0	0.0	0.0	1.0
CADM2	NA	1314	1	0	0	0	0	0	1	0	1.0	0.0	0.0	1.0
CCDC14	NA	2739	1	0	0	0	0	0	1	0	1.0	0.0	0.0	1.0
CHMP2B	NA	642	1	0	0	0	0	0	1	0	1.0	0.0	0.0	1.0
CHST2	NA	1593	1	1	0	0	0	0	1	0	1.0	0.0	0.0	1.0
DCUN1D1	NA	780	1	0	0	0	0	0	1	0	1.0	0.0	0.0	1.0
DHFRL1	NA	564	1	0	0	0	0	0	1	0	1.0	0.0	0.0	1.0
DNAJC13	NA	6732	0	1	0	0	0	0	0	0	1.0	0.0	0.0	1.0
DYNC1LI1	NA	1572	1	0	1	0	0	0	0	0	1.0	0.0	0.0	1.0
EMC3	NA	786	1	0	0	0	0	0	1	0	1.0	0.0	0.0	1.0
FBXO45	NA	861	1	0	0	0	0	0	1	0	1.0	0.0	0.0	1.0
FEZF2	NA	1380	0	1	0	0	0	0	0	0	1.0	0.0	0.0	1.0
FILIP1L	NA	3408	1	0	0	0	0	0	1	0	1.0	0.0	0.0	1.0
GPR160	NA	1017	1	0	0	0	0	0	1	0	1.0	0.0	0.0	1.0
GPR87	NA	1077	1	0	0	0	0	0	1	0	1.0	0.0	0.0	1.0
GPX1	NA	612	1	0	0	0	0	0	1	0	1.0	0.0	0.0	1.0
HACL1	NA	1737	1	0	0	0	0	0	1	0	1.0	0.0	0.0	1.0
HDAC11	NA	1044	0	1	0	0	0	0	0	0	1.0	0.0	0.0	1.0
IGF2BP2	NA	1800	1	0	0	0	0	0	1	0	1.0	0.0	0.0	1.0
IL17RD	NA	2220	1	0	0	0	0	0	1	0	1.0	0.0	0.0	1.0
ITPR1	NA	8232	1	1	0	0	0	0	1	0	1.0	0.0	0.0	1.0
LMOD3	NA	1683	1	0	0	0	0	0	1	0	1.0	0.0	0.0	1.0
LSAMP	NA	1017	1	0	0	0	0	0	1	0	1.0	0.0	0.0	1.0
LTF	NA	2133	1	0	0	0	1	0	0	0	1.0	0.0	0.0	1.0
MSL2	NA	1734	1	0	0	0	0	0	1	0	1.0	0.0	0.0	1.0
NEK10	NA	2139	1	0	0	0	0	0	1	0	1.0	0.0	0.0	1.0
NISCH	NA	4515	1	0	0	0	0	0	1	0	1.0	0.0	0.0	1.0
OR5H1	NA	942	1	0	0	0	0	0	1	0	1.0	0.0	0.0	1.0
P2RY13	NA	1065	1	0	0	0	0	0	1	0	1.0	0.0	0.0	1.0
PIK3CA	NA	3207	1	0	0	0	0	0	1	0	1.0	0.0	0.0	1.0
PIK3CB	NA	3213	1	0	0	0	0	0	1	0	1.0	0.0	0.0	1.0
PLXND1	NA	5778	1	0	0	0	0	0	1	0	1.0	0.0	0.0	1.0
PTPN23	NA	4911	1	0	0	0	0	0	1	0	1.0	0.0	0.0	1.0
QARS	NA	2328	0	1	0	0	0	0	0	0	1.0	0.0	0.0	1.0
QRICH1	NA	2331	1	0	0	0	0	0	1	0	1.0	0.0	0.0	1.0
RAF1	NA	1947	1	0	0	0	0	0	1	0	1.0	0.0	0.0	1.0
RBP1	NA	594	1	0	0	0	0	0	1	0	1.0	0.0	0.0	1.0
SCAP	NA	3840	0	1	0	0	0	0	0	0	1.0	0.0	0.0	1.0
SETD5	NA	4329	1	0	0	0	0	0	1	0	1.0	0.0	0.0	1.0
SHOX2	NA	1068	1	0	0	0	0	0	1	0	1.0	0.0	0.0	1.0
SI	NA	5484	0	1	0	0	0	0	0	0	1.0	0.0	0.0	1.0
SLC12A8	NA	2145	1	0	0	0	0	0	1	0	1.0	0.0	0.0	1.0
SLC26A6	NA	2280	1	0	0	0	0	0	1	0	1.0	0.0	0.0	1.0
SLC9C1	NA	3534	0	1	0	0	0	0	0	0	1.0	0.0	0.0	1.0
STAB1	NA	7713	1	0	0	0	0	0	1	0	1.0	0.0	0.0	1.0
SUCLG2	NA	1323	1	0	0	0	0	0	1	0	1.0	0.0	0.0	1.0
TKT	NA	1896	0	1	0	0	0	0	0	0	1.0	0.0	0.0	1.0
TREX1	NA	1110	2	0	0	0	0	0	2	0	1.0	0.0	0.0	1.0
ZBBX	NA	2520	0	1	0	0	0	0	0	0	1.0	0.0	0.0	1.0
ZBTB11	NA	3162	1	0	0	0	0	0	1	0	1.0	0.0	0.0	1.0
AARS2	NA	2958	0	1	0	0	0	0	0	0	1.0	0.0	0.0	1.0
ANKRD6	NA	2184	0	1	0	0	0	0	0	0	1.0	0.0	0.0	1.0
APOBEC2	NA	675	0	1	0	0	0	0	0	0	1.0	0.0	0.0	1.0
ARID1B	NA	6750	0	2	0	0	0	0	0	0	1.0	0.0	0.0	1.0
BTN2A2	NA	1572	1	0	0	0	0	0	1	0	1.0	0.0	0.0	1.0
TBC1D32	NA	3774	0	1	0	0	0	0	0	0	1.0	0.0	0.0	1.0
ERMARD	NA	2037	1	0	0	0	0	0	1	0	1.0	0.0	0.0	1.0
COL11A2	NA	5211	0	1	0	0	0	0	0	0	1.0	0.0	0.0	1.0
COL21A1	NA	2874	1	0	0	0	0	0	1	0	1.0	0.0	0.0	1.0
ENPP3	NA	2628	1	0	0	0	0	0	1	0	1.0	0.0	0.0	1.0
FNDC1	NA	5685	1	0	0	0	0	0	1	0	1.0	0.0	0.0	1.0
FOXP4	NA	2043	0	1	0	0	0	0	0	0	1.0	0.0	0.0	1.0
GJA1	NA	1149	1	0	0	0	0	0	1	0	1.0	0.0	0.0	1.0
GPR115	NA	2088	1	0	0	0	0	0	1	0	1.0	0.0	0.0	1.0
GPR6	NA	1089	0	1	0	0	0	0	0	0	1.0	0.0	0.0	1.0
GRM4	NA	2739	1	0	0	0	0	0	1	0	1.0	0.0	0.0	1.0
HIST1H1C	NA	642	1	0	0	0	0	0	1	0	1.0	0.0	0.0	1.0
HIST1H2BF	NA	381	1	0	0	0	0	0	1	0	1.0	0.0	0.0	1.0
HIST1H3C	NA	411	0	1	0	0	0	0	0	0	1.0	1.0	0.0	1.0
HIST1H4B	NA	312	1	0	0	0	0	0	1	0	1.0	0.0	0.0	1.0
HIVEP2	NA	7341	1	0	0	0	0	0	1	0	1.0	0.0	0.0	1.0
HSF2	NA	1611	0	1	0	0	0	0	0	0	1.0	0.0	0.0	1.0
IGF2R	NA	7476	1	0	0	0	0	0	1	0	1.0	0.0	0.0	1.0
IRF4	NA	1356	1	0	0	0	0	0	1	0	1.0	0.0	0.0	1.0
KIAA1586	NA	2364	1	0	0	0	0	0	1	0	1.0	0.0	0.0	1.0
KIF6	NA	2445	1	0	0	0	0	0	1	0	1.0	0.0	0.0	1.0
LAMA2	NA	9369	1	1	0	0	0	0	1	0	1.0	0.0	0.0	1.0
LPA	NA	6123	0	1	0	0	0	0	0	0	1.0	0.0	0.0	1.0
LRFN2	NA	2370	1	0	0	0	0	0	1	0	1.0	0.0	0.0	1.0
MDN1	NA	16791	1	0	0	0	0	0	1	0	1.0	0.0	0.0	1.0
ME1	NA	1719	1	0	0	0	0	0	1	0	1.0	0.0	0.0	1.0
MLLT4	NA	5232	1	0	0	0	0	0	1	0	1.0	0.0	0.0	1.0
MRAP2	NA	618	1	0	0	0	0	0	1	0	1.0	0.0	0.0	1.0
MSH5	NA	2508	0	1	0	0	0	0	0	0	1.0	0.0	0.0	1.0
MTO1	NA	2199	1	0	0	0	0	0	1	0	1.0	0.0	0.0	1.0
NFKBIL1	NA	1146	1	0	0	0	0	0	1	0	1.0	0.0	0.0	1.0
NKAPL	NA	1209	0	1	0	0	0	0	0	0	1.0	0.0	0.0	1.0
PBOV1	NA	408	1	0	0	0	0	0	1	0	1.0	0.0	0.0	1.0
PHF3	NA	6120	1	0	1	0	0	0	0	0	1.0	0.0	0.0	1.0
PPP2R5D	NA	1809	1	0	0	0	0	0	1	0	1.0	0.0	0.0	1.0
PTK7	NA	3237	0	1	0	0	0	0	0	0	1.0	0.0	0.0	1.0
REV3L	NA	9393	0	1	0	0	0	0	0	0	1.0	0.0	0.0	1.0
RIMS1	NA	5079	1	0	0	0	0	0	1	0	1.0	0.0	0.0	1.0
RING1	NA	1221	1	0	0	0	0	0	1	0	1.0	0.0	0.0	1.0
RNF8	NA	1458	1	0	0	0	0	0	1	0	1.0	0.0	0.0	1.0
SCAF8	NA	3816	0	1	0	0	0	0	0	0	1.0	0.0	0.0	1.0
SERINC1	NA	1362	1	0	0	0	0	0	1	0	1.0	0.0	0.0	1.0
SIRT5	NA	933	1	0	0	0	0	0	1	0	1.0	0.0	0.0	1.0
SLC17A4	NA	1494	1	0	0	0	1	0	0	0	1.0	0.0	0.0	1.0
SLC25A27	NA	972	1	1	0	0	0	0	1	0	1.0	0.0	0.0	1.0
SLC26A8	NA	2913	0	2	0	0	0	0	0	0	1.0	0.0	0.0	1.0
SYNE1	NA	26394	1	0	1	0	0	0	0	0	1.0	0.0	0.0	1.0
TFAP2D	NA	1359	0	1	0	0	0	0	0	0	1.0	0.0	0.0	1.0
TNXB	NA	12729	0	1	0	0	0	0	0	0	1.0	0.0	0.0	1.0
TREML4	NA	603	1	0	0	0	0	0	1	0	1.0	0.0	0.0	1.0
TTK	NA	2574	1	0	0	0	0	0	1	0	1.0	0.0	0.0	1.0
TUBB	NA	1335	1	0	0	0	0	0	1	0	1.0	0.0	0.0	1.0
TULP4	NA	4632	1	0	0	0	0	0	1	0	1.0	0.0	0.0	1.0
TXLNB	NA	2055	0	1	0	0	0	0	0	0	1.0	0.0	0.0	1.0
TXNDC5	NA	1299	0	1	0	0	0	0	0	0	1.0	0.0	0.0	1.0
UBE3D	NA	1170	1	0	0	0	0	0	1	0	1.0	0.0	0.0	1.0
UTRN	NA	10302	1	1	1	0	0	0	0	0	1.0	0.0	0.0	1.0
ZBTB9	NA	1422	1	0	0	0	0	0	1	0	1.0	0.0	0.0	1.0
ZNF184	NA	2256	1	0	0	0	0	0	1	0	1.0	0.0	0.0	1.0
A2M	NA	4425	1	0	0	0	0	0	1	0	1.0	0.0	0.0	1.0
ABCC9	NA	4650	1	0	0	0	0	0	1	0	1.0	0.0	0.0	1.0
ADAMTS20	NA	5733	1	0	0	0	0	0	1	0	1.0	0.0	0.0	1.0
AMHR2	NA	1722	1	0	0	0	0	0	1	0	1.0	0.0	0.0	1.0
BCDIN3D	NA	879	1	0	0	0	0	0	1	0	1.0	0.0	0.0	1.0
C12orf45	NA	558	0	1	0	0	0	0	0	0	1.0	0.0	0.0	1.0
C12orf65	NA	501	1	0	0	0	0	0	1	0	1.0	0.0	0.0	1.0
CALCOCO1	NA	2076	1	0	0	0	0	0	1	0	1.0	0.0	0.0	1.0
CAPS2	NA	1674	1	0	0	0	0	0	1	0	1.0	0.0	0.0	1.0
CCDC64	NA	1722	1	0	0	0	0	0	1	0	1.0	0.0	0.0	1.0
CEP290	NA	7440	1	0	0	0	0	0	1	0	1.0	0.0	0.0	1.0
DCTN2	NA	1207	1	0	0	0	0	0	1	0	1.0	0.0	0.0	1.0
DDX23	NA	2463	0	1	0	0	0	0	0	0	1.0	0.0	0.0	1.0
DDX54	NA	2649	2	0	0	0	0	0	2	0	1.0	0.0	0.0	1.0
E2F7	NA	2736	1	0	0	0	0	0	1	0	1.0	0.0	0.0	1.0
EID3	NA	1002	1	0	0	0	0	0	1	0	1.0	0.0	0.0	1.0
EPS8	NA	2469	1	0	1	0	0	0	0	0	1.0	0.0	0.0	1.0
ERC1	NA	3351	1	0	0	0	0	0	1	0	1.0	0.0	0.0	1.0
FGD4	NA	2301	1	0	1	0	0	0	0	0	1.0	0.0	0.0	1.0
FOXN4	NA	1554	1	0	0	0	0	0	1	0	1.0	0.0	0.0	1.0
FRS2	NA	1527	1	0	0	0	0	0	1	0	1.0	0.0	0.0	1.0
GIT2	NA	2280	1	0	0	0	0	0	1	0	1.0	0.0	0.0	1.0
GNS	NA	1659	1	0	0	0	0	0	1	0	1.0	0.0	0.0	1.0
GOLGA3	NA	4497	1	0	0	0	0	0	1	0	1.0	0.0	0.0	1.0
GRIN2B	NA	4455	1	0	0	0	0	0	1	0	1.0	0.0	0.0	1.0
GRIP1	NA	3231	1	0	0	0	0	0	1	0	1.0	0.0	0.0	1.0
HECTD4	NA	12855	2	1	0	0	0	0	2	0	1.0	0.0	0.0	1.0
HNRNPA1	NA	1119	0	1	0	0	0	0	0	0	1.0	0.0	0.0	1.0
HRK	NA	276	1	0	0	0	0	0	1	0	1.0	0.0	0.0	1.0
ITGA7	NA	3426	2	0	1	0	0	0	1	0	1.0	0.0	0.0	1.0
ITPR2	NA	8106	0	1	0	0	0	0	0	0	1.0	0.0	0.0	1.0
KCNH3	NA	3252	1	0	0	0	0	0	1	0	1.0	0.0	0.0	1.0
KIAA1551	NA	5244	0	1	0	0	0	0	0	0	1.0	0.0	0.0	1.0
KIF5A	NA	3099	0	1	0	0	0	0	0	0	1.0	0.0	0.0	1.0
KLRC4	NA	477	1	0	0	0	0	0	1	0	1.0	0.0	0.0	1.0
KRAS	NA	570	8	0	0	0	0	0	8	7	0.4685463540765221	0.0	0.0	0.4685463540765222
KRT6A	NA	1695	1	0	0	0	0	0	1	0	1.0	0.0	0.0	1.0
KRT73	NA	1623	1	0	0	0	0	0	1	0	1.0	0.0	0.0	1.0
LETMD1	NA	1122	1	0	0	0	0	0	1	0	1.0	0.0	0.0	1.0
LPAR5	NA	1119	1	0	0	0	0	0	1	0	1.0	0.0	0.0	1.0
LRRK2	NA	7584	1	0	1	0	0	0	0	0	1.0	0.0	0.0	1.0
MARS	NA	2703	0	1	0	0	0	0	0	0	1.0	0.0	0.0	1.0
NANOG	NA	918	1	0	0	0	0	0	1	0	1.0	0.0	0.0	1.0
NAV3	NA	7092	1	0	0	0	0	0	1	0	1.0	0.0	0.0	1.0
NELL2	NA	2601	1	0	0	0	0	0	1	0	1.0	0.0	0.0	1.0
NRIP2	NA	846	1	0	0	0	0	0	1	0	1.0	0.0	0.0	1.0
PDE3A	NA	3426	1	1	0	0	0	0	1	0	1.0	0.0	0.0	1.0
PIK3C2G	NA	4338	1	0	0	0	0	0	1	0	1.0	0.0	0.0	1.0
PLCZ1	NA	1827	1	0	0	0	0	0	1	0	1.0	0.0	0.0	1.0
PLXNC1	NA	4707	1	0	0	0	0	0	1	0	1.0	0.0	0.0	1.0
PPM1H	NA	1545	1	0	0	0	0	0	1	0	1.0	0.0	0.0	1.0
PRR4	NA	405	1	0	0	0	0	0	1	0	1.0	0.0	0.0	1.0
PTPRO	NA	3651	1	0	0	0	0	0	1	0	1.0	0.0	0.0	1.0
PUS1	NA	1284	1	0	0	0	0	0	1	0	1.0	0.0	0.0	1.0
RACGAP1	NA	1899	1	0	0	0	0	0	1	0	1.0	0.0	0.0	1.0
RAN	NA	651	1	0	0	0	0	0	1	0	1.0	0.0	0.0	1.0
RAP1B	NA	555	1	0	0	0	0	0	1	0	1.0	0.0	0.0	1.0
RHOF	NA	636	0	1	0	0	0	0	0	0	1.0	0.0	0.0	1.0
SBNO1	NA	4182	1	0	0	0	0	0	1	0	1.0	0.0	0.0	1.0
SETD1B	NA	5772	0	1	0	0	0	0	0	0	1.0	0.0	0.0	1.0
SLC8B1	NA	1755	1	0	0	0	0	0	1	0	1.0	0.0	0.0	1.0
SLC35E3	NA	942	1	0	0	0	0	0	1	0	1.0	0.0	0.0	1.0
SLC38A1	NA	1464	1	0	0	0	0	0	1	0	1.0	0.0	0.0	1.0
SSPN	NA	732	1	0	0	0	0	0	1	0	1.0	0.0	0.0	1.0
TAOK3	NA	2697	1	0	0	0	0	0	1	0	1.0	0.0	0.0	1.0
TMEM132D	NA	3300	1	1	0	0	0	0	1	0	1.0	0.0	0.0	1.0
TUBA1A	NA	1356	1	0	0	0	0	0	1	0	1.0	0.0	0.0	1.0
TXNRD1	NA	1950	1	0	0	0	0	0	1	0	1.0	0.0	0.0	1.0
ULK1	NA	3153	1	0	0	0	0	0	1	0	1.0	0.0	0.0	1.0
USP5	NA	2577	1	1	0	0	0	0	1	0	1.0	0.0	0.0	1.0
UTP20	NA	8358	0	1	0	0	0	0	0	0	1.0	0.0	0.0	1.0
WNK1	NA	7929	0	1	0	0	0	0	0	0	1.0	0.0	0.0	1.0
WNT5B	NA	1080	1	0	0	0	0	0	1	0	1.0	0.0	0.0	1.0
YARS2	NA	1434	1	0	0	0	0	0	1	0	1.0	0.0	0.0	1.0
ZFC3H1	NA	5970	2	0	1	0	0	0	1	0	1.0	0.0	0.0	1.0
ABCA13	NA	15177	1	0	0	0	0	0	1	0	1.0	1.0	0.0	1.0
ABCF2	NA	1905	1	0	0	0	0	0	1	0	1.0	0.0	0.0	1.0
AGR3	NA	501	0	1	0	0	0	0	0	0	1.0	0.0	0.0	1.0
AP1S1	NA	477	1	0	0	0	0	0	1	0	1.0	0.0	0.0	1.0
AUTS2	NA	3780	0	1	0	0	0	0	0	0	1.0	0.0	0.0	1.0
BRAT1	NA	2466	0	1	0	0	0	0	0	0	1.0	0.0	0.0	1.0
BZW2	NA	1260	1	0	0	0	0	0	1	0	1.0	0.0	0.0	1.0
CAMK2B	NA	2001	1	0	0	0	0	0	1	0	1.0	0.0	0.0	1.0
CASD1	NA	2394	1	0	1	0	0	0	0	0	1.0	0.0	0.0	1.0
CCT6A	NA	1596	1	0	0	0	0	0	1	0	1.0	0.0	0.0	1.0
COG5	NA	2583	1	0	0	0	0	0	1	0	1.0	0.0	0.0	1.0
COL1A2	NA	4101	0	1	0	0	0	0	0	0	1.0	0.0	0.0	1.0
CREB5	NA	1527	1	0	0	0	0	0	1	0	1.0	0.0	0.0	1.0
CROT	NA	1923	1	0	0	0	0	0	1	0	1.0	0.0	0.0	1.0
CTTNBP2	NA	4992	1	0	0	0	0	0	1	0	1.0	0.0	0.0	1.0
DBNL	NA	1320	1	0	0	0	0	0	1	0	1.0	0.0	0.0	1.0
DGKI	NA	3198	2	0	0	0	0	0	2	0	1.0	0.0	0.0	1.0
DTX2	NA	1869	0	1	0	0	0	0	0	0	1.0	0.0	0.0	1.0
ELN	NA	2175	1	0	0	0	0	0	1	0	1.0	0.0	0.0	1.0
EPHB4	NA	2964	1	0	0	0	0	0	1	0	1.0	1.0	0.0	1.0
FERD3L	NA	501	1	0	0	0	0	0	1	0	1.0	0.0	0.0	1.0
FLNC	NA	8178	0	1	0	0	0	0	0	0	1.0	0.0	0.0	1.0
GALNTL5	NA	1332	1	0	0	0	0	0	1	0	1.0	0.0	0.0	1.0
GLI3	NA	4743	1	0	0	0	0	0	1	0	1.0	0.0	0.0	1.0
GPR37	NA	1842	1	0	0	0	0	0	1	0	1.0	0.0	0.0	1.0
GRB10	NA	1785	1	0	0	0	0	0	1	0	1.0	0.0	0.0	1.0
GRM8	NA	2727	1	0	0	0	0	0	1	0	1.0	0.0	0.0	1.0
GSTK1	NA	849	1	0	0	0	0	0	1	0	1.0	0.0	0.0	1.0
GTF2I	NA	2997	0	1	0	0	0	0	0	0	1.0	0.0	0.0	1.0
HOXA3	NA	1332	1	0	0	0	0	0	1	0	1.0	0.0	0.0	1.0
HTR5A	NA	1074	1	0	0	0	0	0	1	0	1.0	0.0	0.0	1.0
HYAL4	NA	1446	1	0	0	0	0	0	1	0	1.0	0.0	0.0	1.0
ITGB8	NA	2310	1	0	0	0	0	0	1	0	1.0	0.0	0.0	1.0
KCND2	NA	1893	1	0	0	0	0	0	1	0	1.0	0.0	0.0	1.0
KPNA7	NA	1551	1	0	0	0	0	0	1	0	1.0	0.0	0.0	1.0
LRCH4	NA	2052	1	0	0	0	1	0	0	0	1.0	0.0	0.0	1.0
MAGI2	NA	4368	1	0	0	0	0	0	1	0	1.0	0.0	0.0	1.0
KMT2E	NA	5577	1	0	0	0	0	0	1	0	1.0	0.0	0.0	1.0
MNX1	NA	1206	0	1	0	0	0	0	0	0	1.0	0.0	0.0	1.0
NPC1L1	NA	4080	1	0	0	0	0	0	1	0	1.0	0.0	0.0	1.0
OR2A12	NA	933	2	0	0	0	0	0	2	0	1.0	0.0	0.0	1.0
PARP12	NA	2106	1	0	1	0	0	0	0	0	1.0	0.0	0.0	1.0
PCLO	NA	15429	2	0	0	0	0	0	2	0	1.0	0.0	0.0	1.0
PCOLCE	NA	1350	1	0	0	0	0	0	1	0	1.0	0.0	0.0	1.0
PDK4	NA	1236	0	1	0	0	0	0	0	0	1.0	0.0	0.0	1.0
PKD1L1	NA	8550	1	0	0	0	0	0	1	0	1.0	0.0	0.0	1.0
PLXNA4	NA	5685	1	0	1	0	0	0	0	0	1.0	0.0	0.0	1.0
RAPGEF5	NA	2193	0	1	0	0	0	0	0	0	1.0	0.0	0.0	1.0
RBM33	NA	3513	0	1	0	0	0	0	0	0	1.0	0.0	0.0	1.0
RNF216	NA	2772	1	0	0	0	0	0	1	0	1.0	0.0	0.0	1.0
SDK1	NA	6642	1	0	0	0	0	0	1	0	1.0	0.0	0.0	1.0
SLC37A3	NA	1485	0	1	0	0	0	0	0	0	1.0	0.0	0.0	1.0
THAP5	NA	1188	1	0	0	0	0	0	1	0	1.0	0.0	0.0	1.0
TMEM229A	NA	1143	1	0	0	0	0	0	1	0	1.0	0.0	0.0	1.0
TRIP6	NA	1431	1	0	1	0	0	0	0	0	1.0	0.0	0.0	1.0
VWC2	NA	978	0	1	0	0	0	0	0	0	1.0	0.0	0.0	1.0
ZNF12	NA	2094	1	0	0	0	0	0	1	0	1.0	0.0	0.0	1.0
ZNF273	NA	1710	1	0	1	0	0	0	0	0	1.0	0.0	0.0	1.0
ZNF425	NA	2259	1	0	1	0	0	0	0	0	1.0	0.0	0.0	1.0
ADCY2	NA	3276	0	2	0	0	0	0	0	0	1.0	0.0	0.0	1.0
ANKHD1	NA	7629	1	1	0	0	0	0	1	0	1.0	0.0	0.0	1.0
ARSI	NA	1710	1	0	0	0	0	0	1	0	1.0	0.0	0.0	1.0
CCDC152	NA	765	1	0	0	0	0	0	1	0	1.0	0.0	0.0	1.0
CD180	NA	1986	1	0	0	0	0	0	1	0	1.0	0.0	0.0	1.0
CHD1	NA	5133	1	0	0	0	0	0	1	0	1.0	0.0	0.0	1.0
DIAPH1	NA	3819	1	0	0	0	0	0	1	0	1.0	0.0	0.0	1.0
DMXL1	NA	9084	1	0	0	0	0	0	1	0	1.0	0.0	0.0	1.0
DNAH5	NA	13875	1	0	0	0	1	0	0	0	1.0	0.0	0.0	1.0
DNAJC18	NA	1077	1	0	0	0	0	0	1	0	1.0	0.0	0.0	1.0
FAF2	NA	1338	0	1	0	0	0	0	0	0	1.0	0.0	0.0	1.0
FAM193B	NA	2469	1	0	0	0	0	0	1	0	1.0	0.0	0.0	1.0
FAM196B	NA	1608	1	0	0	0	0	0	1	0	1.0	0.0	0.0	1.0
FEM1C	NA	1854	1	0	0	0	0	0	1	0	1.0	0.0	0.0	1.0
GEMIN5	NA	4527	1	0	0	0	0	0	1	0	1.0	0.0	0.0	1.0
GNB2L1	NA	954	0	1	0	0	0	0	0	0	1.0	0.0	0.0	1.0
HARS	NA	1530	0	1	0	0	0	0	0	0	1.0	0.0	0.0	1.0
IPO11	NA	3048	1	0	0	0	0	0	1	0	1.0	0.0	0.0	1.0
IRX4	NA	1560	0	1	0	0	0	0	0	0	1.0	0.0	0.0	1.0
LMNB1	NA	1761	2	0	0	0	0	0	2	0	1.0	0.0	0.0	1.0
MAP1B	NA	7407	1	0	0	0	0	0	1	0	1.0	0.0	0.0	1.0
MCC	NA	3060	0	1	0	0	0	0	0	0	1.0	0.0	0.0	1.0
MEGF10	NA	3423	1	0	1	0	0	0	0	0	1.0	0.0	0.0	1.0
MIER3	NA	1650	1	0	0	0	0	0	1	0	1.0	0.0	0.0	1.0
MROH2B	NA	4758	0	1	0	0	0	0	0	0	1.0	0.0	0.0	1.0
MSX2	NA	804	1	0	0	0	0	0	1	0	1.0	0.0	0.0	1.0
NADK2	NA	1329	0	1	0	0	0	0	0	0	1.0	0.0	0.0	1.0
NDST1	NA	2649	1	0	1	0	0	0	0	0	1.0	0.0	0.0	1.0
NIPBL	NA	8415	1	0	0	0	1	0	0	0	1.0	0.0	0.0	1.0
NSD1	NA	8091	1	1	0	0	0	0	1	0	1.0	0.0	0.0	1.0
PCDHA6	NA	2853	1	0	0	0	0	0	1	0	1.0	0.0	0.0	1.0
PCDHB4	NA	2388	1	0	0	0	0	0	1	0	1.0	0.0	0.0	1.0
PCDHGA4	NA	2889	1	0	0	0	0	0	1	0	1.0	0.0	0.0	1.0
PCDHGA8	NA	2799	1	0	0	0	0	0	1	0	1.0	0.0	0.0	1.0
PCDHGA9	NA	2799	1	0	0	0	0	0	1	0	1.0	0.0	0.0	1.0
PPWD1	NA	1941	1	0	0	0	0	0	1	0	1.0	0.0	0.0	1.0
PRLR	NA	1869	1	0	0	0	0	0	1	0	1.0	0.0	0.0	1.0
PRRC1	NA	1338	1	0	0	0	0	0	1	0	1.0	0.0	0.0	1.0
RAI14	NA	2952	1	0	0	0	0	0	1	0	1.0	0.0	0.0	1.0
RANBP17	NA	3267	1	0	0	0	0	0	1	0	1.0	0.0	0.0	1.0
RHOBTB3	NA	1836	0	1	0	0	0	0	0	0	1.0	0.0	0.0	1.0
SDHA	NA	1995	1	0	0	0	1	0	0	0	1.0	0.0	0.0	1.0
SGTB	NA	915	1	0	0	0	0	0	1	0	1.0	0.0	0.0	1.0
SIL1	NA	1386	1	0	1	0	0	0	0	0	1.0	0.0	0.0	1.0
SLC23A1	NA	1809	1	0	0	0	0	0	1	0	1.0	0.0	0.0	1.0
SPZ1	NA	1293	0	1	0	0	0	0	0	0	1.0	0.0	0.0	1.0
STK10	NA	2907	1	0	0	0	0	0	1	0	1.0	0.0	0.0	1.0
TNIP1	NA	1911	1	0	0	0	0	0	1	0	1.0	0.0	0.0	1.0
TNPO1	NA	2697	1	0	0	0	0	0	1	0	1.0	0.0	0.0	1.0
TRIM23	NA	1725	1	0	1	0	0	0	0	0	1.0	0.0	0.0	1.0
ACIN1	NA	4026	1	0	0	0	0	0	1	0	1.0	0.0	0.0	1.0
ADAM21	NA	2169	1	0	0	0	0	0	1	0	1.0	0.0	0.0	1.0
AHNAK2	NA	17388	1	0	0	0	0	0	1	0	1.0	0.0	0.0	1.0
ANG	NA	444	0	1	0	0	0	0	0	0	1.0	0.0	0.0	1.0
ARID4A	NA	3774	1	0	0	0	0	0	1	0	1.0	0.0	0.0	1.0
ATG2B	NA	6237	1	0	0	0	0	0	1	0	1.0	0.0	0.0	1.0
BTBD7	NA	3399	1	0	0	0	0	0	1	0	1.0	0.0	0.0	1.0
CDH24	NA	2460	1	0	0	0	0	0	1	0	1.0	0.0	0.0	1.0
CDKN3	NA	639	1	0	0	0	0	0	1	0	1.0	0.0	0.0	1.0
CHGA	NA	1374	1	0	0	0	0	0	1	0	1.0	0.0	0.0	1.0
CMTM5	NA	471	0	1	0	0	0	0	0	0	1.0	0.0	0.0	1.0
DDHD1	NA	2703	1	0	0	0	1	0	0	0	1.0	0.0	0.0	1.0
DICER1	NA	5769	1	0	0	0	0	0	1	0	1.0	0.0	0.0	1.0
DLGAP5	NA	2541	1	0	0	0	0	0	1	0	1.0	0.0	0.0	1.0
DLK1	NA	1152	1	0	0	0	0	0	1	0	1.0	0.0	0.0	1.0
EDDM3B	NA	444	1	0	0	0	0	0	1	0	1.0	0.0	0.0	1.0
EIF2B2	NA	1056	1	0	0	0	0	0	1	0	1.0	0.0	0.0	1.0
EMC9	NA	627	1	0	0	0	0	0	1	0	1.0	0.0	0.0	1.0
EXOC3L4	NA	2169	1	0	1	0	0	0	0	0	1.0	0.0	0.0	1.0
FAM181A	NA	1065	1	0	0	0	0	0	1	0	1.0	0.0	0.0	1.0
FANCM	NA	6147	1	0	0	0	0	0	1	0	1.0	0.0	0.0	1.0
FUT8	NA	1728	0	1	0	0	0	0	0	0	1.0	0.0	0.0	1.0
IGHM	NA	1362	1	0	0	0	0	0	1	0	1.0	0.0	0.0	1.0
KCNH5	NA	2967	0	1	0	0	0	0	0	0	1.0	0.0	0.0	1.0
CEP170B	NA	4773	1	0	0	0	0	0	1	0	1.0	0.0	0.0	1.0
KLHDC2	NA	1221	1	0	0	0	0	0	1	0	1.0	0.0	0.0	1.0
MARK3	NA	2262	1	0	1	0	0	0	0	0	1.0	0.0	0.0	1.0
MLH3	NA	4362	0	1	0	0	0	0	0	0	1.0	0.0	0.0	1.0
OTX2	NA	894	1	0	0	0	0	0	1	0	1.0	0.0	0.0	1.0
PLEKHH1	NA	4095	1	0	0	0	0	0	1	0	1.0	0.0	0.0	1.0
PSMB5	NA	792	0	1	0	0	0	0	0	0	1.0	0.0	0.0	1.0
RBM23	NA	1320	1	0	0	0	0	0	1	0	1.0	0.0	0.0	1.0
RPGRIP1	NA	3861	1	0	0	0	0	0	1	0	1.0	0.0	0.0	1.0
RPS6KA5	NA	2409	1	0	0	0	0	0	1	0	1.0	0.0	0.0	1.0
SNW1	NA	1611	1	0	0	0	0	0	1	0	1.0	0.0	0.0	1.0
SOCS4	NA	1323	1	0	1	0	0	0	0	0	1.0	0.0	0.0	1.0
TECPR2	NA	4236	1	0	0	0	0	0	1	0	1.0	0.0	0.0	1.0
ABCA3	NA	5115	0	1	0	0	0	0	0	0	1.0	0.0	0.0	1.0
ABCC1	NA	4596	1	0	0	0	0	0	1	0	1.0	0.0	0.0	1.0
ACSM2A	NA	1734	1	0	0	0	0	0	1	0	1.0	0.0	0.0	1.0
ADAD2	NA	1998	1	0	0	0	0	0	1	0	1.0	0.0	0.0	1.0
ARL2BP	NA	492	0	1	0	0	0	0	0	0	1.0	0.0	0.0	1.0
BANP	NA	1560	1	0	0	0	0	0	1	0	1.0	0.0	0.0	1.0
C16orf78	NA	798	1	0	0	0	0	0	1	0	1.0	0.0	0.0	1.0
CACNA1H	NA	7062	0	1	0	0	0	0	0	0	1.0	0.0	0.0	1.0
CAPNS2	NA	747	1	0	0	0	0	0	1	0	1.0	0.0	0.0	1.0
CDH15	NA	2445	1	0	0	0	0	0	1	0	1.0	0.0	0.0	1.0
CES3	NA	1716	1	0	0	0	0	0	1	0	1.0	0.0	0.0	1.0
CHST5	NA	1236	1	0	1	0	0	0	0	0	1.0	0.0	0.0	1.0
CIRH1A	NA	2061	1	0	0	0	0	0	1	0	1.0	0.0	0.0	1.0
CLN3	NA	1317	1	0	0	0	0	0	1	0	1.0	0.0	0.0	1.0
CNTNAP4	NA	3926	0	1	0	0	0	0	0	0	1.0	0.0	0.0	1.0
CREBBP	NA	7329	1	0	0	0	0	0	1	0	1.0	0.0	0.0	1.0
CTRB2	NA	792	0	1	0	0	0	0	0	0	1.0	0.0	0.0	1.0
EARS2	NA	1572	0	1	0	0	0	0	0	0	1.0	0.0	0.0	1.0
EMC8	NA	633	1	0	0	0	0	0	1	0	1.0	0.0	0.0	1.0
ENKD1	NA	1041	1	0	0	0	0	0	1	0	1.0	0.0	0.0	1.0
FUK	NA	3255	1	0	0	0	0	0	1	0	1.0	0.0	0.0	1.0
GPT2	NA	1572	1	0	0	0	0	0	1	0	1.0	0.0	0.0	1.0
HMOX2	NA	951	0	1	0	0	0	0	0	0	1.0	0.0	0.0	1.0
HN1L	NA	573	1	0	0	0	0	0	1	0	1.0	0.0	0.0	1.0
HYDIN	NA	15366	0	1	0	0	0	0	0	0	1.0	0.0	0.0	1.0
IFT140	NA	4389	1	0	1	0	0	0	0	0	1.0	0.0	0.0	1.0
IL27	NA	732	0	1	0	0	0	0	0	0	1.0	0.0	0.0	1.0
IRX3	NA	1506	1	0	0	0	0	0	1	0	1.0	0.0	0.0	1.0
LRRC36	NA	2265	1	0	0	0	0	0	1	0	1.0	0.0	0.0	1.0
MEFV	NA	2346	0	1	0	0	0	0	0	0	1.0	0.0	0.0	1.0
NRN1L	NA	498	1	0	0	0	0	0	1	0	1.0	0.0	0.0	1.0
NTHL1	NA	939	1	0	0	0	0	0	1	0	1.0	0.0	0.0	1.0
PPL	NA	5271	0	1	0	0	0	0	0	0	1.0	0.0	0.0	1.0
RLTPR	NA	4308	0	1	0	0	0	0	0	0	1.0	0.0	0.0	1.0
RNPS1	NA	918	0	1	0	0	0	0	0	0	1.0	0.0	0.0	1.0
SETD1A	NA	5124	0	1	0	0	0	0	0	0	1.0	0.0	0.0	1.0
SH2B1	NA	2271	0	1	0	0	0	0	0	0	1.0	0.0	0.0	1.0
SLC9A3R2	NA	1014	0	1	0	0	0	0	0	0	1.0	0.0	0.0	1.0
SOCS1	NA	636	1	0	0	0	0	0	1	0	1.0	0.0	0.0	1.0
SRCAP	NA	9693	2	0	1	0	0	0	1	0	1.0	1.0	0.0	0.579380164285695
TCEB2	NA	486	0	1	0	0	0	0	0	0	1.0	0.0	0.0	1.0
UBFD1	NA	930	0	1	0	0	0	0	0	0	1.0	0.0	0.0	1.0
VPS9D1	NA	1896	1	0	0	0	0	0	1	0	1.0	0.0	0.0	1.0
WASH4P	NA	1434	0	1	0	0	0	0	0	0	1.0	0.0	0.0	1.0
ZC3H7A	NA	2916	1	0	0	0	0	0	1	0	1.0	0.0	0.0	1.0
ZNF174	NA	1224	1	0	0	0	0	0	1	0	1.0	0.0	0.0	1.0
ZNF276	NA	1845	0	1	0	0	0	0	0	0	1.0	0.0	0.0	1.0
ZNF469	NA	11778	1	0	0	0	0	0	1	0	1.0	0.0	0.0	1.0
ZNF75A	NA	891	1	0	0	0	0	0	1	0	1.0	0.0	0.0	1.0
ADAMTSL1	NA	5289	1	0	0	0	0	0	1	0	1.0	0.0	0.0	1.0
ALDH1B1	NA	1554	1	0	0	0	0	0	1	0	1.0	0.0	0.0	1.0
ALDOB	NA	1095	1	0	0	0	0	0	1	0	1.0	0.0	0.0	1.0
BNC2	NA	3300	1	0	0	0	0	0	1	0	1.0	0.0	0.0	1.0
C9orf139	NA	573	1	0	0	0	0	0	1	0	1.0	0.0	0.0	1.0
CENPP	NA	867	1	0	0	0	0	0	1	0	1.0	0.0	0.0	1.0
CNTFR	NA	1119	1	0	0	0	0	0	1	0	1.0	0.0	0.0	1.0
CRB2	NA	3858	1	0	0	0	0	0	1	0	1.0	0.0	0.0	1.0
DFNB31	NA	2724	0	1	0	0	0	0	0	0	1.0	0.0	0.0	1.0
FBXW5	NA	1701	1	0	0	0	0	0	1	0	1.0	0.0	0.0	1.0
FOCAD	NA	5406	1	0	0	0	0	0	1	0	1.0	0.0	0.0	1.0
FOXE1	NA	1122	1	0	0	0	0	0	1	0	1.0	0.0	0.0	1.0
FREM1	NA	6540	1	0	0	0	0	0	1	0	1.0	0.0	0.0	1.0
FRMPD1	NA	4737	1	0	0	0	0	0	1	0	1.0	0.0	0.0	1.0
GNAQ	NA	1080	1	0	0	0	0	0	1	0	1.0	0.0	0.0	1.0
GSN	NA	2349	0	1	0	0	0	0	0	0	1.0	0.0	0.0	1.0
HAUS6	NA	2868	1	0	0	0	1	0	0	0	1.0	0.0	0.0	1.0
KIAA0368	NA	6054	0	1	0	0	0	0	0	0	1.0	0.0	0.0	1.0
MURC	NA	1095	0	1	0	0	0	0	0	0	1.0	0.0	0.0	1.0
NFX1	NA	3363	1	0	0	0	0	0	1	0	1.0	0.0	0.0	1.0
NOTCH1	NA	7668	1	0	1	0	0	0	0	0	1.0	0.0	0.0	1.0
NTNG2	NA	1593	1	0	0	0	0	0	1	0	1.0	0.0	0.0	1.0
ODF2	NA	2682	0	1	0	0	0	0	0	0	1.0	0.0	0.0	1.0
OR5C1	NA	963	1	0	0	0	0	0	1	0	1.0	0.0	0.0	1.0
PCSK5	NA	5583	1	0	0	0	0	0	1	0	1.0	0.0	0.0	1.0
PRRC2B	NA	6690	1	0	0	0	0	0	1	0	1.0	0.0	0.0	1.0
PTGR1	NA	990	1	0	0	0	0	0	1	0	1.0	0.0	0.0	1.0
RABEPK	NA	1119	0	1	0	0	0	0	0	0	1.0	0.0	0.0	1.0
RNF20	NA	2928	1	0	0	0	0	0	1	0	1.0	0.0	0.0	1.0
SCAI	NA	1890	0	1	0	0	0	0	0	0	1.0	0.0	0.0	1.0
SEC16A	NA	7074	1	0	0	0	0	0	1	0	1.0	0.0	0.0	1.0
SECISBP2	NA	2565	1	0	0	0	0	0	1	0	1.0	0.0	0.0	1.0
UBAP2	NA	3360	1	0	0	0	0	0	1	0	1.0	0.0	0.0	1.0
UCK1	NA	849	0	1	0	0	0	0	0	0	1.0	0.0	0.0	1.0
ZBTB43	NA	1404	0	1	0	0	0	0	0	0	1.0	0.0	0.0	1.0
ZNF462	NA	7521	1	0	0	0	0	0	1	0	1.0	0.0	0.0	1.0
ZNF483	NA	2235	1	0	0	0	0	0	1	0	1.0	0.0	0.0	1.0
ACOT9	NA	1347	2	0	0	0	0	0	2	0	1.0	0.0	0.0	1.0
AFF2	NA	3936	1	0	0	0	0	0	1	0	1.0	0.0	0.0	1.0
AMMECR1	NA	1002	1	0	0	0	0	0	1	0	1.0	0.0	0.0	1.0
ARHGAP4	NA	2961	1	1	0	0	0	0	1	0	1.0	0.0	0.0	1.0
ASB9	NA	885	2	0	0	0	0	0	2	0	1.0	0.0	0.0	1.0
BRS3	NA	1200	1	0	0	0	0	0	1	0	1.0	0.0	0.0	1.0
CCNB3	NA	4188	1	0	0	0	0	0	1	0	1.0	0.0	0.0	1.0
CNKSR2	NA	3105	1	0	0	0	0	0	1	0	1.0	0.0	0.0	1.0
COL4A5	NA	5063	1	0	0	0	0	0	1	0	1.0	0.0	0.0	1.0
CHDC2	NA	2037	1	1	0	0	0	0	1	0	1.0	0.0	0.0	1.0
DCAF8L1	NA	1803	1	0	0	0	0	0	1	0	1.0	0.0	0.0	1.0
DDX3X	NA	1989	1	0	0	0	0	0	1	0	1.0	0.0	0.0	1.0
DMD	NA	11058	0	1	0	0	0	0	0	0	1.0	0.0	0.0	1.0
DOCK11	NA	6222	1	0	0	0	0	0	1	0	1.0	0.0	0.0	1.0
GLA	NA	1290	1	0	0	0	0	0	1	0	1.0	0.0	0.0	1.0
GNL3L	NA	1749	1	1	0	0	0	0	1	0	1.0	0.0	0.0	1.0
HEPH	NA	3639	1	0	0	0	0	0	1	0	1.0	0.0	0.0	1.0
HMGN5	NA	849	1	0	0	0	0	0	1	0	1.0	0.0	0.0	1.0
IRAK1	NA	2139	0	1	0	0	0	0	0	0	1.0	0.0	0.0	1.0
KLHL13	NA	1977	1	1	0	0	0	0	1	0	1.0	0.0	0.0	1.0
LANCL3	NA	1263	1	0	0	0	0	0	1	0	1.0	0.0	0.0	1.0
MAGEB10	NA	1044	1	0	0	0	0	0	1	0	1.0	0.0	0.0	1.0
MAGEB4	NA	1041	0	1	0	0	0	0	0	0	1.0	0.0	0.0	1.0
MAGEC1	NA	3429	1	0	0	0	0	0	1	0	1.0	0.0	0.0	1.0
MED14	NA	4365	1	0	0	0	0	0	1	0	1.0	0.0	0.0	1.0
NHS	NA	4893	1	0	0	0	0	0	1	0	1.0	0.0	0.0	1.0
NR0B1	NA	1413	1	0	0	0	0	0	1	0	1.0	0.0	0.0	1.0
OGT	NA	3141	1	0	0	0	0	0	1	0	1.0	0.0	0.0	1.0
PAK3	NA	1743	1	0	0	0	0	0	1	0	1.0	0.0	0.0	1.0
PHKA1	NA	3672	1	0	0	0	0	0	1	0	1.0	0.0	0.0	1.0
POLA1	NA	4389	1	0	0	0	0	0	1	0	1.0	0.0	0.0	1.0
PPEF1	NA	1962	1	0	0	0	0	0	1	0	1.0	0.0	0.0	1.0
PRRG1	NA	657	1	0	0	0	0	0	1	0	1.0	0.0	0.0	1.0
RBM10	NA	2988	0	1	0	0	0	0	0	0	1.0	0.0	0.0	1.0
REPS2	NA	1983	1	0	0	0	0	0	1	0	1.0	0.0	0.0	1.0
RGAG1	NA	4167	1	0	0	0	0	0	1	0	1.0	0.0	0.0	1.0
RPGR	NA	3459	1	1	0	0	0	0	1	0	1.0	0.0	0.0	1.0
SLC25A5	NA	897	1	0	0	0	0	0	1	0	1.0	0.0	0.0	1.0
SMS	NA	1101	1	0	0	0	0	0	1	0	1.0	0.0	0.0	1.0
TAB3	NA	2139	1	0	0	0	0	0	1	0	1.0	0.0	0.0	1.0
TENM1	NA	8199	0	1	0	0	0	0	0	0	1.0	0.0	0.0	1.0
TEX13A	NA	1230	0	1	0	0	0	0	0	0	1.0	0.0	0.0	1.0
TKTL1	NA	1791	1	0	1	0	0	0	0	0	1.0	0.0	0.0	1.0
TLR7	NA	3150	1	0	0	0	0	0	1	0	1.0	0.0	0.0	1.0
UBE2NL	NA	462	1	0	0	0	0	0	1	0	1.0	0.0	0.0	1.0
VSIG4	NA	1200	1	0	0	0	0	0	1	0	1.0	0.0	0.0	1.0
WNK3	NA	5403	1	1	0	0	0	0	1	0	1.0	0.0	0.0	1.0
XIAP	NA	1494	1	0	0	0	0	0	1	0	1.0	0.0	0.0	1.0
XPNPEP2	NA	2025	1	0	0	0	0	0	1	0	1.0	0.0	0.0	1.0
ADAM12	NA	2730	0	1	0	0	0	0	0	0	1.0	0.0	0.0	1.0
ANK3	NA	13134	2	0	0	0	0	0	2	0	1.0	0.0	0.0	1.0
ANKRD30A	NA	4026	4	0	0	0	0	0	4	0	1.0	0.0	0.0	1.0
ARHGAP19	NA	1485	1	0	0	0	0	0	1	0	1.0	0.0	0.0	1.0
ARMC3	NA	2619	1	0	0	0	0	0	1	0	1.0	0.0	0.0	1.0
ASCC1	NA	1203	1	0	0	0	0	0	1	0	1.0	0.0	0.0	1.0
EDRF1	NA	3717	1	0	0	0	0	0	1	0	1.0	0.0	0.0	1.0
C10orf2	NA	2055	1	0	0	0	0	0	1	0	1.0	0.0	0.0	1.0
CCAR1	NA	3453	1	0	0	0	0	0	1	0	1.0	0.0	0.0	1.0
CDHR1	NA	2580	1	0	0	0	0	0	1	0	1.0	0.0	0.0	1.0
CHST3	NA	1440	1	0	0	0	0	0	1	0	1.0	0.0	0.0	1.0
DDIT4	NA	699	0	1	0	0	0	0	0	0	1.0	0.0	0.0	1.0
DPCD	NA	612	1	0	0	0	0	0	1	0	1.0	0.0	0.0	1.0
FAM149B1	NA	1749	1	0	0	0	0	0	1	0	1.0	0.0	0.0	1.0
FZD8	NA	2085	1	0	0	0	0	0	1	0	1.0	0.0	0.0	1.0
GATA3	NA	1335	1	0	0	0	0	0	1	0	1.0	0.0	0.0	1.0
GDF2	NA	1290	1	0	0	0	0	0	1	0	1.0	0.0	0.0	1.0
GRID1	NA	3030	1	0	1	0	0	0	0	0	1.0	0.0	0.0	1.0
HHEX	NA	813	1	0	0	0	0	0	1	0	1.0	0.0	0.0	1.0
KCNMA1	NA	3711	1	0	0	0	0	0	1	0	1.0	0.0	0.0	1.0
KIF5B	NA	2892	1	0	0	0	0	0	1	0	1.0	0.0	0.0	1.0
LDB3	NA	2199	1	0	0	0	0	0	1	0	1.0	0.0	0.0	1.0
LRRTM3	NA	1746	2	0	0	0	0	0	2	0	1.0	0.0	0.0	1.0
MKI67	NA	9771	1	0	0	0	0	0	1	0	1.0	0.0	0.0	1.0
MMS19	NA	3093	1	0	0	0	0	0	1	0	1.0	0.0	0.0	1.0
NCOA4	NA	1953	1	0	0	0	0	0	1	0	1.0	0.0	0.0	1.0
NFKB2	NA	2703	1	0	0	0	0	0	1	0	1.0	0.0	0.0	1.0
PANK1	NA	1797	1	0	0	0	0	0	1	0	1.0	0.0	0.0	1.0
PCDH15	NA	5889	1	1	0	0	0	0	1	0	1.0	0.0	0.0	1.0
PDLIM1	NA	990	1	0	0	0	0	0	1	0	1.0	0.0	0.0	1.0
PKD2L1	NA	2418	0	1	0	0	0	0	0	0	1.0	0.0	0.0	1.0
PLCE1	NA	6909	1	0	0	0	0	0	1	0	1.0	0.0	0.0	1.0
RBM20	NA	3684	0	1	0	0	0	0	0	0	1.0	0.0	0.0	1.0
RTKN2	NA	1830	1	0	0	0	0	0	1	0	1.0	0.0	0.0	1.0
SEC24C	NA	3285	1	0	0	0	0	0	1	0	1.0	0.0	0.0	1.0
SEC31B	NA	3540	1	0	0	0	0	0	1	0	1.0	0.0	0.0	1.0
SHOC2	NA	1749	1	0	0	0	0	0	1	0	1.0	0.0	0.0	1.0
SKIDA1	NA	2727	0	2	0	0	0	0	0	0	1.0	0.0	0.0	1.0
STAMBPL1	NA	1311	1	0	0	0	0	0	1	0	1.0	0.0	0.0	1.0
SYCE1	NA	1056	1	0	0	0	0	0	1	0	1.0	0.0	0.0	1.0
TACC2	NA	8847	1	0	0	0	0	0	1	0	1.0	0.0	0.0	1.0
TAF3	NA	2790	1	0	1	0	0	0	0	0	1.0	0.0	0.0	1.0
TAF5	NA	2403	1	0	0	0	0	0	1	0	1.0	0.0	0.0	1.0
TCERG1L	NA	1761	0	1	0	0	0	0	0	0	1.0	0.0	0.0	1.0
TET1	NA	6411	1	1	1	0	0	0	0	0	1.0	0.0	0.0	1.0
VWA2	NA	2268	1	0	0	0	0	0	1	0	1.0	0.0	0.0	1.0
WAC	NA	1944	1	0	0	0	0	0	1	0	1.0	0.0	0.0	1.0
WDFY4	NA	9555	1	1	0	0	0	0	1	0	1.0	0.0	0.0	1.0
ZRANB1	NA	2127	1	0	0	0	0	0	1	0	1.0	0.0	0.0	1.0
ANK2	NA	11874	1	0	0	0	0	0	1	0	1.0	0.0	0.0	1.0
ANKRD50	NA	4290	1	1	0	0	0	0	1	0	1.0	0.0	0.0	1.0
ANTXR2	NA	1470	1	0	0	0	0	0	1	0	1.0	0.0	0.0	1.0
ARHGAP10	NA	2361	1	0	0	0	0	0	1	0	1.0	0.0	0.0	1.0
ARHGAP24	NA	2247	1	0	0	0	0	0	1	0	1.0	0.0	0.0	1.0
BEND4	NA	1605	0	1	0	0	0	0	0	0	1.0	1.0	0.0	1.0
CABS1	NA	1188	1	0	0	0	0	0	1	0	1.0	0.0	0.0	1.0
CRMP1	NA	2061	1	0	0	0	0	0	1	0	1.0	0.0	0.0	1.0
DDX60	NA	5139	1	0	0	0	0	0	1	0	1.0	0.0	0.0	1.0
EIF4E	NA	747	0	1	0	0	0	0	0	0	1.0	0.0	0.0	1.0
EPHA5	NA	3114	1	0	0	0	0	0	1	0	1.0	0.0	0.0	1.0
FAM198B	NA	1584	1	0	0	0	0	0	1	0	1.0	0.0	0.0	1.0
FAT1	NA	13767	1	0	0	0	0	0	1	0	1.0	0.0	0.0	1.0
FAT4	NA	14946	1	0	0	0	0	0	1	0	1.0	0.0	0.0	1.0
GABRA4	NA	1665	1	0	0	0	0	0	1	0	1.0	0.0	0.0	1.0
KIT	NA	2931	12	0	0	0	0	0	12	8	0.6196025301680662	0.0	0.0	0.5731120392262112
LIMCH1	NA	3252	1	0	0	0	0	0	1	0	1.0	0.0	0.0	1.0
LRBA	NA	8592	1	0	0	0	0	0	1	0	1.0	0.0	0.0	1.0
MTTP	NA	2685	1	0	0	0	0	0	1	0	1.0	0.0	0.0	1.0
NAA15	NA	2601	1	0	0	0	0	0	1	0	1.0	0.0	0.0	1.0
NEIL3	NA	1818	1	0	0	0	0	0	1	0	1.0	0.0	0.0	1.0
NEK1	NA	3861	1	0	0	0	0	0	1	0	1.0	0.0	0.0	1.0
OTUD4	NA	3150	1	0	0	0	0	0	1	0	1.0	0.0	0.0	1.0
PALLD	NA	3372	1	0	0	0	0	0	1	0	1.0	0.0	0.0	1.0
PCDH18	NA	3408	0	1	0	0	0	0	0	0	1.0	0.0	0.0	1.0
PCDH7	NA	3768	1	0	0	0	0	0	1	0	1.0	0.0	0.0	1.0
PDHA2	NA	1167	1	0	0	0	0	0	1	0	1.0	0.0	0.0	1.0
PDS5A	NA	4014	1	0	0	0	0	0	1	0	1.0	1.0	0.0	1.0
SCARB2	NA	1437	1	0	0	0	0	0	1	0	1.0	0.0	0.0	1.0
SLC25A4	NA	897	1	0	0	0	0	0	1	0	1.0	0.0	0.0	1.0
SNX25	NA	2523	1	0	0	0	0	0	1	0	1.0	0.0	0.0	1.0
SPATA18	NA	1617	1	0	0	0	0	0	1	0	1.0	0.0	0.0	1.0
TENM3	NA	8100	1	0	0	0	0	0	1	0	1.0	0.0	0.0	1.0
TLR2	NA	2355	1	0	0	0	0	0	1	0	1.0	0.0	0.0	1.0
TRAM1L1	NA	1110	1	0	0	0	0	0	1	0	1.0	0.0	0.0	1.0
TXK	NA	1584	0	1	0	0	0	0	0	0	1.0	0.0	0.0	1.0
UCP1	NA	924	1	0	0	0	0	0	1	0	1.0	0.0	0.0	1.0
NELFA	NA	1620	1	0	0	0	0	0	1	0	1.0	0.0	0.0	1.0
ZBTB49	NA	2298	1	0	0	0	0	0	1	0	1.0	0.0	0.0	1.0
ADAM32	NA	2364	0	1	0	0	0	0	0	0	1.0	0.0	0.0	1.0
ANK1	NA	5694	0	1	0	0	0	0	0	0	1.0	0.0	0.0	1.0
ATAD2	NA	4173	1	0	0	0	0	0	1	0	1.0	0.0	0.0	1.0
ATP6V1H	NA	1452	0	1	0	0	0	0	0	0	1.0	0.0	0.0	1.0
BHLHE22	NA	1146	0	2	0	0	0	0	0	0	1.0	0.0	0.0	1.0
C8orf46	NA	624	1	0	0	0	0	0	1	0	1.0	0.0	0.0	1.0
CALB1	NA	786	0	1	0	0	0	0	0	0	1.0	0.0	0.0	1.0
COL14A1	NA	5391	1	0	0	0	0	0	1	0	1.0	0.0	0.0	1.0
COL22A1	NA	4881	1	0	0	0	0	0	1	0	1.0	0.0	0.0	1.0
CPSF1	NA	4332	1	0	0	0	0	0	1	0	1.0	0.0	0.0	1.0
CSMD1	NA	10695	2	1	1	0	0	0	1	0	1.0	0.0	0.0	1.0
DUSP26	NA	636	1	0	0	0	0	0	1	0	1.0	0.0	0.0	1.0
ESRP1	NA	2046	1	0	0	0	0	0	1	0	1.0	0.0	0.0	1.0
FAM83A	NA	1305	0	1	0	0	0	0	0	0	1.0	0.0	0.0	1.0
FAM83H	NA	3540	0	1	0	0	0	0	0	0	1.0	0.0	0.0	1.0
FBXO16	NA	879	1	0	1	0	0	0	0	0	1.0	0.0	0.0	1.0
GPR124	NA	4017	1	0	0	0	0	0	1	0	1.0	0.0	0.0	1.0
GSR	NA	1569	1	0	0	0	0	0	1	0	1.0	0.0	0.0	1.0
HOOK3	NA	2157	1	0	0	0	0	0	1	0	1.0	0.0	0.0	1.0
LRP12	NA	2580	1	0	0	0	0	0	1	0	1.0	0.0	0.0	1.0
MAPK15	NA	1635	1	0	0	0	0	0	1	0	1.0	0.0	0.0	1.0
MFHAS1	NA	3159	1	0	0	0	0	0	1	0	1.0	0.0	0.0	1.0
MTFR1	NA	1047	1	0	0	0	0	0	1	0	1.0	0.0	0.0	1.0
MTMR7	NA	1983	1	0	0	0	0	0	1	0	1.0	0.0	0.0	1.0
NOV	NA	1074	1	0	0	0	0	0	1	0	1.0	0.0	0.0	1.0
PKHD1L1	NA	12732	2	0	0	0	0	0	2	0	1.0	0.0	0.0	1.0
PLEC	NA	14055	2	0	0	0	0	0	2	0	1.0	0.0	0.0	1.0
PTP4A3	NA	522	0	1	0	0	0	0	0	0	1.0	0.0	0.0	1.0
PXDNL	NA	4392	1	0	0	0	0	0	1	0	1.0	0.0	0.0	1.0
RAB11FIP1	NA	3852	1	0	0	0	0	0	1	0	1.0	0.0	0.0	1.0
RDH10	NA	1026	1	0	0	0	0	0	1	0	1.0	0.0	0.0	1.0
RP1L1	NA	7203	0	1	0	0	0	0	0	0	1.0	0.0	0.0	1.0
SGK223	NA	4209	0	1	0	0	0	0	0	0	1.0	0.0	0.0	1.0
SLC35G5	NA	1017	1	0	0	0	0	0	1	0	1.0	0.0	0.0	1.0
SPAG11A	NA	327	1	0	0	0	0	0	1	0	1.0	0.0	0.0	1.0
SULF1	NA	2616	1	0	0	0	0	0	1	0	1.0	0.0	0.0	1.0
TMEM55A	NA	774	1	0	0	0	0	0	1	0	1.0	0.0	0.0	1.0
TMEM65	NA	723	0	1	0	0	0	0	0	0	1.0	0.0	0.0	1.0
TOP1MT	NA	1806	1	0	0	0	0	0	1	0	1.0	0.0	0.0	1.0
TRPS1	NA	3885	1	0	1	0	0	0	0	0	1.0	0.0	0.0	1.0
TUSC3	NA	1047	0	1	0	0	0	0	0	0	1.0	0.0	0.0	1.0
WRN	NA	4299	1	0	0	0	0	0	1	0	1.0	0.0	0.0	1.0
YTHDF3	NA	1757	0	1	0	0	0	0	0	0	1.0	0.0	0.0	1.0
ZBTB10	NA	2616	1	0	0	0	0	0	1	0	1.0	0.0	0.0	1.0
ZNF251	NA	2016	1	0	0	0	0	0	1	0	1.0	0.0	0.0	1.0
ADPGK	NA	1491	0	1	0	0	0	0	0	0	1.0	0.0	0.0	1.0
AKAP13	NA	8454	2	0	0	0	1	0	1	0	1.0	0.0	0.0	1.0
AP3B2	NA	3249	1	0	0	0	0	0	1	0	1.0	0.0	0.0	1.0
ARIH1	NA	1674	0	1	0	0	0	0	0	0	1.0	0.0	0.0	1.0
BAHD1	NA	2343	2	0	1	0	0	0	1	0	1.0	0.0	0.0	1.0
CAPN3	NA	2466	1	0	0	0	0	0	1	0	1.0	0.0	0.0	1.0
CLK3	NA	1917	1	0	0	0	0	0	1	0	1.0	0.0	0.0	1.0
CYP1A1	NA	1539	1	0	0	0	0	0	1	0	1.0	0.0	0.0	1.0
DISP2	NA	4206	0	1	0	0	0	0	0	0	1.0	0.0	0.0	1.0
ELL3	NA	1194	1	0	0	0	0	0	1	0	1.0	0.0	0.0	1.0
FAM169B	NA	579	1	0	0	0	0	0	1	0	1.0	0.0	0.0	1.0
GABPB1	NA	1188	1	0	0	0	0	0	1	0	1.0	0.0	0.0	1.0
HERC2	NA	14505	1	0	0	0	0	0	1	0	1.0	0.0	0.0	1.0
INO80	NA	4671	1	0	0	0	0	0	1	0	1.0	0.0	0.0	1.0
KBTBD13	NA	1377	1	0	0	0	0	0	1	0	1.0	0.0	0.0	1.0
LACTB	NA	1644	1	0	0	0	0	0	1	0	1.0	0.0	0.0	1.0
LRRK1	NA	6048	0	1	0	0	0	0	0	0	1.0	0.0	0.0	1.0
MAN2C1	NA	3174	1	0	0	0	0	0	1	0	1.0	0.0	0.0	1.0
MAPK6	NA	2166	1	0	0	0	0	0	1	0	1.0	0.0	0.0	1.0
MESP2	NA	1194	0	1	0	0	0	0	0	0	1.0	0.0	0.0	1.0
MGA	NA	9198	1	0	0	0	0	0	1	0	1.0	0.0	0.0	1.0
MYO5A	NA	5568	1	1	0	0	0	0	1	0	1.0	0.0	0.0	1.0
PPP1R14D	NA	603	1	0	1	0	0	0	0	0	1.0	0.0	0.0	1.0
RORA	NA	1671	1	1	0	0	0	0	1	0	1.0	0.0	0.0	1.0
RYR3	NA	14613	1	0	0	0	0	0	1	0	1.0	0.0	0.0	1.0
SMAD6	NA	1491	1	0	0	0	0	0	1	0	1.0	0.0	0.0	1.0
ST8SIA2	NA	1128	1	0	0	0	0	0	1	0	1.0	0.0	0.0	1.0
SV2B	NA	2052	0	1	0	0	0	0	0	0	1.0	0.0	0.0	1.0
TMEM62	NA	1932	1	0	0	0	0	0	1	0	1.0	0.0	0.0	1.0
TYRO3	NA	2673	1	0	0	0	0	0	1	0	1.0	0.0	0.0	1.0
VPS13C	NA	11262	1	0	0	0	0	0	1	0	1.0	0.0	0.0	1.0
ASXL1	NA	4626	1	0	0	0	0	0	1	0	1.0	0.0	0.0	1.0
BPIFB6	NA	1362	1	0	0	0	0	0	1	0	1.0	0.0	0.0	1.0
EEF1A2	NA	1392	0	1	0	0	0	0	0	0	1.0	0.0	0.0	1.0
ESF1	NA	2556	1	0	0	0	0	0	1	0	1.0	0.0	0.0	1.0
GNAS	NA	3114	1	0	0	0	0	0	1	0	1.0	0.0	0.0	1.0
ISM1	NA	1395	1	0	0	0	0	0	1	0	1.0	0.0	0.0	1.0
KCNS1	NA	1581	0	1	0	0	0	0	0	0	1.0	0.0	0.0	1.0
LAMA5	NA	11088	2	1	0	0	0	0	2	0	1.0	0.0	0.0	1.0
MACROD2	NA	1278	1	0	0	0	0	0	1	0	1.0	0.0	0.0	1.0
MCM8	NA	2523	1	0	0	0	0	0	1	0	1.0	0.0	0.0	1.0
NCOA3	NA	4275	0	1	0	0	0	0	0	0	1.0	0.0	0.0	1.0
NDRG3	NA	1128	1	0	1	0	0	0	0	0	1.0	0.0	0.0	1.0
NFATC2	NA	2778	1	0	0	0	0	0	1	0	1.0	0.0	0.0	1.0
PAX1	NA	1605	0	1	0	0	0	0	0	0	1.0	0.0	0.0	1.0
PCIF1	NA	2115	1	0	0	0	0	0	1	0	1.0	0.0	0.0	1.0
PREX1	NA	4980	1	0	0	0	0	0	1	0	1.0	0.0	0.0	1.0
SLC2A10	NA	1626	1	0	0	0	0	0	1	0	1.0	0.0	0.0	1.0
SOGA1	NA	4986	0	1	0	0	0	0	0	0	1.0	0.0	0.0	1.0
TRMT6	NA	1494	1	0	0	0	0	0	1	0	1.0	0.0	0.0	1.0
UQCC1	NA	900	1	0	1	0	0	0	0	0	1.0	0.0	0.0	1.0
VPS16	NA	2520	1	0	1	0	0	0	0	0	1.0	0.0	0.0	1.0
ZCCHC3	NA	1215	1	0	0	0	0	0	1	0	1.0	0.0	0.0	1.0
ZMYND8	NA	3567	0	1	0	0	0	0	0	0	1.0	0.0	0.0	1.0
ZNF217	NA	3147	1	1	0	0	0	0	1	0	1.0	1.0	0.0	1.0
CABIN1	NA	6663	1	0	0	0	0	0	1	0	1.0	0.0	0.0	1.0
CARD10	NA	3099	1	1	0	0	0	0	1	0	1.0	0.0	0.0	1.0
CCT8L2	NA	1674	1	0	0	0	0	0	1	0	1.0	0.0	0.0	1.0
CELSR1	NA	9045	1	0	0	0	0	0	1	0	1.0	0.0	0.0	1.0
CSF2RB	NA	2694	0	1	0	0	0	0	0	0	1.0	0.0	0.0	1.0
DDX17	NA	2196	1	0	0	0	0	0	1	0	1.0	0.0	0.0	1.0
DNAJB7	NA	930	1	0	0	0	0	0	1	0	1.0	0.0	0.0	1.0
HIC2	NA	1848	0	1	0	0	0	0	0	0	1.0	0.0	0.0	1.0
IL17RA	NA	2601	0	2	0	0	0	0	0	0	1.0	0.0	0.0	1.0
IL17REL	NA	1011	1	0	0	0	0	0	1	0	1.0	0.0	0.0	1.0
IL2RB	NA	1656	1	0	0	0	0	0	1	0	1.0	0.0	0.0	1.0
KREMEN1	NA	1479	1	0	0	0	0	0	1	0	1.0	0.0	0.0	1.0
LRP5L	NA	759	0	1	0	0	0	0	0	0	1.0	0.0	0.0	1.0
MMP11	NA	1467	1	0	0	0	0	0	1	0	1.0	0.0	0.0	1.0
MTMR3	NA	3597	1	0	0	0	0	0	1	0	1.0	0.0	0.0	1.0
PHF21B	NA	1596	1	0	1	0	0	0	0	0	1.0	0.0	0.0	1.0
PIM3	NA	981	1	0	0	0	0	0	1	0	1.0	0.0	0.0	1.0
PLXNB2	NA	5517	1	0	0	0	0	0	1	0	1.0	0.0	0.0	1.0
PRODH	NA	1803	1	0	0	0	0	0	1	0	1.0	0.0	0.0	1.0
SLC5A4	NA	1980	1	0	0	0	0	0	1	0	1.0	0.0	0.0	1.0
THAP7	NA	930	1	0	0	0	0	0	1	0	1.0	0.0	0.0	1.0
THOC5	NA	2052	1	0	0	0	1	0	0	0	1.0	0.0	0.0	1.0
TTC28	NA	7446	1	0	0	0	0	0	1	0	1.0	0.0	0.0	1.0
ATP7B	NA	4398	1	0	0	0	0	0	1	0	1.0	0.0	0.0	1.0
ATP8A2	NA	3567	1	0	1	0	0	0	0	0	1.0	0.0	0.0	1.0
GPC5	NA	1719	0	1	0	0	0	0	0	0	1.0	0.0	0.0	1.0
GPC6	NA	1668	1	0	0	0	0	0	1	0	1.0	0.0	0.0	1.0
GRK1	NA	1692	2	0	0	0	0	0	2	0	1.0	0.0	0.0	1.0
IRS2	NA	4017	1	0	0	0	0	0	1	0	1.0	0.0	0.0	1.0
NAA16	NA	2595	0	1	0	0	0	0	0	0	1.0	0.0	0.0	1.0
SACS	NA	13740	3	0	0	0	0	0	3	0	1.0	0.0	0.0	1.0
ZMYM2	NA	4134	1	0	0	0	0	0	1	0	1.0	0.0	0.0	1.0
ANKRD30B	NA	4179	1	0	0	0	0	0	1	0	1.0	0.0	0.0	1.0
ASXL3	NA	6747	1	0	0	0	0	0	1	0	1.0	0.0	0.0	1.0
CCDC102B	NA	1542	1	0	0	0	0	0	1	0	1.0	0.0	0.0	1.0
CCDC178	NA	2604	1	0	0	0	0	0	1	0	1.0	0.0	0.0	1.0
CTAGE1	NA	2238	1	0	0	0	0	0	1	0	1.0	0.0	0.0	1.0
DSG2	NA	3357	0	1	0	0	0	0	0	0	1.0	0.0	0.0	1.0
GNAL	NA	1377	0	1	0	0	0	0	0	0	1.0	0.0	0.0	1.0
KATNAL2	NA	1401	1	0	0	0	0	0	1	0	1.0	0.0	0.0	1.0
PHLPP1	NA	5154	0	1	0	0	0	0	0	0	1.0	0.0	0.0	1.0
SLC39A6	NA	2268	0	1	0	0	0	0	0	0	1.0	0.0	0.0	1.0
TCEB3B	NA	2262	1	0	0	0	0	0	1	0	1.0	0.0	0.0	1.0
TSHZ1	NA	3099	1	0	0	0	0	0	1	0	1.0	0.0	0.0	1.0
ADAMTS5	NA	2793	1	0	0	0	0	0	1	0	1.0	0.0	0.0	1.0
AIRE	NA	1638	2	1	0	0	0	0	2	0	1.0	0.0	0.0	0.579380164285695
APP	NA	2313	1	0	0	0	0	0	1	0	1.0	0.0	0.0	1.0
BRWD1	NA	6963	1	0	0	0	0	0	1	0	1.0	0.0	0.0	1.0
CLDN14	NA	720	1	1	0	0	0	0	1	0	1.0	0.0	0.0	1.0
COL18A1	NA	4551	1	0	0	0	0	0	1	0	1.0	0.0	0.0	1.0
CYYR1	NA	465	1	0	0	0	0	0	1	0	1.0	0.0	0.0	1.0
GABPA	NA	1365	1	0	0	0	0	0	1	0	1.0	0.0	0.0	1.0
GART	NA	3033	0	1	0	0	0	0	0	0	1.0	0.0	0.0	1.0
IFNAR1	NA	1674	1	0	0	0	0	0	1	0	1.0	0.0	0.0	1.0
MORC3	NA	2820	1	0	0	0	0	0	1	0	1.0	0.0	0.0	1.0
N6AMT1	NA	645	1	0	0	0	0	0	1	0	1.0	0.0	0.0	1.0
SLC19A1	NA	1776	1	0	0	0	0	0	1	0	1.0	0.0	0.0	1.0
SLC37A1	NA	1602	1	0	0	0	0	0	1	0	1.0	0.0	0.0	1.0
TFF3	NA	285	1	0	0	0	0	0	1	0	1.0	0.0	0.0	1.0
TTC3	NA	6078	0	1	0	0	0	0	0	0	1.0	0.0	0.0	1.0
UMODL1	NA	4341	1	0	0	0	0	0	1	0	1.0	0.0	0.0	1.0
