gene	Total SNV Mutations	SNVs Unmapped to Ref Tx	inactivating count	inactivating p-value	inactivating BH q-value
PTMA	4	0	4	0.00035	0.0273
HAUS6	1	0	1	0.018840197445269227	0.18654039316975177
DYNC1LI1	1	0	1	0.024815743107427353	0.18654039316975177
SPEN	1	0	1	0.026701556700755653	0.18654039316975177
CCDC151	1	0	1	0.029912356794591845	0.18654039316975177
LTF	1	0	1	0.030132280712327115	0.18654039316975177
THOC5	1	0	1	0.035042225882188034	0.18654039316975177
GRID1	1	0	1	0.03559605595699997	0.18654039316975177
CLP1	1	0	1	0.0362621024767016	0.18654039316975177
ZBTB4	1	0	1	0.037820052191672025	0.18654039316975177
VPS16	1	0	1	0.038061888630913865	0.18654039316975177
GAL3ST2	1	0	1	0.041003772347055926	0.18654039316975177
MEGF10	1	0	1	0.04269125683060109	0.18654039316975177
TAF3	1	0	1	0.045635011180577736	0.18654039316975177
NDST1	1	0	1	0.047442831388177245	0.18654039316975177
IGSF9B	1	0	1	0.04855783237836263	0.18654039316975177
DDHD1	1	0	1	0.05020584396023697	0.18654039316975177
MRI1	1	0	1	0.05101520253035405	0.18654039316975177
ITGA7	2	0	1	0.0535503909178537	0.18654039316975177
IFT140	1	0	1	0.05557408024897188	0.18654039316975177
LRP2	1	0	1	0.056173463655769015	0.18654039316975177
ZNF541	1	0	1	0.057425060296313314	0.18654039316975177
PLXNA4	1	0	1	0.05889628364450203	0.18654039316975177
NDRG3	1	0	1	0.06840881105486386	0.18654039316975177
PNPLA6	1	0	1	0.06872379905161158	0.18654039316975177
CASD1	1	0	1	0.0709471443774388	0.18654039316975177
LRCH4	1	0	1	0.07108836283500392	0.18654039316975177
PAX8	1	0	1	0.07774236181295188	0.18654039316975177
MACF1	1	0	1	0.08027614995584811	0.18654039316975177
UBR4	1	0	1	0.08147303242626691	0.18654039316975177
PAF1	1	0	1	0.08165264962848044	0.18654039316975177
PARP12	1	0	1	0.082223318533136	0.18654039316975177
TMEM182	1	0	1	0.08350033400133601	0.18654039316975177
FBXO16	1	0	1	0.08881783462119193	0.18654039316975177
EXOC3L4	1	0	1	0.09072763563781527	0.18654039316975177
AKAP13	2	0	1	0.09099181073703366	0.18654039316975177
SIL1	1	0	1	0.09119095385737735	0.18654039316975177
CHST5	1	0	1	0.09219988936013276	0.18654039316975177
FBXW10	1	0	1	0.093711929528629	0.18654039316975177
PHF3	1	0	1	0.10130685847431871	0.18654039316975177
TRIM23	1	0	1	0.10269049086054631	0.18654039316975177
NIPBL	1	0	1	0.10664391596459422	0.18654039316975177
SDHA	1	0	1	0.10679196924391286	0.18654039316975177
PROX1	1	0	1	0.10902747492368077	0.18654039316975177
DNAH5	1	0	1	0.10997470581766194	0.18654039316975177
TRPS1	1	0	1	0.11001100110011001	0.18654039316975177
YWHAQ	2	0	1	0.11778563015312132	0.19372913686218407
LRRK2	1	0	1	0.11921793037672866	0.19372913686218407
SRCAP	2	0	1	0.12181751735899622	0.1939135990612593
UQCC1	1	0	1	0.12565971349585323	0.19602915305353105
CSMD1	3	0	1	0.12896569512509673	0.19724165136779498
TRIP6	1	0	1	0.13238019592268996	0.19857029388403494
EPS8	1	0	1	0.13846579894765992	0.20038381207081257
CCDC40	1	0	1	0.14174344436569808	0.20038381207081257
NOTCH1	1	0	1	0.14198494959534289	0.20038381207081257
MARK3	1	0	1	0.14509576320371445	0.20038381207081257
SLC17A4	1	0	1	0.1464343242055938	0.20038381207081257
ATP8A2	1	0	1	0.15176809834572771	0.2041019253614959
SYNE1	1	0	1	0.15625	0.20482117535843705
KDM2A	2	0	1	0.1575547502757208	0.20482117535843705
TET1	2	0	1	0.16493485073396008	0.21090030093850634
ANO3	1	0	1	0.17265193370165746	0.21720727143111745
PPP1R14D	1	0	1	0.17985611510791366	0.22267899965741692
ZNF425	1	0	1	0.19230769230769232	0.234375
ZFC3H1	2	0	1	0.20403999183840033	0.2448479902060804
UTRN	2	0	1	0.2544529262086514	0.3007170946102244
SOCS4	1	0	1	0.27654867256637167	0.3219521859727909
TKTL1	1	0	1	0.2868617326448652	0.3290472815632277
ZNF273	1	0	1	0.31318509238960224	0.35403532183172426
PHF21B	1	0	1	0.3215434083601286	0.35829122645842904
DOCK7	2	0	1	0.34199726402188785	0.3757153041367219
BPTF	1	0	1	0.37174721189591076	0.40272614622056996
EVA1A	1	0	1	0.3865481252415926	0.4093800516448681
APOA2	1	0	1	0.39323633503735744	0.4093800516448681
MAG	1	0	1	0.398406374501992	0.4093800516448681
FGD4	1	0	1	0.3988831272437176	0.4093800516448681
BAHD1	2	0	1	0.4222972972972973	0.42778167778167775
CARD8	2	0	1	0.4604051565377532	0.4604051565377532
ADAMTSL4	1	0	0	1.0	1.0
CCDC43	1	0	0	1.0	1.0
CASKIN2	1	0	0	1.0	1.0
C1QTNF1	1	0	0	1.0	1.0
C17orf98	1	0	0	1.0	1.0
C17orf80	1	0	0	1.0	1.0
C17orf70	1	0	0	1.0	1.0
BRIP1	1	0	0	1.0	1.0
ARSG	2	0	0	1.0	1.0
ALOX12B	1	0	0	1.0	1.0
ACE	1	0	0	1.0	1.0
ABHD15	1	0	0	1.0	1.0
ABCA5	1	0	0	1.0	1.0
CD300E	1	0	0	1.0	1.0
XPO1	1	0	0	1.0	1.0
USP39	1	0	0	1.0	1.0
USP34	1	0	0	1.0	1.0
TTN	7	0	0	1.0	1.0
TGFBRAP1	1	0	0	1.0	1.0
TAF1B	1	0	0	1.0	1.0
STON1-GTF2A1L	1	0	0	1.0	1.0
STAT1	1	0	0	1.0	1.0
SPHKAP	2	0	0	1.0	1.0
SOS1	1	0	0	1.0	1.0
SNRNP200	1	0	0	1.0	1.0
SMARCAL1	1	0	0	1.0	1.0
SCN9A	2	0	0	1.0	1.0
USP40	1	0	0	1.0	1.0
SCN7A	1	0	0	1.0	1.0
CHMP6	1	0	0	1.0	1.0
DNAH2	1	0	0	1.0	1.0
SKAP1	1	0	0	1.0	1.0
SHISA6	1	0	0	1.0	1.0
SAMD14	2	0	0	1.0	1.0
RPL26	1	0	0	1.0	1.0
RNF213	2	0	0	1.0	1.0
POLDIP2	1	0	0	1.0	1.0
PLEKHM1	1	0	0	1.0	1.0
PLD6	1	0	0	1.0	1.0
PIGS	1	0	0	1.0	1.0
OXLD1	1	0	0	1.0	1.0
NF1	1	0	0	1.0	1.0
MYH10	1	0	0	1.0	1.0
DNAH17	2	0	0	1.0	1.0
MNT	1	0	0	1.0	1.0
LLGL2	1	0	0	1.0	1.0
LIG3	1	0	0	1.0	1.0
KRT9	1	0	0	1.0	1.0
KCNH4	1	0	0	1.0	1.0
ICT1	1	0	0	1.0	1.0
HELZ	1	0	0	1.0	1.0
GGA3	1	0	0	1.0	1.0
GAS2L2	1	0	0	1.0	1.0
FLII	1	0	0	1.0	1.0
EVPLL	1	0	0	1.0	1.0
ERBB2	1	0	0	1.0	1.0
EFCAB5	1	0	0	1.0	1.0
LRRC37A3	1	0	0	1.0	1.0
RGPD4	2	0	0	1.0	1.0
QPCT	1	0	0	1.0	1.0
PTCD3	1	0	0	1.0	1.0
DPYSL5	1	0	0	1.0	1.0
DNAH6	2	0	0	1.0	1.0
DCTN1	1	0	0	1.0	1.0
CWC22	1	0	0	1.0	1.0
COX5B	1	0	0	1.0	1.0
COQ10B	1	0	0	1.0	1.0
CNNM4	1	0	0	1.0	1.0
CLK1	1	0	0	1.0	1.0
CCNT2	1	0	0	1.0	1.0
CCDC142	1	0	0	1.0	1.0
CAD	1	0	0	1.0	1.0
C2orf74	1	0	0	1.0	1.0
DYNC2LI1	1	0	0	1.0	1.0
BIRC6	3	0	0	1.0	1.0
ATAD2B	1	0	0	1.0	1.0
ASXL2	1	0	0	1.0	1.0
ARID5A	1	0	0	1.0	1.0
APOB	2	0	0	1.0	1.0
ANO7	1	0	0	1.0	1.0
ANAPC1	1	0	0	1.0	1.0
AFTPH	1	0	0	1.0	1.0
ADAM23	1	0	0	1.0	1.0
ADAM17	1	0	0	1.0	1.0
AAK1	1	0	0	1.0	1.0
TRIM44	1	0	0	1.0	1.0
TMX2	1	0	0	1.0	1.0
ATP6V1C2	1	0	0	1.0	1.0
EIF5B	1	0	0	1.0	1.0
EPC2	1	0	0	1.0	1.0
EPT1	2	0	0	1.0	1.0
PSME4	1	0	0	1.0	1.0
POLR1A	1	0	0	1.0	1.0
POLE4	1	0	0	1.0	1.0
OBSL1	1	0	0	1.0	1.0
NT5C1B	2	0	0	1.0	1.0
NLRC4	1	0	0	1.0	1.0
MTIF2	1	0	0	1.0	1.0
MSH6	1	0	0	1.0	1.0
MCM6	1	0	0	1.0	1.0
MAT2A	1	0	0	1.0	1.0
MAP3K2	1	0	0	1.0	1.0
LRP1B	2	0	0	1.0	1.0
LCT	1	0	0	1.0	1.0
ITGA4	2	0	0	1.0	1.0
IL36A	1	0	0	1.0	1.0
IGKV3D-11	1	0	0	1.0	1.0
IFT172	1	0	0	1.0	1.0
HOXD9	1	0	0	1.0	1.0
HEATR5B	1	0	0	1.0	1.0
HDLBP	1	0	0	1.0	1.0
GULP1	1	0	0	1.0	1.0
GPR39	1	0	0	1.0	1.0
GAREML	2	0	0	1.0	1.0
FARSB	1	0	0	1.0	1.0
FARP2	1	0	0	1.0	1.0
EXOC6B	1	0	0	1.0	1.0
ETAA1	1	0	0	1.0	1.0
SLFN5	1	0	0	1.0	1.0
TIRAP	1	0	0	1.0	1.0
SP6	1	0	0	1.0	1.0
SRP68	1	0	0	1.0	1.0
LPA	1	0	0	1.0	1.0
LAMA2	2	0	0	1.0	1.0
KIF6	1	0	0	1.0	1.0
KIAA1586	1	0	0	1.0	1.0
IRF4	1	0	0	1.0	1.0
IGF2R	1	0	0	1.0	1.0
HSF2	1	0	0	1.0	1.0
HIVEP2	1	0	0	1.0	1.0
HIST1H4B	1	0	0	1.0	1.0
HIST1H3C	1	0	0	1.0	1.0
HIST1H2BF	1	0	0	1.0	1.0
HIST1H1C	1	0	0	1.0	1.0
LRFN2	1	0	0	1.0	1.0
GRM4	1	0	0	1.0	1.0
GPR115	1	0	0	1.0	1.0
GJA1	1	0	0	1.0	1.0
FOXP4	1	0	0	1.0	1.0
FNDC1	1	0	0	1.0	1.0
ENPP3	1	0	0	1.0	1.0
COL21A1	1	0	0	1.0	1.0
COL11A2	1	0	0	1.0	1.0
ERMARD	1	0	0	1.0	1.0
TBC1D32	1	0	0	1.0	1.0
BTN2A2	1	0	0	1.0	1.0
ARID1B	2	0	0	1.0	1.0
APOBEC2	1	0	0	1.0	1.0
GPR6	1	0	0	1.0	1.0
ANKRD6	1	0	0	1.0	1.0
MDN1	1	0	0	1.0	1.0
MLLT4	1	0	0	1.0	1.0
UBE3D	1	0	0	1.0	1.0
TXNDC5	1	0	0	1.0	1.0
TXLNB	1	0	0	1.0	1.0
TULP4	1	0	0	1.0	1.0
TUBB	1	0	0	1.0	1.0
TTK	1	0	0	1.0	1.0
TREML4	1	0	0	1.0	1.0
TNXB	1	0	0	1.0	1.0
TFAP2D	1	0	0	1.0	1.0
SLC26A8	2	0	0	1.0	1.0
SLC25A27	2	0	0	1.0	1.0
SIRT5	1	0	0	1.0	1.0
ME1	1	0	0	1.0	1.0
SERINC1	1	0	0	1.0	1.0
RNF8	1	0	0	1.0	1.0
RING1	1	0	0	1.0	1.0
RIMS1	1	0	0	1.0	1.0
REV3L	1	0	0	1.0	1.0
PTK7	1	0	0	1.0	1.0
PPP2R5D	1	0	0	1.0	1.0
PBOV1	1	0	0	1.0	1.0
NKAPL	1	0	0	1.0	1.0
NFKBIL1	1	0	0	1.0	1.0
MTO1	1	0	0	1.0	1.0
MSH5	1	0	0	1.0	1.0
MRAP2	1	0	0	1.0	1.0
SCAF8	1	0	0	1.0	1.0
AARS2	1	0	0	1.0	1.0
ZBTB11	1	0	0	1.0	1.0
ZBBX	1	0	0	1.0	1.0
GPX1	1	0	0	1.0	1.0
GPR87	1	0	0	1.0	1.0
GPR160	1	0	0	1.0	1.0
FILIP1L	1	0	0	1.0	1.0
FEZF2	1	0	0	1.0	1.0
FBXO45	1	0	0	1.0	1.0
EMC3	1	0	0	1.0	1.0
DNAJC13	1	0	0	1.0	1.0
DHFRL1	1	0	0	1.0	1.0
DCUN1D1	1	0	0	1.0	1.0
CHST2	2	0	0	1.0	1.0
CHMP2B	1	0	0	1.0	1.0
HACL1	1	0	0	1.0	1.0
CCDC14	1	0	0	1.0	1.0
BRPF1	2	0	0	1.0	1.0
ATP2B2	1	0	0	1.0	1.0
AMT	1	0	0	1.0	1.0
ACTR8	2	0	0	1.0	1.0
ZZEF1	1	0	0	1.0	1.0
UBB	1	0	0	1.0	1.0
TRIM37	1	0	0	1.0	1.0
TP53	1	0	0	1.0	1.0
TNRC6C	1	0	0	1.0	1.0
THRA	1	0	0	1.0	1.0
SUPT6H	1	0	0	1.0	1.0
ST6GALNAC1	1	0	0	1.0	1.0
CADM2	1	0	0	1.0	1.0
HDAC11	1	0	0	1.0	1.0
IGF2BP2	1	0	0	1.0	1.0
IL17RD	1	0	0	1.0	1.0
TREX1	2	0	0	1.0	1.0
TKT	1	0	0	1.0	1.0
SUCLG2	1	0	0	1.0	1.0
STAB1	1	0	0	1.0	1.0
SLC9C1	1	0	0	1.0	1.0
SLC26A6	1	0	0	1.0	1.0
SLC12A8	1	0	0	1.0	1.0
SI	1	0	0	1.0	1.0
SHOX2	1	0	0	1.0	1.0
SETD5	1	0	0	1.0	1.0
SCAP	1	0	0	1.0	1.0
RBP1	1	0	0	1.0	1.0
RAF1	1	0	0	1.0	1.0
QRICH1	1	0	0	1.0	1.0
QARS	1	0	0	1.0	1.0
PTPN23	1	0	0	1.0	1.0
PLXND1	1	0	0	1.0	1.0
PIK3CB	1	0	0	1.0	1.0
PIK3CA	1	0	0	1.0	1.0
P2RY13	1	0	0	1.0	1.0
OR5H1	1	0	0	1.0	1.0
NISCH	1	0	0	1.0	1.0
NEK10	1	0	0	1.0	1.0
MSL2	1	0	0	1.0	1.0
LSAMP	1	0	0	1.0	1.0
LMOD3	1	0	0	1.0	1.0
ITPR1	2	0	0	1.0	1.0
SPAG7	1	0	0	1.0	1.0
TENM4	1	0	0	1.0	1.0
ST14	1	0	0	1.0	1.0
SRPR	1	0	0	1.0	1.0
TACSTD2	1	0	0	1.0	1.0
SLC30A7	1	0	0	1.0	1.0
SLC30A1	1	0	0	1.0	1.0
SLC1A7	1	0	0	1.0	1.0
SKI	1	0	0	1.0	1.0
SELP	1	0	0	1.0	1.0
SELL	1	0	0	1.0	1.0
SCCPDH	1	0	0	1.0	1.0
RYR2	1	0	0	1.0	1.0
RNPC3	1	0	0	1.0	1.0
RBBP5	1	0	0	1.0	1.0
PUM1	1	0	0	1.0	1.0
TCHH	1	0	0	1.0	1.0
PTGER3	1	0	0	1.0	1.0
PRKAA2	1	0	0	1.0	1.0
PRELP	1	0	0	1.0	1.0
PLEKHN1	2	0	0	1.0	1.0
PIK3CD	1	0	0	1.0	1.0
PIGR	1	0	0	1.0	1.0
PGD	1	0	0	1.0	1.0
PEX19	1	0	0	1.0	1.0
PER3	1	0	0	1.0	1.0
OR2T34	1	0	0	1.0	1.0
OR10K1	1	0	0	1.0	1.0
OPN3	1	0	0	1.0	1.0
OLFML3	1	0	0	1.0	1.0
PTBP2	1	0	0	1.0	1.0
OBSCN	1	0	0	1.0	1.0
TCHHL1	1	0	0	1.0	1.0
TNR	1	0	0	1.0	1.0
CPAMD8	1	0	0	1.0	1.0
COL5A3	1	0	0	1.0	1.0
CNOT3	1	0	0	1.0	1.0
CHMP2A	1	0	0	1.0	1.0
CHERP	1	0	0	1.0	1.0
CEBPA	1	0	0	1.0	1.0
CD97	1	0	0	1.0	1.0
CAMSAP3	1	0	0	1.0	1.0
C2CD4C	1	0	0	1.0	1.0
ATCAY	1	0	0	1.0	1.0
ASNA1	1	0	0	1.0	1.0
ARRDC5	1	0	0	1.0	1.0
TMEM82	1	0	0	1.0	1.0
ARHGAP33	1	0	0	1.0	1.0
ZNF697	2	0	0	1.0	1.0
ZC3H11A	1	0	0	1.0	1.0
WASF2	1	0	0	1.0	1.0
VSIG8	1	0	0	1.0	1.0
VPS45	1	0	0	1.0	1.0
VCAM1	1	0	0	1.0	1.0
USP1	1	0	0	1.0	1.0
USH2A	1	0	0	1.0	1.0
TTC13	1	0	0	1.0	1.0
TP73	1	0	0	1.0	1.0
TOR1AIP2	1	0	0	1.0	1.0
TOR1AIP1	1	0	0	1.0	1.0
ANKLE1	1	0	0	1.0	1.0
NUAK2	1	0	0	1.0	1.0
NTNG1	1	0	0	1.0	1.0
NRAS	2	0	0	1.0	1.0
FBXO2	1	0	0	1.0	1.0
FAM129A	1	0	0	1.0	1.0
EPS8L3	1	0	0	1.0	1.0
EPB41	1	0	0	1.0	1.0
EIF4G3	2	0	0	1.0	1.0
EDEM3	1	0	0	1.0	1.0
DPYD	1	0	0	1.0	1.0
DNASE2B	1	0	0	1.0	1.0
DNAH14	1	0	0	1.0	1.0
DENND2C	1	0	0	1.0	1.0
DARS2	1	0	0	1.0	1.0
CRB1	1	0	0	1.0	1.0
FCRLB	1	0	0	1.0	1.0
CFHR4	1	0	0	1.0	1.0
CELF3	1	0	0	1.0	1.0
CD46	1	0	0	1.0	1.0
CACNA1E	1	0	0	1.0	1.0
C1orf61	1	0	0	1.0	1.0
BCL9	1	0	0	1.0	1.0
AVPR1B	1	0	0	1.0	1.0
ATP13A2	1	0	0	1.0	1.0
ATAD3C	1	0	0	1.0	1.0
ATAD3B	1	0	0	1.0	1.0
ASPM	1	0	0	1.0	1.0
APOA1BP	1	0	0	1.0	1.0
AHDC1	1	0	0	1.0	1.0
CEP170	1	0	0	1.0	1.0
FLG	2	0	0	1.0	1.0
FNBP1L	1	0	0	1.0	1.0
FPGT-TNNI3K	1	0	0	1.0	1.0
NOTCH2	1	0	0	1.0	1.0
NBPF10	2	0	0	1.0	1.0
NAV1	1	0	0	1.0	1.0
NASP	1	0	0	1.0	1.0
MTF2	1	0	0	1.0	1.0
MFSD4	1	0	0	1.0	1.0
MAP3K6	1	0	0	1.0	1.0
MAB21L3	1	0	0	1.0	1.0
LYST	2	0	0	1.0	1.0
LPPR5	1	0	0	1.0	1.0
LOR	1	0	0	1.0	1.0
LMO4	1	0	0	1.0	1.0
LHX8	1	0	0	1.0	1.0
LDLRAP1	1	0	0	1.0	1.0
KLHDC8A	1	0	0	1.0	1.0
KISS1	1	0	0	1.0	1.0
KIF14	1	0	0	1.0	1.0
KCND3	1	0	0	1.0	1.0
ILDR2	1	0	0	1.0	1.0
HORMAD1	2	0	0	1.0	1.0
HMCN1	2	0	0	1.0	1.0
HAPLN2	1	0	0	1.0	1.0
GPR52	1	0	0	1.0	1.0
GPBP1L1	1	0	0	1.0	1.0
GNPAT	1	0	0	1.0	1.0
GBP3	1	0	0	1.0	1.0
FUCA1	1	0	0	1.0	1.0
DENND1C	1	0	0	1.0	1.0
DNMT1	3	0	0	1.0	1.0
ERCC1	1	0	0	1.0	1.0
FAM71E2	1	0	0	1.0	1.0
FOLR3	1	0	0	1.0	1.0
FOLR2	1	0	0	1.0	1.0
FOLR1	1	0	0	1.0	1.0
DLG2	1	0	0	1.0	1.0
DDX6	1	0	0	1.0	1.0
DBX1	2	0	0	1.0	1.0
ZBTB9	1	0	0	1.0	1.0
CNTN5	2	0	0	1.0	1.0
CKAP5	1	0	0	1.0	1.0
CHKA	1	0	0	1.0	1.0
BSX	1	0	0	1.0	1.0
BIRC2	2	0	0	1.0	1.0
GAB2	1	0	0	1.0	1.0
ATM	1	0	0	1.0	1.0
ALG9	1	0	0	1.0	1.0
ADRBK1	1	0	0	1.0	1.0
ZNF880	1	0	0	1.0	1.0
ZNF850	1	0	0	1.0	1.0
ZNF836	1	0	0	1.0	1.0
ZNF823	1	0	0	1.0	1.0
ZNF699	1	0	0	1.0	1.0
ZNF675	1	0	0	1.0	1.0
ZNF653	1	0	0	1.0	1.0
ZNF649	1	0	0	1.0	1.0
ZNF615	1	0	0	1.0	1.0
ZNF614	1	0	0	1.0	1.0
ARHGEF17	1	0	0	1.0	1.0
GAL	1	0	0	1.0	1.0
GRAMD1B	1	0	0	1.0	1.0
GRIA4	1	0	0	1.0	1.0
SLC43A1	1	0	0	1.0	1.0
SIAE	1	0	0	1.0	1.0
SART1	1	0	0	1.0	1.0
RSF1	1	0	0	1.0	1.0
RRAS2	1	0	0	1.0	1.0
ROBO3	1	0	0	1.0	1.0
RNF26	1	0	0	1.0	1.0
RNASEH2C	1	0	0	1.0	1.0
RBM4B	1	0	0	1.0	1.0
RBM14-RBM4	1	0	0	1.0	1.0
QSER1	1	0	0	1.0	1.0
PTGDR2	1	0	0	1.0	1.0
PPFIA1	1	0	0	1.0	1.0
PIK3C2A	1	0	0	1.0	1.0
PHF21A	1	0	0	1.0	1.0
PACS1	1	0	0	1.0	1.0
OR6A2	1	0	0	1.0	1.0
OR51E1	1	0	0	1.0	1.0
OR4C6	3	0	0	1.0	1.0
NXF1	1	0	0	1.0	1.0
NRXN2	1	0	0	1.0	1.0
NLRP6	1	0	0	1.0	1.0
MUC5B	2	0	0	1.0	1.0
LTBP3	1	0	0	1.0	1.0
IFT46	1	0	0	1.0	1.0
HMBS	1	0	0	1.0	1.0
GRIK4	1	0	0	1.0	1.0
ZNF606	1	0	0	1.0	1.0
ACBD3	1	0	0	1.0	1.0
ZNF555	1	0	0	1.0	1.0
ZNF536	1	0	0	1.0	1.0
PRKD2	1	0	0	1.0	1.0
PPP6R1	1	0	0	1.0	1.0
PPP5D1	1	0	0	1.0	1.0
POU2F2	1	0	0	1.0	1.0
PCSK4	1	0	0	1.0	1.0
NOTCH3	2	0	0	1.0	1.0
NLRP9	1	0	0	1.0	1.0
NDUFA13	1	0	0	1.0	1.0
NAT14	1	0	0	1.0	1.0
NACC1	1	0	0	1.0	1.0
MYPOP	1	0	0	1.0	1.0
MYO1F	1	0	0	1.0	1.0
RAD23A	1	0	0	1.0	1.0
KMT2B	1	0	0	1.0	1.0
MAU2	1	0	0	1.0	1.0
MAP1S	1	0	0	1.0	1.0
LPHN1	1	0	0	1.0	1.0
LIPE	1	0	0	1.0	1.0
LDLR	1	0	0	1.0	1.0
KIR3DL1	1	0	0	1.0	1.0
KCNN1	1	0	0	1.0	1.0
HRC	1	0	0	1.0	1.0
HNRNPM	1	0	0	1.0	1.0
FOSB	1	0	0	1.0	1.0
FLT3LG	1	0	0	1.0	1.0
FCGBP	1	0	0	1.0	1.0
MCOLN1	1	0	0	1.0	1.0
RDH13	1	0	0	1.0	1.0
REEP6	1	0	0	1.0	1.0
REXO1	1	0	0	1.0	1.0
ZNF525	1	0	0	1.0	1.0
ZNF506	1	0	0	1.0	1.0
ZNF490	1	0	0	1.0	1.0
ZNF30	1	0	0	1.0	1.0
ZNF296	1	0	0	1.0	1.0
ZNF233	1	0	0	1.0	1.0
ZNF208	1	0	0	1.0	1.0
ZFR2	1	0	0	1.0	1.0
ZC3H4	1	0	0	1.0	1.0
WDR88	1	0	0	1.0	1.0
WDR62	1	0	0	1.0	1.0
TMEM147	1	0	0	1.0	1.0
TMC4	1	0	0	1.0	1.0
TIMM44	1	0	0	1.0	1.0
TECR	1	0	0	1.0	1.0
SYCE2	1	0	0	1.0	1.0
SPIB	1	0	0	1.0	1.0
SPC24	1	0	0	1.0	1.0
SLC25A42	1	0	0	1.0	1.0
SIRT6	1	0	0	1.0	1.0
SIGLEC10	1	0	0	1.0	1.0
SEMA6B	1	0	0	1.0	1.0
SCAF1	1	0	0	1.0	1.0
SAE1	1	0	0	1.0	1.0
RYR1	2	0	0	1.0	1.0
RTN2	1	0	0	1.0	1.0
RPS5	1	0	0	1.0	1.0
ZNF540	1	0	0	1.0	1.0
DAK	1	0	0	1.0	1.0
UMODL1	1	0	0	1.0	1.0
ABCC9	1	0	0	1.0	1.0
EPHA5	1	0	0	1.0	1.0
EIF4E	1	0	0	1.0	1.0
DDX60	1	0	0	1.0	1.0
CRMP1	1	0	0	1.0	1.0
CABS1	1	0	0	1.0	1.0
BEND4	1	0	0	1.0	1.0
ARHGAP24	1	0	0	1.0	1.0
ARHGAP10	1	0	0	1.0	1.0
ANTXR2	1	0	0	1.0	1.0
ANKRD50	2	0	0	1.0	1.0
ANK2	1	0	0	1.0	1.0
ZRANB1	1	0	0	1.0	1.0
WDFY4	2	0	0	1.0	1.0
WAC	1	0	0	1.0	1.0
VWA2	1	0	0	1.0	1.0
TCERG1L	1	0	0	1.0	1.0
TAF5	1	0	0	1.0	1.0
PANK1	1	0	0	1.0	1.0
PCDH15	2	0	0	1.0	1.0
PDLIM1	1	0	0	1.0	1.0
PKD2L1	1	0	0	1.0	1.0
PLCE1	1	0	0	1.0	1.0
RBM20	1	0	0	1.0	1.0
FAM198B	1	0	0	1.0	1.0
RTKN2	1	0	0	1.0	1.0
SEC31B	1	0	0	1.0	1.0
SHOC2	1	0	0	1.0	1.0
SKIDA1	2	0	0	1.0	1.0
STAMBPL1	1	0	0	1.0	1.0
SYCE1	1	0	0	1.0	1.0
TACC2	1	0	0	1.0	1.0
SEC24C	1	0	0	1.0	1.0
NFKB2	1	0	0	1.0	1.0
FAT1	1	0	0	1.0	1.0
GABRA4	1	0	0	1.0	1.0
CALB1	1	0	0	1.0	1.0
C8orf46	1	0	0	1.0	1.0
BHLHE22	2	0	0	1.0	1.0
ATP6V1H	1	0	0	1.0	1.0
ATAD2	1	0	0	1.0	1.0
ANK1	1	0	0	1.0	1.0
ADAM32	1	0	0	1.0	1.0
ZBTB49	1	0	0	1.0	1.0
NELFA	1	0	0	1.0	1.0
UCP1	1	0	0	1.0	1.0
TXK	1	0	0	1.0	1.0
TRAM1L1	1	0	0	1.0	1.0
TLR2	1	0	0	1.0	1.0
TENM3	1	0	0	1.0	1.0
SPATA18	1	0	0	1.0	1.0
SNX25	1	0	0	1.0	1.0
SLC25A4	1	0	0	1.0	1.0
KIT	12	0	0	1.0	1.0
LIMCH1	1	0	0	1.0	1.0
LRBA	1	0	0	1.0	1.0
MTTP	1	0	0	1.0	1.0
NAA15	1	0	0	1.0	1.0
NEIL3	1	0	0	1.0	1.0
FAT4	1	0	0	1.0	1.0
NEK1	1	0	0	1.0	1.0
PALLD	1	0	0	1.0	1.0
PCDH18	1	0	0	1.0	1.0
PCDH7	1	0	0	1.0	1.0
PDHA2	1	0	0	1.0	1.0
PDS5A	1	0	0	1.0	1.0
SCARB2	1	0	0	1.0	1.0
OTUD4	1	0	0	1.0	1.0
COL14A1	1	0	0	1.0	1.0
NCOA4	1	0	0	1.0	1.0
MKI67	1	0	0	1.0	1.0
REPS2	1	0	0	1.0	1.0
RBM10	1	0	0	1.0	1.0
PRRG1	1	0	0	1.0	1.0
PPEF1	1	0	0	1.0	1.0
POLA1	1	0	0	1.0	1.0
PHKA1	1	0	0	1.0	1.0
PAK3	1	0	0	1.0	1.0
OGT	1	0	0	1.0	1.0
NR0B1	1	0	0	1.0	1.0
NHS	1	0	0	1.0	1.0
MED14	1	0	0	1.0	1.0
MAGEC1	1	0	0	1.0	1.0
MAGEB4	1	0	0	1.0	1.0
MAGEB10	1	0	0	1.0	1.0
LANCL3	1	0	0	1.0	1.0
KLHL13	2	0	0	1.0	1.0
IRAK1	1	0	0	1.0	1.0
ASB9	2	0	0	1.0	1.0
BRS3	1	0	0	1.0	1.0
CCNB3	1	0	0	1.0	1.0
CNKSR2	1	0	0	1.0	1.0
COL4A5	1	0	0	1.0	1.0
CHDC2	2	0	0	1.0	1.0
RGAG1	1	0	0	1.0	1.0
DCAF8L1	1	0	0	1.0	1.0
DMD	1	0	0	1.0	1.0
DOCK11	1	0	0	1.0	1.0
GLA	1	0	0	1.0	1.0
GNL3L	2	0	0	1.0	1.0
HEPH	1	0	0	1.0	1.0
HMGN5	1	0	0	1.0	1.0
DDX3X	1	0	0	1.0	1.0
MMS19	1	0	0	1.0	1.0
RPGR	2	0	0	1.0	1.0
SMS	1	0	0	1.0	1.0
LRRTM3	2	0	0	1.0	1.0
LDB3	1	0	0	1.0	1.0
KIF5B	1	0	0	1.0	1.0
KCNMA1	1	0	0	1.0	1.0
HHEX	1	0	0	1.0	1.0
GDF2	1	0	0	1.0	1.0
GATA3	1	0	0	1.0	1.0
FZD8	1	0	0	1.0	1.0
FAM149B1	1	0	0	1.0	1.0
DPCD	1	0	0	1.0	1.0
DDIT4	1	0	0	1.0	1.0
CHST3	1	0	0	1.0	1.0
CDHR1	1	0	0	1.0	1.0
CCAR1	1	0	0	1.0	1.0
C10orf2	1	0	0	1.0	1.0
EDRF1	1	0	0	1.0	1.0
ASCC1	1	0	0	1.0	1.0
TAB3	1	0	0	1.0	1.0
TENM1	1	0	0	1.0	1.0
TEX13A	1	0	0	1.0	1.0
TLR7	1	0	0	1.0	1.0
UBE2NL	1	0	0	1.0	1.0
VSIG4	1	0	0	1.0	1.0
SLC25A5	1	0	0	1.0	1.0
WNK3	2	0	0	1.0	1.0
XPNPEP2	1	0	0	1.0	1.0
ADAM12	1	0	0	1.0	1.0
ANK3	2	0	0	1.0	1.0
ANKRD30A	4	0	0	1.0	1.0
ARHGAP19	1	0	0	1.0	1.0
ARMC3	1	0	0	1.0	1.0
XIAP	1	0	0	1.0	1.0
COL22A1	1	0	0	1.0	1.0
CPSF1	1	0	0	1.0	1.0
DUSP26	1	0	0	1.0	1.0
ATP7B	1	0	0	1.0	1.0
TTC28	1	0	0	1.0	1.0
THAP7	1	0	0	1.0	1.0
SLC5A4	1	0	0	1.0	1.0
PRODH	1	0	0	1.0	1.0
PLXNB2	1	0	0	1.0	1.0
PIM3	1	0	0	1.0	1.0
MTMR3	1	0	0	1.0	1.0
MMP11	1	0	0	1.0	1.0
LRP5L	1	0	0	1.0	1.0
KREMEN1	1	0	0	1.0	1.0
IL2RB	1	0	0	1.0	1.0
IL17REL	1	0	0	1.0	1.0
IL17RA	2	0	0	1.0	1.0
HIC2	1	0	0	1.0	1.0
DNAJB7	1	0	0	1.0	1.0
DDX17	1	0	0	1.0	1.0
PAX1	1	0	0	1.0	1.0
PCIF1	1	0	0	1.0	1.0
PREX1	1	0	0	1.0	1.0
SLC2A10	1	0	0	1.0	1.0
SOGA1	1	0	0	1.0	1.0
TRMT6	1	0	0	1.0	1.0
GPC5	1	0	0	1.0	1.0
ZCCHC3	1	0	0	1.0	1.0
ZNF217	2	0	0	1.0	1.0
CABIN1	1	0	0	1.0	1.0
CARD10	2	0	0	1.0	1.0
CCT8L2	1	0	0	1.0	1.0
CELSR1	1	0	0	1.0	1.0
CSF2RB	1	0	0	1.0	1.0
ZMYND8	1	0	0	1.0	1.0
NFATC2	1	0	0	1.0	1.0
GPC6	1	0	0	1.0	1.0
IRS2	1	0	0	1.0	1.0
TTC3	1	0	0	1.0	1.0
TFF3	1	0	0	1.0	1.0
SLC37A1	1	0	0	1.0	1.0
SLC19A1	1	0	0	1.0	1.0
N6AMT1	1	0	0	1.0	1.0
MORC3	1	0	0	1.0	1.0
IFNAR1	1	0	0	1.0	1.0
GART	1	0	0	1.0	1.0
GABPA	1	0	0	1.0	1.0
CYYR1	1	0	0	1.0	1.0
COL18A1	1	0	0	1.0	1.0
CLDN14	2	0	0	1.0	1.0
BRWD1	1	0	0	1.0	1.0
APP	1	0	0	1.0	1.0
AIRE	3	0	0	1.0	1.0
ADAMTS5	1	0	0	1.0	1.0
TSHZ1	1	0	0	1.0	1.0
NAA16	1	0	0	1.0	1.0
SACS	3	0	0	1.0	1.0
ZMYM2	1	0	0	1.0	1.0
ANKRD30B	1	0	0	1.0	1.0
ASXL3	1	0	0	1.0	1.0
CCDC102B	1	0	0	1.0	1.0
GRK1	2	0	0	1.0	1.0
CCDC178	1	0	0	1.0	1.0
DSG2	1	0	0	1.0	1.0
GNAL	1	0	0	1.0	1.0
KATNAL2	1	0	0	1.0	1.0
PHLPP1	1	0	0	1.0	1.0
SLC39A6	1	0	0	1.0	1.0
TCEB3B	1	0	0	1.0	1.0
CTAGE1	1	0	0	1.0	1.0
NCOA3	1	0	0	1.0	1.0
MCM8	1	0	0	1.0	1.0
MACROD2	1	0	0	1.0	1.0
ZNF251	1	0	0	1.0	1.0
ZBTB10	1	0	0	1.0	1.0
YTHDF3	1	0	0	1.0	1.0
WRN	1	0	0	1.0	1.0
TUSC3	1	0	0	1.0	1.0
TOP1MT	1	0	0	1.0	1.0
TMEM65	1	0	0	1.0	1.0
TMEM55A	1	0	0	1.0	1.0
SULF1	1	0	0	1.0	1.0
SPAG11A	1	0	0	1.0	1.0
SLC35G5	1	0	0	1.0	1.0
SGK223	1	0	0	1.0	1.0
RP1L1	1	0	0	1.0	1.0
RDH10	1	0	0	1.0	1.0
RAB11FIP1	1	0	0	1.0	1.0
PXDNL	1	0	0	1.0	1.0
PTP4A3	1	0	0	1.0	1.0
ESRP1	1	0	0	1.0	1.0
FAM83A	1	0	0	1.0	1.0
FAM83H	1	0	0	1.0	1.0
GPR124	1	0	0	1.0	1.0
GSR	1	0	0	1.0	1.0
HOOK3	1	0	0	1.0	1.0
ADPGK	1	0	0	1.0	1.0
LRP12	1	0	0	1.0	1.0
MFHAS1	1	0	0	1.0	1.0
MTFR1	1	0	0	1.0	1.0
MTMR7	1	0	0	1.0	1.0
NOV	1	0	0	1.0	1.0
PKHD1L1	2	0	0	1.0	1.0
PLEC	2	0	0	1.0	1.0
MAPK15	1	0	0	1.0	1.0
AP3B2	1	0	0	1.0	1.0
ARIH1	1	0	0	1.0	1.0
CAPN3	1	0	0	1.0	1.0
SMAD6	1	0	0	1.0	1.0
ST8SIA2	1	0	0	1.0	1.0
SV2B	1	0	0	1.0	1.0
TMEM62	1	0	0	1.0	1.0
TYRO3	1	0	0	1.0	1.0
VPS13C	1	0	0	1.0	1.0
RYR3	1	0	0	1.0	1.0
ASXL1	1	0	0	1.0	1.0
EEF1A2	1	0	0	1.0	1.0
ESF1	1	0	0	1.0	1.0
GNAS	1	0	0	1.0	1.0
ISM1	1	0	0	1.0	1.0
KCNS1	1	0	0	1.0	1.0
LAMA5	3	0	0	1.0	1.0
BPIFB6	1	0	0	1.0	1.0
ARHGAP4	2	0	0	1.0	1.0
RORA	2	0	0	1.0	1.0
MGA	1	0	0	1.0	1.0
CLK3	1	0	0	1.0	1.0
CYP1A1	1	0	0	1.0	1.0
DISP2	1	0	0	1.0	1.0
ELL3	1	0	0	1.0	1.0
FAM169B	1	0	0	1.0	1.0
GABPB1	1	0	0	1.0	1.0
MYO5A	2	0	0	1.0	1.0
HERC2	1	0	0	1.0	1.0
KBTBD13	1	0	0	1.0	1.0
LACTB	1	0	0	1.0	1.0
LRRK1	1	0	0	1.0	1.0
MAN2C1	1	0	0	1.0	1.0
MAPK6	1	0	0	1.0	1.0
MESP2	1	0	0	1.0	1.0
INO80	1	0	0	1.0	1.0
A2M	1	0	0	1.0	1.0
AMMECR1	1	0	0	1.0	1.0
ACOT9	2	0	0	1.0	1.0
KCND2	1	0	0	1.0	1.0
ITGB8	1	0	0	1.0	1.0
HYAL4	1	0	0	1.0	1.0
HTR5A	1	0	0	1.0	1.0
HOXA3	1	0	0	1.0	1.0
GTF2I	1	0	0	1.0	1.0
GSTK1	1	0	0	1.0	1.0
GRM8	1	0	0	1.0	1.0
GRB10	1	0	0	1.0	1.0
GPR37	1	0	0	1.0	1.0
GLI3	1	0	0	1.0	1.0
GALNTL5	1	0	0	1.0	1.0
FLNC	1	0	0	1.0	1.0
FERD3L	1	0	0	1.0	1.0
EPHB4	1	0	0	1.0	1.0
ELN	1	0	0	1.0	1.0
DTX2	1	0	0	1.0	1.0
AGR3	1	0	0	1.0	1.0
AP1S1	1	0	0	1.0	1.0
AUTS2	1	0	0	1.0	1.0
BRAT1	1	0	0	1.0	1.0
BZW2	1	0	0	1.0	1.0
CAMK2B	1	0	0	1.0	1.0
KPNA7	1	0	0	1.0	1.0
CCT6A	1	0	0	1.0	1.0
COL1A2	1	0	0	1.0	1.0
CREB5	1	0	0	1.0	1.0
CROT	1	0	0	1.0	1.0
CTTNBP2	1	0	0	1.0	1.0
DBNL	1	0	0	1.0	1.0
DGKI	2	0	0	1.0	1.0
COG5	1	0	0	1.0	1.0
ABCF2	1	0	0	1.0	1.0
MAGI2	1	0	0	1.0	1.0
MNX1	1	0	0	1.0	1.0
HARS	1	0	0	1.0	1.0
GNB2L1	1	0	0	1.0	1.0
GEMIN5	1	0	0	1.0	1.0
FEM1C	1	0	0	1.0	1.0
FAM196B	1	0	0	1.0	1.0
FAM193B	1	0	0	1.0	1.0
FAF2	1	0	0	1.0	1.0
DNAJC18	1	0	0	1.0	1.0
DMXL1	1	0	0	1.0	1.0
DIAPH1	1	0	0	1.0	1.0
CHD1	1	0	0	1.0	1.0
CD180	1	0	0	1.0	1.0
CCDC152	1	0	0	1.0	1.0
ARSI	1	0	0	1.0	1.0
ANKHD1	2	0	0	1.0	1.0
ADCY2	2	0	0	1.0	1.0
ZNF12	1	0	0	1.0	1.0
NPC1L1	1	0	0	1.0	1.0
OR2A12	2	0	0	1.0	1.0
PCLO	2	0	0	1.0	1.0
PCOLCE	1	0	0	1.0	1.0
PDK4	1	0	0	1.0	1.0
PKD1L1	1	0	0	1.0	1.0
KMT2E	1	0	0	1.0	1.0
RAPGEF5	1	0	0	1.0	1.0
RNF216	1	0	0	1.0	1.0
SDK1	1	0	0	1.0	1.0
SLC37A3	1	0	0	1.0	1.0
THAP5	1	0	0	1.0	1.0
TMEM229A	1	0	0	1.0	1.0
VWC2	1	0	0	1.0	1.0
RBM33	1	0	0	1.0	1.0
IPO11	1	0	0	1.0	1.0
ABCA13	1	0	0	1.0	1.0
WNT5B	1	0	0	1.0	1.0
KRAS	8	0	0	1.0	1.0
KLRC4	1	0	0	1.0	1.0
KIF5A	1	0	0	1.0	1.0
KIAA1551	1	0	0	1.0	1.0
KCNH3	1	0	0	1.0	1.0
ITPR2	1	0	0	1.0	1.0
HRK	1	0	0	1.0	1.0
HNRNPA1	1	0	0	1.0	1.0
HECTD4	3	0	0	1.0	1.0
GRIP1	1	0	0	1.0	1.0
GRIN2B	1	0	0	1.0	1.0
GOLGA3	1	0	0	1.0	1.0
GNS	1	0	0	1.0	1.0
GIT2	1	0	0	1.0	1.0
FRS2	1	0	0	1.0	1.0
FOXN4	1	0	0	1.0	1.0
ERC1	1	0	0	1.0	1.0
ADAMTS20	1	0	0	1.0	1.0
AMHR2	1	0	0	1.0	1.0
BCDIN3D	1	0	0	1.0	1.0
C12orf45	1	0	0	1.0	1.0
C12orf65	1	0	0	1.0	1.0
CALCOCO1	1	0	0	1.0	1.0
KRT6A	1	0	0	1.0	1.0
CAPS2	1	0	0	1.0	1.0
CEP290	1	0	0	1.0	1.0
DCTN2	1	0	0	1.0	1.0
DDX23	1	0	0	1.0	1.0
DDX54	2	0	0	1.0	1.0
E2F7	1	0	0	1.0	1.0
EID3	1	0	0	1.0	1.0
CCDC64	1	0	0	1.0	1.0
YARS2	1	0	0	1.0	1.0
KRT73	1	0	0	1.0	1.0
LPAR5	1	0	0	1.0	1.0
WNK1	1	0	0	1.0	1.0
UTP20	1	0	0	1.0	1.0
USP5	2	0	0	1.0	1.0
ULK1	1	0	0	1.0	1.0
TXNRD1	1	0	0	1.0	1.0
TUBA1A	1	0	0	1.0	1.0
TMEM132D	2	0	0	1.0	1.0
TAOK3	1	0	0	1.0	1.0
SSPN	1	0	0	1.0	1.0
SLC38A1	1	0	0	1.0	1.0
SLC35E3	1	0	0	1.0	1.0
SLC8B1	1	0	0	1.0	1.0
SETD1B	1	0	0	1.0	1.0
SBNO1	1	0	0	1.0	1.0
RHOF	1	0	0	1.0	1.0
RAP1B	1	0	0	1.0	1.0
RAN	1	0	0	1.0	1.0
MARS	1	0	0	1.0	1.0
NANOG	1	0	0	1.0	1.0
NAV3	1	0	0	1.0	1.0
NELL2	1	0	0	1.0	1.0
NRIP2	1	0	0	1.0	1.0
PDE3A	2	0	0	1.0	1.0
LETMD1	1	0	0	1.0	1.0
PIK3C2G	1	0	0	1.0	1.0
PLXNC1	1	0	0	1.0	1.0
PPM1H	1	0	0	1.0	1.0
PRR4	1	0	0	1.0	1.0
PTPRO	1	0	0	1.0	1.0
PUS1	1	0	0	1.0	1.0
RACGAP1	1	0	0	1.0	1.0
PLCZ1	1	0	0	1.0	1.0
IRX4	1	0	0	1.0	1.0
LMNB1	2	0	0	1.0	1.0
MAP1B	1	0	0	1.0	1.0
ZNF75A	1	0	0	1.0	1.0
ZNF469	1	0	0	1.0	1.0
ZNF276	1	0	0	1.0	1.0
ZNF174	1	0	0	1.0	1.0
ZC3H7A	1	0	0	1.0	1.0
WASH4P	1	0	0	1.0	1.0
VPS9D1	1	0	0	1.0	1.0
UBFD1	1	0	0	1.0	1.0
TCEB2	1	0	0	1.0	1.0
SOCS1	1	0	0	1.0	1.0
SLC9A3R2	1	0	0	1.0	1.0
SH2B1	1	0	0	1.0	1.0
SETD1A	1	0	0	1.0	1.0
RNPS1	1	0	0	1.0	1.0
RLTPR	1	0	0	1.0	1.0
PPL	1	0	0	1.0	1.0
NTHL1	1	0	0	1.0	1.0
CTRB2	1	0	0	1.0	1.0
EARS2	1	0	0	1.0	1.0
EMC8	1	0	0	1.0	1.0
ENKD1	1	0	0	1.0	1.0
FUK	1	0	0	1.0	1.0
GPT2	1	0	0	1.0	1.0
ADAMTSL1	1	0	0	1.0	1.0
HMOX2	1	0	0	1.0	1.0
HYDIN	1	0	0	1.0	1.0
IL27	1	0	0	1.0	1.0
IRX3	1	0	0	1.0	1.0
LRRC36	1	0	0	1.0	1.0
MEFV	1	0	0	1.0	1.0
NRN1L	1	0	0	1.0	1.0
HN1L	1	0	0	1.0	1.0
CREBBP	1	0	0	1.0	1.0
ALDH1B1	1	0	0	1.0	1.0
BNC2	1	0	0	1.0	1.0
ZNF483	1	0	0	1.0	1.0
ZNF462	1	0	0	1.0	1.0
ZBTB43	1	0	0	1.0	1.0
UCK1	1	0	0	1.0	1.0
UBAP2	1	0	0	1.0	1.0
SECISBP2	1	0	0	1.0	1.0
SEC16A	1	0	0	1.0	1.0
SCAI	1	0	0	1.0	1.0
RNF20	1	0	0	1.0	1.0
RABEPK	1	0	0	1.0	1.0
PTGR1	1	0	0	1.0	1.0
PRRC2B	1	0	0	1.0	1.0
PCSK5	1	0	0	1.0	1.0
OR5C1	1	0	0	1.0	1.0
ODF2	1	0	0	1.0	1.0
NTNG2	1	0	0	1.0	1.0
NFX1	1	0	0	1.0	1.0
C9orf139	1	0	0	1.0	1.0
CENPP	1	0	0	1.0	1.0
CNTFR	1	0	0	1.0	1.0
CRB2	1	0	0	1.0	1.0
DFNB31	1	0	0	1.0	1.0
FBXW5	1	0	0	1.0	1.0
ALDOB	1	0	0	1.0	1.0
FOCAD	1	0	0	1.0	1.0
FREM1	1	0	0	1.0	1.0
FRMPD1	1	0	0	1.0	1.0
GNAQ	1	0	0	1.0	1.0
GSN	1	0	0	1.0	1.0
KIAA0368	1	0	0	1.0	1.0
MURC	1	0	0	1.0	1.0
FOXE1	1	0	0	1.0	1.0
CNTNAP4	1	0	0	1.0	1.0
CLN3	1	0	0	1.0	1.0
CIRH1A	1	0	0	1.0	1.0
CDH24	1	0	0	1.0	1.0
BTBD7	1	0	0	1.0	1.0
ATG2B	1	0	0	1.0	1.0
ARID4A	1	0	0	1.0	1.0
ANG	1	0	0	1.0	1.0
AHNAK2	1	0	0	1.0	1.0
ADAM21	1	0	0	1.0	1.0
ACIN1	1	0	0	1.0	1.0
TNPO1	1	0	0	1.0	1.0
TNIP1	1	0	0	1.0	1.0
STK10	1	0	0	1.0	1.0
SPZ1	1	0	0	1.0	1.0
SLC23A1	1	0	0	1.0	1.0
SGTB	1	0	0	1.0	1.0
RHOBTB3	1	0	0	1.0	1.0
RANBP17	1	0	0	1.0	1.0
RAI14	1	0	0	1.0	1.0
MCC	1	0	0	1.0	1.0
MIER3	1	0	0	1.0	1.0
MROH2B	1	0	0	1.0	1.0
MSX2	1	0	0	1.0	1.0
NADK2	1	0	0	1.0	1.0
NSD1	2	0	0	1.0	1.0
CDKN3	1	0	0	1.0	1.0
PCDHA6	1	0	0	1.0	1.0
PCDHGA4	1	0	0	1.0	1.0
PCDHGA8	1	0	0	1.0	1.0
PCDHGA9	1	0	0	1.0	1.0
PPWD1	1	0	0	1.0	1.0
PRLR	1	0	0	1.0	1.0
PRRC1	1	0	0	1.0	1.0
PCDHB4	1	0	0	1.0	1.0
CHGA	1	0	0	1.0	1.0
CMTM5	1	0	0	1.0	1.0
DICER1	1	0	0	1.0	1.0
RPS6KA5	1	0	0	1.0	1.0
SNW1	1	0	0	1.0	1.0
TECPR2	1	0	0	1.0	1.0
ABCA3	1	0	0	1.0	1.0
ABCC1	1	0	0	1.0	1.0
ACSM2A	1	0	0	1.0	1.0
RPGRIP1	1	0	0	1.0	1.0
ADAD2	1	0	0	1.0	1.0
BANP	1	0	0	1.0	1.0
C16orf78	1	0	0	1.0	1.0
CACNA1H	1	0	0	1.0	1.0
CAPNS2	1	0	0	1.0	1.0
CDH15	1	0	0	1.0	1.0
CES3	1	0	0	1.0	1.0
ARL2BP	1	0	0	1.0	1.0
AFF2	1	0	0	1.0	1.0
RBM23	1	0	0	1.0	1.0
PLEKHH1	1	0	0	1.0	1.0
DLGAP5	1	0	0	1.0	1.0
DLK1	1	0	0	1.0	1.0
EDDM3B	1	0	0	1.0	1.0
EIF2B2	1	0	0	1.0	1.0
EMC9	1	0	0	1.0	1.0
FAM181A	1	0	0	1.0	1.0
PSMB5	1	0	0	1.0	1.0
FANCM	1	0	0	1.0	1.0
IGHM	1	0	0	1.0	1.0
KCNH5	1	0	0	1.0	1.0
CEP170B	1	0	0	1.0	1.0
KLHDC2	1	0	0	1.0	1.0
MLH3	1	0	0	1.0	1.0
OTX2	1	0	0	1.0	1.0
FUT8	1	0	0	1.0	1.0
ZNF184	1	0	0	1.0	1.0
