gene	Total Mutations	Unmapped to Ref Tx	num recurrent	position entropy	mean vest score	entropy p-value	vest p-value	combined p-value	entropy BH q-value	vest BH q-value	combined BH q-value
KIT	12	0	8	0.6196025301680662	0.851	0.0	0.0	2.402585092994044e-09	0.0	0.0	2.7077133998042874e-06
KRAS	8	0	7	0.4685463540765221	0.9141249999999999	7e-05	5e-05	7.164676003957866e-08	0.039444999999999994	0.028175000000000002	4.037294928230257e-05
TAF5	1	0	0	1.0	0.9890000000000001	1.0	0.00147	0.011058064530941492	1.0	0.55223	1.0
ZC3H7A	1	0	0	1.0	0.995	1.0	0.00243	0.01705826957256012	1.0	0.6846525	1.0
DNAH6	2	0	0	1.0	0.907	1.0	0.00312	0.021122157504741525	1.0	0.703248	1.0
HOOK3	1	0	0	1.0	0.9490000000000001	1.0	0.00387	0.025365917987409534	1.0	0.7050011111111111	1.0
GPBP1L1	1	0	0	1.0	0.973	1.0	0.00438	0.028166494709120773	1.0	0.7050011111111111	1.0
TREX1	2	0	0	1.0	0.893	1.0	0.00542	0.03369971429233574	1.0	0.7050011111111111	1.0
CD180	1	0	0	1.0	0.9520000000000001	1.0	0.00563	0.03479140606135593	1.0	0.7050011111111111	1.0
PLEC	2	0	0	1.0	0.7195	1.0	0.00723	0.04287040243552689	1.0	0.7900655046324337	1.0
NR0B1	1	0	0	1.0	0.971	1.0	0.00973	0.054804627654490484	1.0	0.7900655046324337	1.0
LPHN1	1	0	0	1.0	0.9	1.0	0.011980065171554533	0.06498599825426533	1.0	0.7900655046324337	1.0
PUS1	1	0	0	1.0	0.9790000000000001	1.0	0.013126804935678657	0.0700065497643799	1.0	0.7900655046324337	1.0
MAP3K6	1	0	0	1.0	0.934	1.0	0.013516253294586741	0.07168834723193211	1.0	0.7900655046324337	1.0
RSF1	1	0	0	1.0	0.872	1.0	0.014299809812529493	0.0750383812848069	1.0	0.7900655046324337	1.0
TCHHL1	1	0	0	1.0	0.695	1.0	0.014968043227708842	0.07786133308395843	1.0	0.7900655046324337	1.0
PCDHB4	1	0	0	1.0	0.961	1.0	0.015100949849745549	0.07841919682854338	1.0	0.7900655046324337	1.0
FRS2	1	0	0	1.0	0.991	1.0	0.016353229762878167	0.08361945808885009	1.0	0.7900655046324337	1.0
TAB3	1	0	0	1.0	0.938	1.0	0.017470300489168415	0.08817702576324689	1.0	0.7900655046324337	1.0
MTFR1	1	0	0	1.0	0.9540000000000001	1.0	0.017894529642288354	0.08988887889731591	1.0	0.7900655046324337	1.0
LCT	1	0	0	1.0	0.9740000000000001	1.0	0.018239188720885695	0.09127223399687646	1.0	0.7900655046324337	1.0
APOB	2	0	0	1.0	0.6315	1.0	0.021331513044220228	0.10340599871975145	1.0	0.7900655046324337	1.0
SLC38A1	1	0	0	1.0	0.981	1.0	0.02159407458593362	0.10441461328578079	1.0	0.7900655046324337	1.0
QSER1	1	0	0	1.0	0.9279999999999999	1.0	0.022158209616662972	0.10657095532547994	1.0	0.7900655046324337	1.0
TXNRD1	1	0	0	1.0	0.992	1.0	0.02259325365445878	0.1082240330795009	1.0	0.7900655046324337	1.0
ABCC9	1	0	0	1.0	0.986	1.0	0.022600913076888305	0.1082530617883604	1.0	0.7900655046324337	1.0
KCNH3	1	0	0	1.0	0.9259999999999999	1.0	0.023165307635285397	0.11038499536752557	1.0	0.7900655046324337	1.0
CFHR4	1	0	0	1.0	0.51	1.0	0.023177656738903697	0.1104314876801546	1.0	0.7900655046324337	1.0
PPWD1	1	0	0	1.0	0.9690000000000001	1.0	0.02378234398782344	0.11270005286487216	1.0	0.7900655046324337	1.0
ILDR2	1	0	0	1.0	0.867	1.0	0.024914046539438937	0.11690476646859564	1.0	0.7900655046324337	1.0
CALCOCO1	1	0	0	1.0	0.8240000000000001	1.0	0.025464082911053957	0.11892965121838112	1.0	0.7900655046324337	1.0
TNIP1	1	0	0	1.0	0.835	1.0	0.02555061576984005	0.11924712203081439	1.0	0.7900655046324337	1.0
PRODH	1	0	0	1.0	0.8759999999999999	1.0	0.02629987113063146	0.12198383188560642	1.0	0.7900655046324337	1.0
RAD23A	1	0	0	1.0	0.977	1.0	0.02664606037997282	0.12324106604070321	1.0	0.7900655046324337	1.0
HMCN1	2	0	0	1.0	0.777	1.0	0.02675227394328518	0.12362589090496029	1.0	0.7900655046324337	1.0
TTN	7	0	0	1.0	0.33828571428571436	1.0	0.026930949046644403	0.12427230236824537	1.0	0.7900655046324337	1.0
ADAMTS5	1	0	0	1.0	0.988	1.0	0.027037257340615368	0.12465634193107349	1.0	0.7900655046324337	1.0
GEMIN5	1	0	0	1.0	0.9620000000000001	1.0	0.030310378273520854	0.1362834962364982	1.0	0.7900655046324337	1.0
GNS	1	0	0	1.0	0.971	1.0	0.0304989630352568	0.13694225310451333	1.0	0.7900655046324337	1.0
ZNF174	1	0	0	1.0	0.87	1.0	0.030620368669238777	0.1373657250499147	1.0	0.7900655046324337	1.0
FARP2	1	0	0	1.0	0.961	1.0	0.030653220120773688	0.13748023054537534	1.0	0.7900655046324337	1.0
NRAS	2	0	0	1.0	0.933	1.0	0.03197033153233799	0.14204248683962464	1.0	0.7900655046324337	1.0
SHISA6	1	0	0	1.0	0.915	1.0	0.032916392363396975	0.14528586231624843	1.0	0.7900655046324337	1.0
XIAP	1	0	0	1.0	0.985	1.0	0.03330779735536089	0.1466197167035291	1.0	0.7900655046324337	1.0
CNNM4	1	0	0	1.0	0.9620000000000001	1.0	0.034079678287836965	0.1492367521036181	1.0	0.7900655046324337	1.0
ST8SIA2	1	0	0	1.0	0.965	1.0	0.03434537711224069	0.15013352971754398	1.0	0.7900655046324337	1.0
DCUN1D1	1	0	0	1.0	0.982	1.0	0.035325702981489335	0.15342463085394722	1.0	0.7900655046324337	1.0
ACBD3	1	0	0	1.0	0.945	1.0	0.03546728143287817	0.15389766473697983	1.0	0.7900655046324337	1.0
APOA2	1	0	0	1.0	0.8959999999999999	1.0	0.03551136363636364	0.1540448342077359	1.0	0.7900655046324337	1.0
OR5C1	1	0	0	1.0	0.8220000000000001	1.0	0.03587572648346129	0.15525917897314045	1.0	0.7900655046324337	1.0
ESF1	1	0	0	1.0	0.867	1.0	0.036421911421911424	0.15707257879172323	1.0	0.7900655046324337	1.0
DNAJC18	1	0	0	1.0	0.925	1.0	0.036734993755051064	0.1581083487587202	1.0	0.7900655046324337	1.0
FBXW5	1	0	0	1.0	0.7979999999999999	1.0	0.037255048059011996	0.15982295749108158	1.0	0.7900655046324337	1.0
AHDC1	1	0	0	1.0	0.8959999999999999	1.0	0.03785584494245912	0.16179474133774124	1.0	0.7900655046324337	1.0
PIK3CB	1	0	0	1.0	0.9279999999999999	1.0	0.042423213982691325	0.17648309719055094	1.0	0.8036028789946622	1.0
HACL1	1	0	0	1.0	0.9470000000000001	1.0	0.04281005180016268	0.17770376937474	1.0	0.8036028789946622	1.0
TP53	1	0	0	1.0	0.9640000000000001	1.0	0.04289084280506112	0.17795826421875552	1.0	0.8036028789946622	1.0
TAOK3	1	0	0	1.0	0.955	1.0	0.043243243243243246	0.17906656360642118	1.0	0.8036028789946622	1.0
FAM193B	1	0	0	1.0	0.797	1.0	0.04356349379220213	0.180071260191731	1.0	0.8036028789946622	1.0
IL17RD	1	0	0	1.0	0.946	1.0	0.04430856484558465	0.18239963149657473	1.0	0.8036028789946622	1.0
RPS5	1	0	0	1.0	0.93	1.0	0.04528370239550786	0.1854280705404464	1.0	0.8036028789946622	1.0
BTBD7	1	0	0	1.0	0.943	1.0	0.04595799439312468	0.18750987936253433	1.0	0.8036028789946622	1.0
C9orf139	1	0	0	1.0	0.21899999999999997	1.0	0.049662296384584824	0.19877380104454778	1.0	0.8036028789946622	1.0
MSX2	1	0	0	1.0	0.9640000000000001	1.0	0.05094762584063583	0.20261652324371598	1.0	0.8036028789946622	1.0
LMNB1	2	0	0	1.0	0.7065	1.0	0.051064698973599554	0.2029649105313128	1.0	0.8036028789946622	1.0
RBM23	1	0	0	1.0	0.97	1.0	0.05154639175257732	0.20439551886955057	1.0	0.8036028789946622	1.0
SCARB2	1	0	0	1.0	0.9620000000000001	1.0	0.05180541884681138	0.20516295520104336	1.0	0.8036028789946622	1.0
ATP7B	1	0	0	1.0	0.977	1.0	0.052099614462852974	0.20603301709885574	1.0	0.8036028789946622	1.0
DLG2	1	0	0	1.0	0.93	1.0	0.05320563979781857	0.20928921931450606	1.0	0.8036028789946622	1.0
ALOX12B	1	0	0	1.0	0.868	1.0	0.053367488525989965	0.20976377134854285	1.0	0.8036028789946622	1.0
ENKD1	1	0	0	1.0	0.7909999999999999	1.0	0.05406866720735334	0.21181402677936836	1.0	0.8036028789946622	1.0
NOTCH3	2	0	0	1.0	0.759	1.0	0.05536178929302995	0.2155713694929092	1.0	0.8036028789946622	1.0
DPCD	1	0	0	1.0	0.9790000000000001	1.0	0.058153058850895556	0.22357971613363772	1.0	0.8036028789946622	1.0
NLRP9	1	0	0	1.0	0.281	1.0	0.0585171747908011	0.22461437074520285	1.0	0.8036028789946622	1.0
CNKSR2	1	0	0	1.0	0.795	1.0	0.059640961412297966	0.2277934436068272	1.0	0.8036028789946622	1.0
EDRF1	1	0	0	1.0	0.99	1.0	0.059665871121718374	0.2278636691559627	1.0	0.8036028789946622	1.0
KMT2E	1	0	0	1.0	0.841	1.0	0.060233706782315384	0.22946170160419485	1.0	0.8036028789946622	1.0
CHKA	1	0	0	1.0	0.863	1.0	0.06065384848668648	0.23064063756772252	1.0	0.8036028789946622	1.0
NXF1	1	0	0	1.0	0.8859999999999999	1.0	0.06116582053948254	0.2320733215116077	1.0	0.8036028789946622	1.0
SDK1	1	0	0	1.0	0.907	1.0	0.06167509559639817	0.23349420664644843	1.0	0.8036028789946622	1.0
SIRT5	1	0	0	1.0	0.9640000000000001	1.0	0.06249218847644045	0.23576513650968192	1.0	0.8036028789946622	1.0
KLRC4	1	0	0	1.0	0.344	1.0	0.06282985674792661	0.23670048332273705	1.0	0.8036028789946622	1.0
CHERP	1	0	0	1.0	0.7509999999999999	1.0	0.06355662895640016	0.23870751086227593	1.0	0.8036028789946622	1.0
MSH6	1	0	0	1.0	0.941	1.0	0.06375111564452378	0.23924318467362451	1.0	0.8036028789946622	1.0
IGKV3D-11	1	0	0	1.0	0.446	1.0	0.06406149903907751	0.24009684397997064	1.0	0.8036028789946622	1.0
C2CD4C	1	0	0	1.0	0.591	1.0	0.06560388374991799	0.24431676056417387	1.0	0.8036028789946622	1.0
ICT1	1	0	0	1.0	0.877	1.0	0.0656943896991197	0.24456324726351328	1.0	0.8036028789946622	1.0
MTIF2	1	0	0	1.0	0.914	1.0	0.06819421713038734	0.25132266165694234	1.0	0.8036028789946622	1.0
SACS	3	0	0	1.0	0.8160000000000002	1.0	0.06865302759851709	0.25255320924040375	1.0	0.8036028789946622	1.0
EDDM3B	1	0	0	1.0	0.654	1.0	0.0687001923605386	0.252679532821511	1.0	0.8036028789946622	1.0
GRK1	2	0	0	1.0	0.717	1.0	0.06903693476009665	0.25358050612504757	1.0	0.8036028789946622	1.0
RPS6KA5	1	0	0	1.0	0.958	1.0	0.07099247479767144	0.2587804484114168	1.0	0.8036028789946622	1.0
CAPNS2	1	0	0	1.0	0.971	1.0	0.07134194192765927	0.2597039936278034	1.0	0.8036028789946622	1.0
E2F7	1	0	0	1.0	0.9670000000000001	1.0	0.07371369600471768	0.2659270722780398	1.0	0.8036028789946622	1.0
EIF2B2	1	0	0	1.0	0.915	1.0	0.07394262052647146	0.2665236531237532	1.0	0.8036028789946622	1.0
ZNF217	2	0	0	1.0	0.4645	1.0	0.0744324525493115	0.2677977850440978	1.0	0.8036028789946622	1.0
ZMYM2	1	0	0	1.0	0.8059999999999999	1.0	0.07469933517591694	0.26849063171761856	1.0	0.8036028789946622	1.0
ARSI	1	0	0	1.0	0.8909999999999999	1.0	0.07474400179385604	0.2686064962621632	1.0	0.8036028789946622	1.0
HIST1H2BF	1	0	0	1.0	0.9229999999999999	1.0	0.07523322299127294	0.2698737850204896	1.0	0.8036028789946622	1.0
FCRLB	1	0	0	1.0	0.589	1.0	0.07606298014756219	0.27201594247466865	1.0	0.8036028789946622	1.0
HELZ	1	0	0	1.0	0.899	1.0	0.07609191903819815	0.27209048915505063	1.0	0.8036028789946622	1.0
ARHGEF17	1	0	0	1.0	0.584	1.0	0.0761150860100472	0.2721501594207855	1.0	0.8036028789946622	1.0
MAGI2	1	0	0	1.0	0.934	1.0	0.0778694907335306	0.27664857883288085	1.0	0.8036028789946622	1.0
VSIG8	1	0	0	1.0	0.815	1.0	0.07815552950371239	0.2773782313100236	1.0	0.8036028789946622	1.0
FUK	1	0	0	1.0	0.7879999999999999	1.0	0.07925186241876685	0.28016518988339023	1.0	0.8036028789946622	1.0
RYR1	2	0	0	1.0	0.5535	1.0	0.07935248373274084	0.28042021357878616	1.0	0.8036028789946622	1.0
EID3	1	0	0	1.0	0.836	1.0	0.07955449482895784	0.2809318235960346	1.0	0.8036028789946622	1.0
PLEKHH1	1	0	0	1.0	0.8420000000000001	1.0	0.0799488327470419	0.2819290405816752	1.0	0.8036028789946622	1.0
GPR87	1	0	0	1.0	0.9309999999999999	1.0	0.08144648965629582	0.2856987329373924	1.0	0.8036028789946622	1.0
GPR124	1	0	0	1.0	0.777	1.0	0.08399126490844952	0.29204119559307895	1.0	0.8036028789946622	1.0
GSTK1	1	0	0	1.0	0.7559999999999999	1.0	0.08559445347941454	0.29599715772789614	1.0	0.8036028789946622	1.0
GRM8	1	0	0	1.0	0.9790000000000001	1.0	0.08573388203017833	0.29633977840074605	1.0	0.8036028789946622	1.0
ZNF615	1	0	0	1.0	0.584	1.0	0.08728288382648162	0.30013100261076103	1.0	0.8036028789946622	1.0
SEMA6B	1	0	0	1.0	0.61	1.0	0.08842514811212308	0.3029090873542479	1.0	0.8036028789946622	1.0
OTX2	1	0	0	1.0	0.9279999999999999	1.0	0.0885896527285613	0.3033079566398399	1.0	0.8036028789946622	1.0
RAN	1	0	0	1.0	0.883	1.0	0.08862105636299185	0.30338406532610324	1.0	0.8036028789946622	1.0
PTGR1	1	0	0	1.0	0.779	1.0	0.09087604507451835	0.30882032379701274	1.0	0.8036028789946622	1.0
CES3	1	0	0	1.0	0.47200000000000003	1.0	0.09208951100469656	0.311722463323949	1.0	0.8036028789946622	1.0
ZNF850	1	0	0	1.0	0.43700000000000006	1.0	0.09209799226376865	0.3117426906873512	1.0	0.8036028789946622	1.0
SMARCAL1	1	0	0	1.0	0.787	1.0	0.09236168837166343	0.3123712029489942	1.0	0.8036028789946622	1.0
TYRO3	1	0	0	1.0	0.784	1.0	0.0924129008409574	0.3124931790582673	1.0	0.8036028789946622	1.0
SLC5A4	1	0	0	1.0	0.9279999999999999	1.0	0.09271277582050806	0.3132068419168399	1.0	0.8036028789946622	1.0
NAA15	1	0	0	1.0	0.937	1.0	0.09274717121127805	0.3132886363410755	1.0	0.8036028789946622	1.0
ZNF555	1	0	0	1.0	0.6859999999999999	1.0	0.09318796011555307	0.31433573282499194	1.0	0.8036028789946622	1.0
CABS1	1	0	0	1.0	0.503	1.0	0.094553706505295	0.31756687623953556	1.0	0.8036028789946622	1.0
GRB10	1	0	0	1.0	0.843	1.0	0.0946431951542684	0.31777790069488204	1.0	0.8036028789946622	1.0
STAB1	1	0	0	1.0	0.935	1.0	0.09523809523809523	0.31917859592033115	1.0	0.8036028789946622	1.0
EPS8L3	1	0	0	1.0	0.46799999999999997	1.0	0.09567546880979717	0.32020602254672453	1.0	0.8036028789946622	1.0
TLR7	1	0	0	1.0	0.879	1.0	0.0956846234810066	0.3202275062302521	1.0	0.8036028789946622	1.0
PACS1	1	0	0	1.0	0.8220000000000001	1.0	0.09718172983479106	0.3237291107722019	1.0	0.8036028789946622	1.0
TGFBRAP1	1	0	0	1.0	0.883	1.0	0.09831874938550782	0.32637307380232616	1.0	0.8036028789946622	1.0
ZNF675	1	0	0	1.0	0.172	1.0	0.09863878477017163	0.32711488854312065	1.0	0.8036028789946622	1.0
SPHKAP	2	0	0	1.0	0.5585	1.0	0.09899029895070283	0.3279284719902851	1.0	0.8036028789946622	1.0
ZNF606	1	0	0	1.0	0.767	1.0	0.09943323058566172	0.32895186531394477	1.0	0.8036028789946622	1.0
NRIP2	1	0	0	1.0	0.612	1.0	0.09946290033817386	0.3290203466551008	1.0	0.8036028789946622	1.0
CLK1	1	0	0	1.0	0.84	1.0	0.10107135637760259	0.3327196798873577	1.0	0.8036028789946622	1.0
TUBA1A	1	0	0	1.0	0.977	1.0	0.1013993104846887	0.33347079576170496	1.0	0.8036028789946622	1.0
ATP2B2	1	0	0	1.0	0.932	1.0	0.10224948875255624	0.33541303517860177	1.0	0.8036028789946622	1.0
POLA1	1	0	0	1.0	0.857	1.0	0.10331645831180906	0.33784054036232575	1.0	0.8036028789946622	1.0
ZNF251	1	0	0	1.0	0.67	1.0	0.10407993338884262	0.3395707831783597	1.0	0.8036028789946622	1.0
ERCC1	1	0	0	1.0	0.644	1.0	0.10418837257762034	0.3398160807914203	1.0	0.8036028789946622	1.0
CCNT2	1	0	0	1.0	0.8809999999999999	1.0	0.10465724751439037	0.34087541367788965	1.0	0.8036028789946622	1.0
NFKB2	1	0	0	1.0	0.735	1.0	0.10475591870940708	0.34109807443784873	1.0	0.8036028789946622	1.0
SAMD14	2	0	0	1.0	0.363	1.0	0.1048327916972429	0.3412714810947762	1.0	0.8036028789946622	1.0
FOLR2	1	0	0	1.0	0.866	1.0	0.10659844366272253	0.3452389262492072	1.0	0.8036028789946622	1.0
PTGER3	1	0	0	1.0	0.652	1.0	0.10753844499408538	0.3473391620062436	1.0	0.8036028789946622	1.0
PDHA2	1	0	0	1.0	0.893	1.0	0.10756157900397978	0.34739074620562765	1.0	0.8036028789946622	1.0
KRT73	1	0	0	1.0	0.825	1.0	0.1081548777849881	0.34871198632554984	1.0	0.8036028789946622	1.0
ZBTB11	1	0	0	1.0	0.777	1.0	0.10831889081455806	0.349076658336844	1.0	0.8036028789946622	1.0
MYH10	1	0	0	1.0	0.7709999999999999	1.0	0.10868383871318335	0.34988720506469106	1.0	0.8036028789946622	1.0
PTBP2	1	0	0	1.0	0.924	1.0	0.109217999126256	0.35107136326892957	1.0	0.8036028789946622	1.0
NELL2	1	0	0	1.0	0.9890000000000001	1.0	0.10976948408342481	0.352291186747735	1.0	0.8036028789946622	1.0
HDLBP	1	0	0	1.0	0.785	1.0	0.11016855789357717	0.3531721649823167	1.0	0.8036028789946622	1.0
PCDH7	1	0	0	1.0	0.8440000000000001	1.0	0.11093854004881296	0.35486786379725493	1.0	0.8036028789946622	1.0
PKD1L1	1	0	0	1.0	0.413	1.0	0.11103708638685321	0.35508450165216304	1.0	0.8036028789946622	1.0
SLC12A8	1	0	0	1.0	0.826	1.0	0.11174432897530451	0.356636696189599	1.0	0.8036028789946622	1.0
RRAS2	1	0	0	1.0	0.8859999999999999	1.0	0.112145340361108	0.3575148107157947	1.0	0.8036028789946622	1.0
CAD	1	0	0	1.0	0.8440000000000001	1.0	0.11334013374135782	0.36012262815821905	1.0	0.8036028789946622	1.0
CCT6A	1	0	0	1.0	0.9440000000000001	1.0	0.11450818733539449	0.36265990535115034	1.0	0.8036028789946622	1.0
GNAS	1	0	0	1.0	0.611	1.0	0.1148369315571888	0.36337185844881725	1.0	0.8036028789946622	1.0
GNAQ	1	0	0	1.0	0.89	1.0	0.11536686663590216	0.3645175454169488	1.0	0.8036028789946622	1.0
PLCE1	1	0	0	1.0	0.787	1.0	0.11551345731777753	0.36483403514307927	1.0	0.8036028789946622	1.0
PALLD	1	0	0	1.0	0.945	1.0	0.11799410029498525	0.3701617289989985	1.0	0.8061216607107604	1.0
FAM196B	1	0	0	1.0	0.778	1.0	0.11802195208308745	0.37022124834371856	1.0	0.8061216607107604	1.0
BTN2A2	1	0	0	1.0	0.259	1.0	0.11866619200189867	0.37159615958113384	1.0	0.8061216607107604	1.0
ACOT9	2	0	0	1.0	0.6255	1.0	0.11873664212776062	0.37174629894796196	1.0	0.8061216607107604	1.0
FAM198B	1	0	0	1.0	0.7559999999999999	1.0	0.12485953302534648	0.3846380208941872	1.0	0.8395161050028306	1.0
FRMPD1	1	0	0	1.0	0.495	1.0	0.12693577050012694	0.38894060225294663	1.0	0.8395161050028306	1.0
LAMA5	3	0	0	1.0	0.41133333333333333	1.0	0.12758356723653994	0.3902760525360346	1.0	0.8395161050028306	1.0
ANK3	2	0	0	1.0	0.5640000000000001	1.0	0.12838618564642446	0.3919261114312248	1.0	0.8395161050028306	1.0
OBSL1	1	0	0	1.0	0.489	1.0	0.12848515996402415	0.39212923910795966	1.0	0.8395161050028306	1.0
LIPE	1	0	0	1.0	0.642	1.0	0.12919896640826872	0.3935919493025368	1.0	0.8395161050028306	1.0
TACC2	1	0	0	1.0	0.433	1.0	0.1297016861219196	0.39461973898511515	1.0	0.8395161050028306	1.0
EPHB4	1	0	0	1.0	0.9490000000000001	1.0	0.13144058885383805	0.39815987450618934	1.0	0.8395161050028306	1.0
ANO7	1	0	0	1.0	0.48700000000000004	1.0	0.13210039630118892	0.3994971027013682	1.0	0.8395161050028306	1.0
EIF4G3	2	0	0	1.0	0.66	1.0	0.13349352556401015	0.40230974502279354	1.0	0.8395161050028306	1.0
ASNA1	1	0	0	1.0	0.825	1.0	0.13370771493515177	0.4027408869112889	1.0	0.8395161050028306	1.0
SLC43A1	1	0	0	1.0	0.9440000000000001	1.0	0.1337971635001338	0.4029208363745369	1.0	0.8395161050028306	1.0
CAPN3	1	0	0	1.0	0.9590000000000001	1.0	0.13385089010841922	0.40302889291843985	1.0	0.8395161050028306	1.0
KBTBD13	1	0	0	1.0	0.493	1.0	0.13408420488066505	0.4034978924318354	1.0	0.8395161050028306	1.0
ADAM21	1	0	0	1.0	0.828	1.0	0.1348799568384138	0.405094430095568	1.0	0.8398326594303445	1.0
STAT1	1	0	0	1.0	0.703	1.0	0.14027212792818067	0.41579056980438955	1.0	0.8604945209328463	1.0
ZNF880	1	0	0	1.0	0.249	1.0	0.14031149151115477	0.41586788108878003	1.0	0.8604945209328463	1.0
CNOT3	1	0	0	1.0	0.782	1.0	0.14048890137679124	0.4162161825074462	1.0	0.8604945209328463	1.0
MRAP2	1	0	0	1.0	0.958	1.0	0.14154281670205238	0.4182806816895245	1.0	0.8622635374227732	1.0
CDH24	1	0	0	1.0	0.451	1.0	0.14384349827387802	0.4227602686943458	1.0	0.868983235640187	1.0
PLCZ1	1	0	0	1.0	0.625	1.0	0.1447178002894356	0.42445291429516374	1.0	0.868983235640187	1.0
COL21A1	1	0	0	1.0	0.799	1.0	0.14541224371092046	0.42579358882328044	1.0	0.868983235640187	1.0
CNTFR	1	0	0	1.0	0.555	1.0	0.14573010784027982	0.42640614171324087	1.0	0.868983235640187	1.0
ABCA13	1	0	0	1.0	0.462	1.0	0.14744913005013272	0.4297068775734958	1.0	0.8695987654320988	1.0
FREM1	1	0	0	1.0	0.679	1.0	0.14806040864672787	0.4308757657630111	1.0	0.8695987654320988	1.0
CRMP1	1	0	0	1.0	0.71	1.0	0.14814814814814814	0.4310433340569543	1.0	0.8695987654320988	1.0
KDM2A	2	0	0	1.0	0.4985	1.0	0.15015015015015015	0.4348527754583029	1.0	0.8700284090909091	1.0
GLA	1	0	0	1.0	0.993	1.0	0.15176809834572771	0.43791191257120676	1.0	0.8700284090909091	1.0
AFF2	1	0	0	1.0	0.6970000000000001	1.0	0.1532567049808429	0.44071125719674475	1.0	0.8700284090909091	1.0
REPS2	1	0	0	1.0	0.503	1.0	0.1538935056940597	0.441904345528918	1.0	0.8700284090909091	1.0
UBE3D	1	0	0	1.0	0.8059999999999999	1.0	0.15415446277169725	0.44239250412069075	1.0	0.8700284090909091	1.0
ANKRD30A	4	0	0	1.0	0.21100000000000002	1.0	0.15583606046439147	0.44552761707470445	1.0	0.8700284090909091	1.0
WDR62	1	0	0	1.0	0.509	1.0	0.15873015873015872	0.45088089419007726	1.0	0.8700284090909091	1.0
CCDC14	1	0	0	1.0	0.488	1.0	0.1588057805304113	0.4510200618559005	1.0	0.8700284090909091	1.0
TFF3	1	0	0	1.0	0.17800000000000002	1.0	0.16028209648982208	0.4537297504613961	1.0	0.8700284090909091	1.0
DARS2	1	0	0	1.0	0.782	1.0	0.16121231662098984	0.4554301218750575	1.0	0.8700284090909091	1.0
INO80	1	0	0	1.0	0.789	1.0	0.16144656118824668	0.45585745585260107	1.0	0.8700284090909091	1.0
ZC3H11A	1	0	0	1.0	0.733	1.0	0.16178611875101118	0.45647630976818254	1.0	0.8700284090909091	1.0
ABCC1	1	0	0	1.0	0.716	1.0	0.16276041666666666	0.458248046198791	1.0	0.8700284090909091	1.0
RDH13	1	0	0	1.0	0.7829999999999999	1.0	0.16297262059973924	0.4586331590718633	1.0	0.8700284090909091	1.0
OBSCN	1	0	0	1.0	0.42200000000000004	1.0	0.16345210853220007	0.45950232849439543	1.0	0.8700284090909091	1.0
GPC6	1	0	0	1.0	0.9540000000000001	1.0	0.1638001638001638	0.46013236815113334	1.0	0.8700284090909091	1.0
KMT2B	1	0	0	1.0	0.534	1.0	0.1638806948541462	0.4602780377408193	1.0	0.8700284090909091	1.0
ZNF296	1	0	0	1.0	0.632	1.0	0.16414970453053185	0.4607643524348187	1.0	0.8700284090909091	1.0
CHGA	1	0	0	1.0	0.361	1.0	0.164257555847569	0.4609592018001618	1.0	0.8700284090909091	1.0
AVPR1B	1	0	0	1.0	0.634	1.0	0.16583747927031509	0.4638054744177603	1.0	0.8700284090909091	1.0
MORC3	1	0	0	1.0	0.836	1.0	0.16647244880972198	0.4649451399813592	1.0	0.8700284090909091	1.0
PPP6R1	1	0	0	1.0	0.599	1.0	0.16778523489932887	0.4672937048787348	1.0	0.8700284090909091	1.0
EMC8	1	0	0	1.0	0.73	1.0	0.1694053870913095	0.47017799360639545	1.0	0.8700284090909091	1.0
MCM6	1	0	0	1.0	0.85	1.0	0.16992353440951571	0.47109715220258985	1.0	0.8700284090909091	1.0
TTC13	1	0	0	1.0	0.866	1.0	0.17179178835251674	0.4743982250969936	1.0	0.8700284090909091	1.0
PCDHA6	1	0	0	1.0	0.47100000000000003	1.0	0.1720578114246387	0.47486661144322717	1.0	0.8700284090909091	1.0
ARRDC5	1	0	0	1.0	0.157	1.0	0.17304031839418585	0.476592949876387	1.0	0.8700284090909091	1.0
AP3B2	1	0	0	1.0	0.713	1.0	0.17325017325017325	0.4769609564988956	1.0	0.8700284090909091	1.0
FAT4	1	0	0	1.0	0.759	1.0	0.17559262510974538	0.4810515534502451	1.0	0.8700284090909091	1.0
PAK3	1	0	0	1.0	0.946	1.0	0.17599436818021824	0.4817499618852512	1.0	0.8700284090909091	1.0
SSPN	1	0	0	1.0	0.27	1.0	0.17614937466971992	0.4820191869277066	1.0	0.8700284090909091	1.0
NLRP6	1	0	0	1.0	0.395	1.0	0.1765536723163842	0.48272075501260947	1.0	0.8700284090909091	1.0
OGT	1	0	0	1.0	0.852	1.0	0.17736786094359702	0.48413078976444135	1.0	0.8700284090909091	1.0
TNPO1	1	0	0	1.0	0.904	1.0	0.17940437746681018	0.48764135792245367	1.0	0.8700284090909091	1.0
HOXA3	1	0	0	1.0	0.7929999999999999	1.0	0.17988846914912754	0.48847242956850767	1.0	0.8700284090909091	1.0
CCAR1	1	0	0	1.0	0.7020000000000001	1.0	0.18057060310581438	0.4896412829087704	1.0	0.8700284090909091	1.0
CHMP2B	1	0	0	1.0	0.863	1.0	0.1808972503617945	0.49020008800024784	1.0	0.8700284090909091	1.0
RAP1B	1	0	0	1.0	0.8859999999999999	1.0	0.18115942028985507	0.49064816309583437	1.0	0.8700284090909091	1.0
LDLRAP1	1	0	0	1.0	0.764	1.0	0.18389113644722324	0.49529447337445376	1.0	0.8700284090909091	1.0
FOCAD	1	0	0	1.0	0.872	1.0	0.18521948508983144	0.4975391278451843	1.0	0.8700284090909091	1.0
EXOC6B	1	0	0	1.0	0.86	1.0	0.1854943424225561	0.4980023922221355	1.0	0.8700284090909091	1.0
ARHGAP24	1	0	0	1.0	0.682	1.0	0.18587360594795538	0.4986409617423221	1.0	0.8700284090909091	1.0
RTN2	1	0	0	1.0	0.242	1.0	0.1859427296392711	0.4987572625226243	1.0	0.8700284090909091	1.0
LIG3	1	0	0	1.0	0.6629999999999999	1.0	0.1866368047779022	0.49992362282986524	1.0	0.8700284090909091	1.0
ERC1	1	0	0	1.0	0.752	1.0	0.18765246762994933	0.5016257465405602	1.0	0.8700284090909091	1.0
SOCS1	1	0	0	1.0	0.42700000000000005	1.0	0.1901863826550019	0.5058483694004735	1.0	0.8700284090909091	1.0
DDX3X	1	0	0	1.0	0.909	1.0	0.19076688286913393	0.5068109700307544	1.0	0.8700284090909091	1.0
NAV1	1	0	0	1.0	0.731	1.0	0.19164430816404754	0.5082625884849632	1.0	0.8700284090909091	1.0
GOLGA3	1	0	0	1.0	0.653	1.0	0.19164430816404754	0.5082625884849632	1.0	0.8700284090909091	1.0
DLK1	1	0	0	1.0	0.879	1.0	0.19168104274487252	0.5083232746866506	1.0	0.8700284090909091	1.0
C1orf61	1	0	0	1.0	0.15	1.0	0.1926040061633282	0.5098457202237652	1.0	0.8700284090909091	1.0
LYST	2	0	0	1.0	0.2935	1.0	0.1927153594141453	0.5100291000935832	1.0	0.8700284090909091	1.0
EDEM3	1	0	0	1.0	0.8029999999999999	1.0	0.19275250578257516	0.5100902595324206	1.0	0.8700284090909091	1.0
ABCF2	1	0	0	1.0	0.8320000000000001	1.0	0.19436345966958213	0.5127357374705565	1.0	0.8700284090909091	1.0
VPS13C	1	0	0	1.0	0.53	1.0	0.19447685725398678	0.5129214525172497	1.0	0.8700284090909091	1.0
SMS	1	0	0	1.0	0.945	1.0	0.1948178453146308	0.5134795019634066	1.0	0.8700284090909091	1.0
ULK1	1	0	0	1.0	0.518	1.0	0.19489378288832587	0.5136036975170195	1.0	0.8700284090909091	1.0
IGHM	1	0	0	1.0	0.32	1.0	0.19561815336463223	0.5147869164857657	1.0	0.8700284090909091	1.0
PRR4	1	0	0	1.0	0.188	1.0	0.1966955153422502	0.5165417689471299	1.0	0.8700284090909091	1.0
EMC3	1	0	0	1.0	0.7979999999999999	1.0	0.19692792437967704	0.5169195516507459	1.0	0.8700284090909091	1.0
SLC25A42	1	0	0	1.0	0.89	1.0	0.19696671262556628	0.5169825755298912	1.0	0.8700284090909091	1.0
CNTN5	2	0	0	1.0	0.675	1.0	0.19727756954034326	0.517487385971634	1.0	0.8700284090909091	1.0
ME1	1	0	0	1.0	0.833	1.0	0.19751135690302193	0.5178667179513672	1.0	0.8700284090909091	1.0
PTPN23	1	0	0	1.0	0.573	1.0	0.1976284584980237	0.5180566172528407	1.0	0.8700284090909091	1.0
COQ10B	1	0	0	1.0	0.706	1.0	0.2034587995930824	0.5274245683823255	1.0	0.8727828064110428	1.0
FCGBP	1	0	0	1.0	0.348	1.0	0.20665426741062204	0.5324877222176447	1.0	0.8727828064110428	1.0
NPC1L1	1	0	0	1.0	0.7859999999999999	1.0	0.20665426741062204	0.5324877222176447	1.0	0.8727828064110428	1.0
ZZEF1	1	0	0	1.0	0.6609999999999999	1.0	0.206996481059822	0.533027010054289	1.0	0.8727828064110428	1.0
RYR3	1	0	0	1.0	0.9359999999999999	1.0	0.20964360587002095	0.5371795188470125	1.0	0.8727828064110428	1.0
HMGN5	1	0	0	1.0	0.207	1.0	0.20977554017201594	0.5373856044100459	1.0	0.8727828064110428	1.0
CELSR1	1	0	0	1.0	0.316	1.0	0.2098635886673662	0.5375230927819866	1.0	0.8727828064110428	1.0
DDX54	2	0	0	1.0	0.4595	1.0	0.21061499578770007	0.5386949192812596	1.0	0.8727828064110428	1.0
TP73	1	0	0	1.0	0.392	1.0	0.2115506663845991	0.5401503600192723	1.0	0.8727828064110428	1.0
HN1L	1	0	0	1.0	0.6	1.0	0.21217907914279652	0.5411255353154243	1.0	0.8727828064110428	1.0
ZNF506	1	0	0	1.0	0.201	1.0	0.21267545725223308	0.5418945023644999	1.0	0.8727828064110428	1.0
NFX1	1	0	0	1.0	0.535	1.0	0.2127659574468085	0.5420345763225559	1.0	0.8727828064110428	1.0
KPNA7	1	0	0	1.0	0.391	1.0	0.21353833013025839	0.5432284711085639	1.0	0.8727828064110428	1.0
SKAP1	1	0	0	1.0	0.307	1.0	0.2139495079161318	0.5438629088824705	1.0	0.8727828064110428	1.0
HECTD4	3	0	0	1.0	0.49566666666666664	1.0	0.21454623471358078	0.5447822393028544	1.0	0.8727828064110428	1.0
LPPR5	1	0	0	1.0	0.528	1.0	0.21570319240724764	0.5465599494127493	1.0	0.8727828064110428	1.0
UBE2NL	1	0	0	1.0	0.642	1.0	0.21838829438742083	0.5506618549191873	1.0	0.8727828064110428	1.0
CLN3	1	0	0	1.0	0.6890000000000001	1.0	0.2186270222999563	0.5510249443814146	1.0	0.8727828064110428	1.0
HIST1H4B	1	0	0	1.0	0.885	1.0	0.21896211955331726	0.5515341655797816	1.0	0.8727828064110428	1.0
THAP5	1	0	0	1.0	0.434	1.0	0.21973192704900021	0.5527020410974522	1.0	0.8727828064110428	1.0
GPR39	1	0	0	1.0	0.7559999999999999	1.0	0.21982853374367992	0.5528484125275595	1.0	0.8727828064110428	1.0
FNBP1L	1	0	0	1.0	0.662	1.0	0.21992522542335605	0.5529948702095611	1.0	0.8727828064110428	1.0
CPSF1	1	0	0	1.0	0.708	1.0	0.22007042253521128	0.5532147186221061	1.0	0.8727828064110428	1.0
CLK3	1	0	0	1.0	0.526	1.0	0.2205071664829107	0.5538754318780817	1.0	0.8727828064110428	1.0
USP34	1	0	0	1.0	0.745	1.0	0.22104332449160036	0.5546853577042163	1.0	0.8727828064110428	1.0
LDB3	1	0	0	1.0	0.574	1.0	0.2218770800976259	0.5559422550939677	1.0	0.8727828064110428	1.0
PPEF1	1	0	0	1.0	0.47600000000000003	1.0	0.22311468094600626	0.5578021810305076	1.0	0.8727828064110428	1.0
VPS45	1	0	0	1.0	0.946	1.0	0.22356360384529397	0.5584751451935416	1.0	0.8727828064110428	1.0
REXO1	1	0	0	1.0	0.313	1.0	0.22401433691756273	0.5591499160123231	1.0	0.8727828064110428	1.0
AFTPH	1	0	0	1.0	0.696	1.0	0.22411474675033619	0.559300111163232	1.0	0.8727828064110428	1.0
N6AMT1	1	0	0	1.0	0.728	1.0	0.2246686137946529	0.5601277892684156	1.0	0.8727828064110428	1.0
GABPB1	1	0	0	1.0	0.7709999999999999	1.0	0.2246686137946529	0.5601277892684156	1.0	0.8727828064110428	1.0
THRA	1	0	0	1.0	0.7070000000000001	1.0	0.22568269013766645	0.5616396506922484	1.0	0.8727828064110428	1.0
ISM1	1	0	0	1.0	0.52	1.0	0.2290950744558992	0.5666937432512178	1.0	0.8727828064110428	1.0
SMAD6	1	0	0	1.0	0.705	1.0	0.23084025854108955	0.5692588479082974	1.0	0.8727828064110428	1.0
GPR160	1	0	0	1.0	0.413	1.0	0.2319647413593134	0.5709046383124563	1.0	0.8727828064110428	1.0
RAB11FIP1	1	0	0	1.0	0.408	1.0	0.2333177788147457	0.5728777174641588	1.0	0.8727828064110428	1.0
ACSM2A	1	0	0	1.0	0.336	1.0	0.23369946249123627	0.573432890262837	1.0	0.8727828064110428	1.0
PRRG1	1	0	0	1.0	0.518	1.0	0.23430178069353327	0.5743077163635208	1.0	0.8727828064110428	1.0
MAT2A	1	0	0	1.0	0.858	1.0	0.23441162681669012	0.574467093307351	1.0	0.8727828064110428	1.0
TSHZ1	1	0	0	1.0	0.591	1.0	0.2349072116513977	0.5751855031350752	1.0	0.8727828064110428	1.0
MCM8	1	0	0	1.0	0.799	1.0	0.2349072116513977	0.5751855031350752	1.0	0.8727828064110428	1.0
PHKA1	1	0	0	1.0	0.73	1.0	0.2349072116513977	0.5751855031350752	1.0	0.8727828064110428	1.0
CRB2	1	0	0	1.0	0.7390000000000001	1.0	0.23501762632197415	0.5753454199824531	1.0	0.8727828064110428	1.0
LPAR5	1	0	0	1.0	0.373	1.0	0.23501762632197415	0.5753454199824531	1.0	0.8727828064110428	1.0
CCNB3	1	0	0	1.0	0.124	1.0	0.2353494939985879	0.5758257616221876	1.0	0.8727828064110428	1.0
WNT5B	1	0	0	1.0	0.769	1.0	0.23781212841854935	0.5793755751307759	1.0	0.8727828064110428	1.0
COL14A1	1	0	0	1.0	0.588	1.0	0.23781212841854935	0.5793755751307759	1.0	0.8727828064110428	1.0
KLHDC2	1	0	0	1.0	0.9009999999999999	1.0	0.23786869647954328	0.579456815655258	1.0	0.8727828064110428	1.0
ASCC1	1	0	0	1.0	0.496	1.0	0.23792529145848204	0.5795380813759173	1.0	0.8727828064110428	1.0
PCIF1	1	0	0	1.0	0.774	1.0	0.23803856224708403	0.5797006884520937	1.0	0.8727828064110428	1.0
NAV3	1	0	0	1.0	0.7609999999999999	1.0	0.2385496183206107	0.580433670567448	1.0	0.8727828064110428	1.0
TMEM55A	1	0	0	1.0	0.8109999999999999	1.0	0.23940627244433804	0.5816598720409478	1.0	0.8727828064110428	1.0
KIAA1586	1	0	0	1.0	0.40399999999999997	1.0	0.24067388688327315	0.5834686951401713	1.0	0.8727828064110428	1.0
WRN	1	0	0	1.0	0.371	1.0	0.24084778420038536	0.5837163164411339	1.0	0.8727828064110428	1.0
ATAD2	1	0	0	1.0	0.524	1.0	0.242306760358614	0.5857888904217218	1.0	0.8752555093723012	1.0
CAMK2B	1	0	0	1.0	0.39899999999999997	1.0	0.2450379808870375	0.5896451988296175	1.0	0.882293304983039	1.0
ESRP1	1	0	0	1.0	0.65	1.0	0.24618414574101427	0.5912544222447544	1.0	0.8831838503524507	1.0
ATAD2B	1	0	0	1.0	0.853	1.0	0.24685262898049865	0.5921905120267967	1.0	0.8831838503524507	1.0
GABRA4	1	0	0	1.0	0.607	1.0	0.24777006937561943	0.593472275146522	1.0	0.8836609752731743	1.0
CHMP2A	1	0	0	1.0	0.742	1.0	0.2508780732563974	0.5977893180608639	1.0	0.8919229923027124	1.0
AKAP13	2	0	0	1.0	0.3795	1.0	0.25497195308516063	0.603417064705292	1.0	0.9002747955010225	1.0
CACNA1E	1	0	0	1.0	0.563	1.0	0.2560819462227913	0.6049315706252623	1.0	0.9002747955010225	1.0
POLR1A	1	0	0	1.0	0.552	1.0	0.25660764690787785	0.6056471712487996	1.0	0.9002747955010225	1.0
TOP1MT	1	0	0	1.0	0.321	1.0	0.2574002574002574	0.6067240627592307	1.0	0.9002747955010225	1.0
PKHD1L1	2	0	0	1.0	0.38849999999999996	1.0	0.25786487880350695	0.6073541920630376	1.0	0.9002747955010225	1.0
GSR	1	0	0	1.0	0.655	1.0	0.2589331952356292	0.6087998922854281	1.0	0.9002747955010225	1.0
ZFR2	1	0	0	1.0	0.35700000000000004	1.0	0.2597402597402597	0.6098891294284917	1.0	0.9002747955010225	1.0
MIER3	1	0	0	1.0	0.753	1.0	0.26001040041601664	0.6102531583896486	1.0	0.9002747955010225	1.0
ASPM	1	0	0	1.0	0.452	1.0	0.2604166666666667	0.6108000954686552	1.0	0.9002747955010225	1.0
CCDC43	1	0	0	1.0	0.49	1.0	0.2620545073375262	0.6129986251535744	1.0	0.9031664518941652	1.0
FERD3L	1	0	0	1.0	0.8420000000000001	1.0	0.2648305084745763	0.6167016017699296	1.0	0.9066978178108598	1.0
SEC31B	1	0	0	1.0	0.188	1.0	0.2658867322520606	0.6181028661228929	1.0	0.9066978178108598	1.0
CHST3	1	0	0	1.0	0.237	1.0	0.2663825253063399	0.6187591737251776	1.0	0.9066978178108598	1.0
TIRAP	1	0	0	1.0	0.495	1.0	0.26666666666666666	0.6191348906619518	1.0	0.9066978178108598	1.0
FOXN4	1	0	0	1.0	0.34600000000000003	1.0	0.2678810608090008	0.6207372622374625	1.0	0.9066978178108598	1.0
DYNC2LI1	1	0	0	1.0	0.6709999999999999	1.0	0.2692514808831449	0.6225388968579737	1.0	0.9066978178108598	1.0
GRM4	1	0	0	1.0	0.6629999999999999	1.0	0.2695417789757412	0.6229196432936237	1.0	0.9066978178108598	1.0
SLC2A10	1	0	0	1.0	0.46	1.0	0.27114967462039047	0.625022859461591	1.0	0.9066978178108598	1.0
MAPK15	1	0	0	1.0	0.263	1.0	0.27196083763937995	0.626080283469985	1.0	0.9066978178108598	1.0
MCOLN1	1	0	0	1.0	0.555	1.0	0.2767783005812344	0.6323106704028516	1.0	0.9066978178108598	1.0
VPS9D1	1	0	0	1.0	0.151	1.0	0.277623542476402	0.6333951268055982	1.0	0.9066978178108598	1.0
DUSP26	1	0	0	1.0	0.28300000000000003	1.0	0.279876854184159	0.6362736017467878	1.0	0.9066978178108598	1.0
CHD1	1	0	0	1.0	0.7070000000000001	1.0	0.2801120448179272	0.6365729960200415	1.0	0.9066978178108598	1.0
MAGEC1	1	0	0	1.0	0.11900000000000001	1.0	0.281214848143982	0.6379742175623337	1.0	0.9066978178108598	1.0
GGA3	1	0	0	1.0	0.5489999999999999	1.0	0.2812939521800281	0.6380745606906341	1.0	0.9066978178108598	1.0
RNF20	1	0	0	1.0	0.57	1.0	0.28192839018889204	0.6388785384244391	1.0	0.9066978178108598	1.0
FAM149B1	1	0	0	1.0	0.33299999999999996	1.0	0.2828054298642534	0.6399875975043543	1.0	0.9066978178108598	1.0
TULP4	1	0	0	1.0	0.667	1.0	0.28360748723766305	0.6409994566011568	1.0	0.9066978178108598	1.0
FARSB	1	0	0	1.0	0.579	1.0	0.28360748723766305	0.6409994566011568	1.0	0.9066978178108598	1.0
CCDC152	1	0	0	1.0	0.46399999999999997	1.0	0.2838489923360772	0.6413036898549818	1.0	0.9066978178108598	1.0
LRP12	1	0	0	1.0	0.915	1.0	0.28425241614553726	0.641811440112384	1.0	0.9066978178108598	1.0
KLHDC8A	1	0	0	1.0	0.892	1.0	0.28506271379703535	0.6428295537371542	1.0	0.9066978178108598	1.0
LRP1B	2	0	0	1.0	0.4375	1.0	0.2856326763781777	0.6435443136168322	1.0	0.9066978178108598	1.0
SLC23A1	1	0	0	1.0	0.27399999999999997	1.0	0.2884338044418806	0.6470405730322719	1.0	0.9066978178108598	1.0
OR2A12	2	0	0	1.0	0.366	1.0	0.2889338341519792	0.6476618216276242	1.0	0.9066978178108598	1.0
PBOV1	1	0	0	1.0	0.231	1.0	0.28968713789107764	0.648596110434873	1.0	0.9066978178108598	1.0
ATP13A2	1	0	0	1.0	0.19399999999999998	1.0	0.2901073397156948	0.6491164164591611	1.0	0.9066978178108598	1.0
ZNF490	1	0	0	1.0	0.151	1.0	0.29036004645760743	0.6494290321037993	1.0	0.9066978178108598	1.0
NELFA	1	0	0	1.0	0.434	1.0	0.2907822041291073	0.6499507797179789	1.0	0.9066978178108598	1.0
PCLO	2	0	0	1.0	0.365	1.0	0.29129041654529564	0.6505780700482248	1.0	0.9066978178108598	1.0
HERC2	1	0	0	1.0	0.5589999999999999	1.0	0.29214139643587494	0.6516264561928274	1.0	0.9066978178108598	1.0
TACSTD2	1	0	0	1.0	0.092	1.0	0.29222676797194624	0.6517314948772652	1.0	0.9066978178108598	1.0
CDH15	1	0	0	1.0	0.292	1.0	0.29308323563892147	0.6527838891059299	1.0	0.9066978178108598	1.0
GLI3	1	0	0	1.0	0.516	1.0	0.29542097488921715	0.6556436946423156	1.0	0.9066978178108598	1.0
CCDC64	1	0	0	1.0	0.2	1.0	0.297441998810232	0.6581011406860273	1.0	0.9066978178108598	1.0
SYCE2	1	0	0	1.0	0.29	1.0	0.2996703626011388	0.660794785666538	1.0	0.9066978178108598	1.0
TRAM1L1	1	0	0	1.0	0.19899999999999998	1.0	0.30066145520144316	0.6619874867019653	1.0	0.9066978178108598	1.0
BCDIN3D	1	0	0	1.0	0.361	1.0	0.30156815440289503	0.6630757651607503	1.0	0.9066978178108598	1.0
RPGRIP1	1	0	0	1.0	0.457	1.0	0.30165912518853694	0.6631848035106562	1.0	0.9066978178108598	1.0
PPP5D1	1	0	0	1.0	0.374	1.0	0.3021148036253776	0.6637305708123781	1.0	0.9066978178108598	1.0
NTNG2	1	0	0	1.0	0.511	1.0	0.3022974607013301	0.6639491466630728	1.0	0.9066978178108598	1.0
BPIFB6	1	0	0	1.0	0.302	1.0	0.3027550711474417	0.6644962598875725	1.0	0.9066978178108598	1.0
ABHD15	1	0	0	1.0	0.27	1.0	0.30321406913280774	0.6650443372157087	1.0	0.9066978178108598	1.0
DGKI	2	0	0	1.0	0.5635	1.0	0.3038590094196293	0.6658132695111525	1.0	0.9066978178108598	1.0
RANBP17	1	0	0	1.0	0.865	1.0	0.3057169061449098	0.6680207118790116	1.0	0.9066978178108598	1.0
LLGL2	1	0	0	1.0	0.622	1.0	0.3078817733990148	0.6705786398705147	1.0	0.9066978178108598	1.0
SYCE1	1	0	0	1.0	0.315	1.0	0.3079765937788728	0.6706903274162948	1.0	0.9066978178108598	1.0
ZBTB49	1	0	0	1.0	0.325	1.0	0.30931023816888337	0.6722581190050405	1.0	0.9066978178108598	1.0
LRBA	1	0	0	1.0	0.536	1.0	0.31065548306927615	0.6738337223723737	1.0	0.9066978178108598	1.0
ETAA1	1	0	0	1.0	0.126	1.0	0.3108486167236556	0.674059449256105	1.0	0.9066978178108598	1.0
EFCAB5	1	0	0	1.0	0.315	1.0	0.3112356053532524	0.6745113850400626	1.0	0.9066978178108598	1.0
NAT14	1	0	0	1.0	0.297	1.0	0.3114294612270321	0.6747375942408523	1.0	0.9066978178108598	1.0
UMODL1	1	0	0	1.0	0.102	1.0	0.3117206982543641	0.6750772101010811	1.0	0.9066978178108598	1.0
FAT1	1	0	0	1.0	0.35700000000000004	1.0	0.3137747097583935	0.6774647114638215	1.0	0.9066978178108598	1.0
APP	1	0	0	1.0	0.738	1.0	0.31456432840515886	0.6783789499618327	1.0	0.9066978178108598	1.0
OR51E1	1	0	0	1.0	0.555	1.0	0.315059861373661	0.678951676781417	1.0	0.9066978178108598	1.0
IL2RB	1	0	0	1.0	0.066	1.0	0.31685678073510776	0.6810219908059656	1.0	0.9066978178108598	1.0
ERMARD	1	0	0	1.0	0.488	1.0	0.3190810465858328	0.6835705628378523	1.0	0.9066978178108598	1.0
AHNAK2	1	0	0	1.0	0.128	1.0	0.3213367609254499	0.686139333649147	1.0	0.9066978178108598	1.0
EPC2	1	0	0	1.0	0.6759999999999999	1.0	0.32175032175032175	0.6866085690171818	1.0	0.9066978178108598	1.0
PANK1	1	0	0	1.0	0.147	1.0	0.32195750160978753	0.6868434400278478	1.0	0.9066978178108598	1.0
HYAL4	1	0	0	1.0	0.252	1.0	0.32247662044501774	0.6874313576647249	1.0	0.9066978178108598	1.0
PTPRO	1	0	0	1.0	0.622	1.0	0.32310177705977383	0.6881382572331372	1.0	0.9066978178108598	1.0
WDR88	1	0	0	1.0	0.267	1.0	0.32372936225315635	0.6888466862856732	1.0	0.9066978178108598	1.0
ELL3	1	0	0	1.0	0.271	1.0	0.324254215304799	0.6894382152078739	1.0	0.9066978178108598	1.0
MAPK6	1	0	0	1.0	0.675	1.0	0.3252032520325203	0.6905056589458476	1.0	0.9066978178108598	1.0
VSIG4	1	0	0	1.0	0.39799999999999996	1.0	0.3254149040026033	0.6907433397814342	1.0	0.9066978178108598	1.0
ALG9	1	0	0	1.0	0.258	1.0	0.3258390355164549	0.6912192165648743	1.0	0.9066978178108598	1.0
SUCLG2	1	0	0	1.0	0.765	1.0	0.32615786040443573	0.6915765754891137	1.0	0.9066978178108598	1.0
PSME4	1	0	0	1.0	0.589	1.0	0.32647730982696704	0.6919343218578644	1.0	0.9066978178108598	1.0
DCAF8L1	1	0	0	1.0	0.191	1.0	0.3266906239790918	0.6921730349438993	1.0	0.9066978178108598	1.0
MLLT4	1	0	0	1.0	0.34700000000000003	1.0	0.32690421706440015	0.6924119206174457	1.0	0.9066978178108598	1.0
PIK3CD	1	0	0	1.0	0.8390000000000001	1.0	0.32711808963035655	0.6926509790345756	1.0	0.9066978178108598	1.0
TMEM132D	2	0	0	1.0	0.414	1.0	0.3274394237066143	0.6930098908960186	1.0	0.9066978178108598	1.0
WAC	1	0	0	1.0	0.595	1.0	0.3303600925008259	0.6962576907960296	1.0	0.9066978178108598	1.0
ASXL2	1	0	0	1.0	0.23600000000000002	1.0	0.3304692663582287	0.696378590669585	1.0	0.9066978178108598	1.0
APOA1BP	1	0	0	1.0	0.753	1.0	0.33123550844650546	0.697226118159888	1.0	0.9066978178108598	1.0
FAM129A	1	0	0	1.0	0.446	1.0	0.33156498673740054	0.6975900033639622	1.0	0.9066978178108598	1.0
FAM71E2	1	0	0	1.0	0.087	1.0	0.33156498673740054	0.6975900033639622	1.0	0.9066978178108598	1.0
ZRANB1	1	0	0	1.0	0.77	1.0	0.33178500331785005	0.697832813604613	1.0	0.9066978178108598	1.0
GDF2	1	0	0	1.0	0.264	1.0	0.33266799733865604	0.6988058188059822	1.0	0.9066978178108598	1.0
MUC5B	2	0	0	1.0	0.11149999999999999	1.0	0.333667000333667	0.6999038332781202	1.0	0.9066978178108598	1.0
UCP1	1	0	0	1.0	0.17300000000000001	1.0	0.33377837116154874	0.7000260566271607	1.0	0.9066978178108598	1.0
MAN2C1	1	0	0	1.0	0.249	1.0	0.3342245989304813	0.7005153944225371	1.0	0.9066978178108598	1.0
CCDC102B	1	0	0	1.0	0.19	1.0	0.33467202141900937	0.701005444200325	1.0	0.9066978178108598	1.0
DCTN1	1	0	0	1.0	0.652	1.0	0.3351206434316354	0.7014962072190062	1.0	0.9066978178108598	1.0
GAS2L2	1	0	0	1.0	0.278	1.0	0.33602150537634407	0.702479878014397	1.0	0.9066978178108598	1.0
DMXL1	1	0	0	1.0	0.622	1.0	0.3367003367003367	0.7032195127321914	1.0	0.9066978178108598	1.0
ZNF30	1	0	0	1.0	0.14400000000000002	1.0	0.3374957813027337	0.7040844645937996	1.0	0.9066978178108598	1.0
HIVEP2	1	0	0	1.0	0.48200000000000004	1.0	0.3388681802778719	0.7055723808745518	1.0	0.9066978178108598	1.0
NRN1L	1	0	0	1.0	0.198	1.0	0.339097999321804	0.7058210002825158	1.0	0.9066978178108598	1.0
RAI14	1	0	0	1.0	0.434	1.0	0.34036759700476515	0.707191653421268	1.0	0.9066978178108598	1.0
MYPOP	1	0	0	1.0	0.32799999999999996	1.0	0.34118048447628796	0.7080667559634104	1.0	0.9066978178108598	1.0
FOXE1	1	0	0	1.0	0.249	1.0	0.34118048447628796	0.7080667559634104	1.0	0.9066978178108598	1.0
TENM3	1	0	0	1.0	0.713	1.0	0.3412969283276451	0.7081919532522103	1.0	0.9066978178108598	1.0
CEP170	1	0	0	1.0	0.344	1.0	0.341646737273659	0.7085678195113594	1.0	0.9066978178108598	1.0
PLEKHM1	1	0	0	1.0	0.068	1.0	0.3429355281207133	0.7099495247415677	1.0	0.9066978178108598	1.0
SPATA18	1	0	0	1.0	0.33399999999999996	1.0	0.3435245620061834	0.7105794107741279	1.0	0.9066978178108598	1.0
ANKRD30B	1	0	0	1.0	0.16399999999999998	1.0	0.3437607425232039	0.7108316876978564	1.0	0.9066978178108598	1.0
SPC24	1	0	0	1.0	0.10400000000000001	1.0	0.3443526170798898	0.7114631876592803	1.0	0.9066978178108598	1.0
LIMCH1	1	0	0	1.0	0.509	1.0	0.3454231433506045	0.712602801735737	1.0	0.9066978178108598	1.0
FAM181A	1	0	0	1.0	0.358	1.0	0.3460207612456747	0.713237543987661	1.0	0.9066978178108598	1.0
MMS19	1	0	0	1.0	0.26	1.0	0.3465003465003465	0.7137461747580315	1.0	0.9066978178108598	1.0
BIRC6	3	0	0	1.0	0.5603333333333333	1.0	0.34855350296270476	0.7159161857787478	1.0	0.9066978178108598	1.0
TCEB3B	1	0	0	1.0	0.121	1.0	0.34916201117318435	0.7165570003835193	1.0	0.9066978178108598	1.0
ATP6V1C2	1	0	0	1.0	0.132	1.0	0.3497726477789437	0.7171989903253496	1.0	0.9066978178108598	1.0
TAF1B	1	0	0	1.0	0.565	1.0	0.35285815102328866	0.7204266553523249	1.0	0.9066978178108598	1.0
C17orf98	1	0	0	1.0	0.115	1.0	0.35486160397445	0.7225079536822174	1.0	0.9066978178108598	1.0
CYYR1	1	0	0	1.0	0.381	1.0	0.35599857600569595	0.7236840683951964	1.0	0.9066978178108598	1.0
SULF1	1	0	0	1.0	0.457	1.0	0.35650623885918004	0.7242080352850837	1.0	0.9066978178108598	1.0
QPCT	1	0	0	1.0	0.508	1.0	0.35739814152966404	0.7251268321098245	1.0	0.9066978178108598	1.0
USP5	2	0	0	1.0	0.375	1.0	0.3575259206292456	0.7252582818090177	1.0	0.9066978178108598	1.0
COL5A3	1	0	0	1.0	0.312	1.0	0.35945363048166784	0.7272358351909602	1.0	0.9066978178108598	1.0
MDN1	1	0	0	1.0	0.385	1.0	0.35958288385472853	0.7273680601408946	1.0	0.9066978178108598	1.0
BRS3	1	0	0	1.0	0.726	1.0	0.3597122302158273	0.7275003337059517	1.0	0.9066978178108598	1.0
NBPF10	2	0	0	1.0	0.0275	1.0	0.36062026685899745	0.728427611479856	1.0	0.9066978178108598	1.0
TMEM147	1	0	0	1.0	0.764	1.0	0.3619254433586681	0.7297564408039374	1.0	0.9066978178108598	1.0
PCDHGA8	1	0	0	1.0	0.298	1.0	0.36271309394269136	0.7305560870662531	1.0	0.9066978178108598	1.0
CARD8	2	0	0	1.0	0.17149999999999999	1.0	0.36284470246734396	0.730689533073807	1.0	0.9066978178108598	1.0
SLC19A1	1	0	0	1.0	0.141	1.0	0.36363636363636365	0.7314912406103564	1.0	0.9066978178108598	1.0
ADAM23	1	0	0	1.0	0.6990000000000001	1.0	0.363901018922853	0.731758869854477	1.0	0.9066978178108598	1.0
NANOG	1	0	0	1.0	0.182	1.0	0.3658982802780827	0.7337723772213431	1.0	0.9066978178108598	1.0
PRRC1	1	0	0	1.0	0.654	1.0	0.3663003663003663	0.7341764136252265	1.0	0.9066978178108598	1.0
AP1S1	1	0	0	1.0	0.258	1.0	0.36683785766691124	0.7347158229179533	1.0	0.9066978178108598	1.0
GRIN2B	1	0	0	1.0	0.795	1.0	0.3671071953010279	0.7349858253624325	1.0	0.9066978178108598	1.0
SLC25A27	2	0	0	1.0	0.4445	1.0	0.36818851251840945	0.7360678238941274	1.0	0.9066978178108598	1.0
ZNF12	1	0	0	1.0	0.397	1.0	0.3683241252302026	0.7362032977480291	1.0	0.9066978178108598	1.0
ZNF75A	1	0	0	1.0	0.289	1.0	0.36859565057132326	0.7364743950154052	1.0	0.9066978178108598	1.0
USH2A	1	0	0	1.0	0.131	1.0	0.3687315634218289	0.7366100184653943	1.0	0.9066978178108598	1.0
CDKN3	1	0	0	1.0	0.5710000000000001	1.0	0.36913990402362495	0.737017188299357	1.0	0.9066978178108598	1.0
FILIP1L	1	0	0	1.0	0.163	1.0	0.36913990402362495	0.737017188299357	1.0	0.9066978178108598	1.0
MSL2	1	0	0	1.0	0.441	1.0	0.36927621861152143	0.7371530114660372	1.0	0.9066978178108598	1.0
ARSG	2	0	0	1.0	0.392	1.0	0.3702332469455757	0.7381051739394588	1.0	0.9067824430183384	1.0
ASXL1	1	0	0	1.0	0.139	1.0	0.37091988130563797	0.738786792674355	1.0	0.9067824430183384	1.0
ITGA7	2	0	0	1.0	0.3085	1.0	0.3718854592785422	0.7397431674550864	1.0	0.9071751355128076	1.0
IGF2R	1	0	0	1.0	0.41700000000000004	1.0	0.37509377344336087	0.7429029338921669	1.0	0.9130252325500382	1.0
ATAD3C	1	0	0	1.0	0.263	1.0	0.3762227238525207	0.7440082619605167	1.0	0.913799590046963	1.0
AMMECR1	1	0	0	1.0	0.366	1.0	0.37936267071320184	0.7470647255843175	1.0	0.9176194330137815	1.0
ACIN1	1	0	0	1.0	0.485	1.0	0.379794910748196	0.7474834335412731	1.0	0.9176194330137815	1.0
IRF4	1	0	0	1.0	0.738	1.0	0.3806623524933384	0.748322234755768	1.0	0.9176194330137815	1.0
GPX1	1	0	0	1.0	0.212	1.0	0.38211692777990064	0.7497243498463922	1.0	0.9176194330137815	1.0
KRT6A	1	0	0	1.0	0.40299999999999997	1.0	0.3837298541826554	0.7512726318889691	1.0	0.9176194330137815	1.0
FOLR1	1	0	0	1.0	0.28800000000000003	1.0	0.3855050115651503	0.7529688072067279	1.0	0.9176194330137815	1.0
MGA	1	0	0	1.0	0.447	1.0	0.38565368299267255	0.7531104923087263	1.0	0.9176194330137815	1.0
PRKAA2	1	0	0	1.0	0.124	1.0	0.3866976024748647	0.7541037433680069	1.0	0.9176194330137815	1.0
SLC25A4	1	0	0	1.0	0.8	1.0	0.38699690402476783	0.7543879976471963	1.0	0.9176194330137815	1.0
MMP11	1	0	0	1.0	0.28600000000000003	1.0	0.38955979742890534	0.7568125835173367	1.0	0.9176194330137815	1.0
POLE4	1	0	0	1.0	0.215	1.0	0.3897116134060795	0.7569556766147485	1.0	0.9176194330137815	1.0
OLFML3	1	0	0	1.0	0.49700000000000005	1.0	0.39001560062402496	0.7572420199135818	1.0	0.9176194330137815	1.0
BNC2	1	0	0	1.0	0.16699999999999998	1.0	0.3913894324853229	0.7585331599435099	1.0	0.9176194330137815	1.0
NTHL1	1	0	0	1.0	0.171	1.0	0.3920031360250882	0.7591083650175126	1.0	0.9176194330137815	1.0
SAE1	1	0	0	1.0	0.257	1.0	0.39261876717707106	0.7596844114634158	1.0	0.9176194330137815	1.0
MAP1B	1	0	0	1.0	0.35	1.0	0.39556962025316456	0.7624321504290392	1.0	0.9176194330137815	1.0
RNPC3	1	0	0	1.0	0.24600000000000002	1.0	0.3966679888932963	0.7634492852859114	1.0	0.9176194330137815	1.0
PLEKHN1	2	0	0	1.0	0.195	1.0	0.3968253968253968	0.7635948021917983	1.0	0.9176194330137815	1.0
EVPLL	1	0	0	1.0	0.121	1.0	0.3985651654045436	0.7651989905875988	1.0	0.9176194330137815	1.0
STK10	1	0	0	1.0	0.273	1.0	0.3993610223642173	0.7659302928266183	1.0	0.9176194330137815	1.0
ALDOB	1	0	0	1.0	0.8370000000000001	1.0	0.4001600640256102	0.7666629259114907	1.0	0.9176194330137815	1.0
MAP3K2	1	0	0	1.0	0.7070000000000001	1.0	0.400320256204964	0.7668096123712513	1.0	0.9176194330137815	1.0
SLC1A7	1	0	0	1.0	0.344	1.0	0.40096230954290296	0.7673968914426001	1.0	0.9176194330137815	1.0
MTMR3	1	0	0	1.0	0.107	1.0	0.4030632809351068	0.7693114488954711	1.0	0.9176194330137815	1.0
THAP7	1	0	0	1.0	0.597	1.0	0.4035512510088781	0.7697545533522804	1.0	0.9176194330137815	1.0
HOXD9	1	0	0	1.0	0.179	1.0	0.4046944556859571	0.770790338731879	1.0	0.9176194330137815	1.0
IRS2	1	0	0	1.0	0.179	1.0	0.4046944556859571	0.770790338731879	1.0	0.9176194330137815	1.0
ZNF184	1	0	0	1.0	0.31	1.0	0.4050222762251924	0.7710867599688305	1.0	0.9176194330137815	1.0
ZNF462	1	0	0	1.0	0.435	1.0	0.4050222762251924	0.7710867599688305	1.0	0.9176194330137815	1.0
PIK3C2G	1	0	0	1.0	0.38299999999999995	1.0	0.40535062829347385	0.771383395844029	1.0	0.9176194330137815	1.0
ENPP3	1	0	0	1.0	0.408	1.0	0.40584415584415584	0.7718287523016532	1.0	0.9176194330137815	1.0
DHFRL1	1	0	0	1.0	0.302	1.0	0.407000407000407	0.7728697979401881	1.0	0.9176194330137815	1.0
GBP3	1	0	0	1.0	0.06	1.0	0.40716612377850164	0.7730187338293552	1.0	0.9176194330137815	1.0
CTTNBP2	1	0	0	1.0	0.239	1.0	0.40816326530612246	0.7739134794108717	1.0	0.9176194330137815	1.0
SRP68	1	0	0	1.0	0.163	1.0	0.4083299305839118	0.7740627921478279	1.0	0.9176194330137815	1.0
CAPS2	1	0	0	1.0	0.27899999999999997	1.0	0.4086636697997548	0.774361579264624	1.0	0.9176194330137815	1.0
ARHGAP10	1	0	0	1.0	0.40299999999999997	1.0	0.4088307440719542	0.7745110536651597	1.0	0.9176194330137815	1.0
DNAJB7	1	0	0	1.0	0.17600000000000002	1.0	0.40916530278232405	0.7748101642018612	1.0	0.9176194330137815	1.0
VWA2	1	0	0	1.0	0.11699999999999999	1.0	0.41220115416323166	0.7775118757303621	1.0	0.9176194330137815	1.0
ATCAY	1	0	0	1.0	0.68	1.0	0.41271151465125877	0.7779638637368504	1.0	0.9176194330137815	1.0
TRIM37	1	0	0	1.0	0.537	1.0	0.4144218814753419	0.7794740102125548	1.0	0.9176194330137815	1.0
PLXNC1	1	0	0	1.0	0.595	1.0	0.41511000415110005	0.7800795863979801	1.0	0.9176194330137815	1.0
RGAG1	1	0	0	1.0	0.129	1.0	0.4152823920265781	0.780231116049242	1.0	0.9176194330137815	1.0
COL18A1	1	0	0	1.0	0.057	1.0	0.41562759767248547	0.7805343381348657	1.0	0.9176194330137815	1.0
GPR52	1	0	0	1.0	0.544	1.0	0.4158004158004158	0.7806860305853325	1.0	0.9176194330137815	1.0
PLXNB2	1	0	0	1.0	0.281	1.0	0.4166666666666667	0.7814453072307918	1.0	0.9176194330137815	1.0
PXDNL	1	0	0	1.0	0.066	1.0	0.4177109440267335	0.7823582318862913	1.0	0.9176194330137815	1.0
RNF216	1	0	0	1.0	0.392	1.0	0.41823504809703055	0.7828154280536126	1.0	0.9176194330137815	1.0
STAMBPL1	1	0	0	1.0	0.245	1.0	0.41893590280687054	0.7834257843974417	1.0	0.9176194330137815	1.0
CASKIN2	1	0	0	1.0	0.387	1.0	0.41999160016799664	0.784342951492955	1.0	0.9176194330137815	1.0
SECISBP2	1	0	0	1.0	0.071	1.0	0.42052144659377627	0.7848022700877166	1.0	0.9176194330137815	1.0
OPN3	1	0	0	1.0	0.151	1.0	0.4206983592763988	0.7849554852242562	1.0	0.9176194330137815	1.0
CREBBP	1	0	0	1.0	0.235	1.0	0.42122999157540014	0.7854154575347415	1.0	0.9176194330137815	1.0
FEM1C	1	0	0	1.0	0.743	1.0	0.42176296921130324	0.7858759203219183	1.0	0.9176194330137815	1.0
LSAMP	1	0	0	1.0	0.478	1.0	0.42337002540220153	0.7872602530800892	1.0	0.9179617502362102	1.0
SGTB	1	0	0	1.0	0.32	1.0	0.4235493434985176	0.787414340577457	1.0	0.9179617502362102	1.0
DBX1	2	0	0	1.0	0.365	1.0	0.4278990158322636	0.7911288213764318	1.0	0.9256088115987736	1.0
KRT9	1	0	0	1.0	0.11199999999999999	1.0	0.4308487720809996	0.7936226313193883	1.0	0.9273888285441558	1.0
FNDC1	1	0	0	1.0	0.081	1.0	0.43233895373973197	0.7948747873970179	1.0	0.9273888285441558	1.0
DDX60	1	0	0	1.0	0.13699999999999998	1.0	0.43252595155709345	0.7950315531185688	1.0	0.9273888285441558	1.0
BZW2	1	0	0	1.0	0.34700000000000003	1.0	0.43252595155709345	0.7950315531185688	1.0	0.9273888285441558	1.0
ATG2B	1	0	0	1.0	0.57	1.0	0.43308791684711995	0.7955021785934857	1.0	0.9273888285441558	1.0
TECPR2	1	0	0	1.0	0.34	1.0	0.43440486533449174	0.796602219939049	1.0	0.9273888285441558	1.0
PIK3C2A	1	0	0	1.0	0.507	1.0	0.43535045711798	0.7973896054449112	1.0	0.9273888285441558	1.0
SETD5	1	0	0	1.0	0.295	1.0	0.4355400696864111	0.7975472467148605	1.0	0.9273888285441558	1.0
TTC28	1	0	0	1.0	0.637	1.0	0.4372540445999126	0.7989684805599668	1.0	0.9273888285441558	1.0
TLR2	1	0	0	1.0	0.071	1.0	0.43859649122807015	0.8000769486694514	1.0	0.9273888285441558	1.0
ANKHD1	2	0	0	1.0	0.444	1.0	0.43859649122807015	0.8000769486694514	1.0	0.9273888285441558	1.0
NEK1	1	0	0	1.0	0.24600000000000002	1.0	0.43859649122807015	0.8000769486694514	1.0	0.9273888285441558	1.0
UBAP2	1	0	0	1.0	0.10099999999999999	1.0	0.4407227853680035	0.8018242423083758	1.0	0.9292201394242463	1.0
C8orf46	1	0	0	1.0	0.161	1.0	0.4411116012351125	0.8021426429313595	1.0	0.9292201394242463	1.0
ZC3H4	1	0	0	1.0	0.29	1.0	0.44424700133274103	0.8046977174254087	1.0	0.9331687246887298	1.0
HEPH	1	0	0	1.0	0.48200000000000004	1.0	0.444642063139173	0.8050180849164867	1.0	0.9331687246887298	1.0
DOCK11	1	0	0	1.0	0.449	1.0	0.4466279589102278	0.8066231967917007	1.0	0.9348290598290597	1.0
VCAM1	1	0	0	1.0	0.271	1.0	0.4488330341113106	0.808395117623446	1.0	0.9348290598290597	1.0
ADAMTS20	1	0	0	1.0	0.12300000000000001	1.0	0.44923629829290207	0.8087179931955764	1.0	0.9348290598290597	1.0
NUAK2	1	0	0	1.0	0.366	1.0	0.45004500450045004	0.8093643974875959	1.0	0.9348290598290597	1.0
CCDC178	1	0	0	1.0	0.159	1.0	0.4537205081669691	0.8122839797144592	1.0	0.9348290598290597	1.0
BRWD1	1	0	0	1.0	0.13	1.0	0.45392646391284613	0.8124466944258766	1.0	0.9348290598290597	1.0
MACROD2	1	0	0	1.0	0.318	1.0	0.45454545454545453	0.812935163801941	1.0	0.9348290598290597	1.0
PDLIM1	1	0	0	1.0	0.40399999999999997	1.0	0.45475216007276037	0.8130980953036036	1.0	0.9348290598290597	1.0
RTKN2	1	0	0	1.0	0.28600000000000003	1.0	0.45599635202918376	0.8140768214481309	1.0	0.9348290598290597	1.0
C12orf65	1	0	0	1.0	0.301	1.0	0.45641259698767683	0.8144034964004242	1.0	0.9348290598290597	1.0
ANK2	1	0	0	1.0	0.29100000000000004	1.0	0.45662100456621	0.8145669149901412	1.0	0.9348290598290597	1.0
EIF5B	1	0	0	1.0	0.239	1.0	0.4568296025582458	0.8147303876385226	1.0	0.9348290598290597	1.0
GALNTL5	1	0	0	1.0	0.27899999999999997	1.0	0.45724737082761774	0.8150574950592733	1.0	0.9348290598290597	1.0
CD300E	1	0	0	1.0	0.038	1.0	0.45724737082761774	0.8150574950592733	1.0	0.9348290598290597	1.0
BRPF1	2	0	0	1.0	0.4775	1.0	0.45787545787545786	0.8155485613015836	1.0	0.9348290598290597	1.0
MFHAS1	1	0	0	1.0	0.314	1.0	0.4593477262287552	0.8166962711311025	1.0	0.9348786897430452	1.0
ZNF540	1	0	0	1.0	0.19699999999999998	1.0	0.45955882352941174	0.816860445309603	1.0	0.9348786897430452	1.0
RNF8	1	0	0	1.0	0.191	1.0	0.4612546125461255	0.8181757765578412	1.0	0.9366377447558261	1.0
SLC8B1	1	0	0	1.0	0.09300000000000001	1.0	0.4631773969430292	0.8196596347997547	1.0	0.9388505869690538	1.0
HHEX	1	0	0	1.0	0.426	1.0	0.46403712296983757	0.8203205213715598	1.0	0.9389045558115026	1.0
TRIM44	1	0	0	1.0	0.261	1.0	0.46533271288971617	0.821313456333352	1.0	0.9394688624840991	1.0
DNAH17	2	0	0	1.0	0.38049999999999995	1.0	0.4659832246039143	0.8218106450179435	1.0	0.9394688624840991	1.0
SBNO1	1	0	0	1.0	0.563	1.0	0.4725897920604915	0.8268088440435033	1.0	0.9510869565217392	1.0
ELN	1	0	0	1.0	0.21600000000000003	1.0	0.4748338081671415	0.8284854765962887	1.0	0.9519899715839019	1.0
AMHR2	1	0	0	1.0	0.052000000000000005	1.0	0.4752851711026616	0.8288214329256005	1.0	0.9519899715839019	1.0
TMEM62	1	0	0	1.0	0.09	1.0	0.47573739295908657	0.8291575986939863	1.0	0.9519899715839019	1.0
PREX1	1	0	0	1.0	0.228	1.0	0.47641734159123394	0.8296622395609795	1.0	0.9519899715839019	1.0
QRICH1	1	0	0	1.0	0.581	1.0	0.4782400765184122	0.8310102441159715	1.0	0.9531671027948856	1.0
ARHGAP4	2	0	0	1.0	0.1885	1.0	0.47869794159885115	0.8313477657129866	1.0	0.9531671027948856	1.0
IFNAR1	1	0	0	1.0	0.053	1.0	0.4816955684007707	0.8335467077570531	1.0	0.9568443663347003	1.0
ANKRD50	2	0	0	1.0	0.439	1.0	0.482392667631452	0.8340553948160361	1.0	0.9568443663347003	1.0
DPYSL5	1	0	0	1.0	0.49	1.0	0.4830917874396135	0.8345645445783951	1.0	0.9568443663347003	1.0
LRRTM3	2	0	0	1.0	0.44499999999999995	1.0	0.4859086491739553	0.8366057519008057	1.0	0.9574564790578697	1.0
KIR3DL1	1	0	0	1.0	0.066	1.0	0.4859086491739553	0.8366057519008057	1.0	0.9574564790578697	1.0
DBNL	1	0	0	1.0	0.166	1.0	0.48638132295719844	0.8369466671171784	1.0	0.9574564790578697	1.0
PCSK4	1	0	0	1.0	0.17300000000000001	1.0	0.48851978505129456	0.8384832958862494	1.0	0.9574564790578697	1.0
SPAG7	1	0	0	1.0	0.373	1.0	0.4892367906066536	0.8389964150398522	1.0	0.9574564790578697	1.0
NEK10	1	0	0	1.0	0.35600000000000004	1.0	0.4899559039686428	0.8395099871767309	1.0	0.9574564790578697	1.0
KLHL13	2	0	0	1.0	0.43200000000000005	1.0	0.4904364884747425	0.8398526197117794	1.0	0.9574564790578697	1.0
PRLR	1	0	0	1.0	0.044000000000000004	1.0	0.49067713444553485	0.8400240111877003	1.0	0.9574564790578697	1.0
AAK1	1	0	0	1.0	0.34600000000000003	1.0	0.49188391539596654	0.8408817189602604	1.0	0.9574564790578697	1.0
ASB9	2	0	0	1.0	0.29000000000000004	1.0	0.4928536224741252	0.8415687830673622	1.0	0.9574564790578697	1.0
SLC35G5	1	0	0	1.0	0.121	1.0	0.49358341559723595	0.842084603073293	1.0	0.9574564790578697	1.0
LRFN2	1	0	0	1.0	0.38	1.0	0.49407114624505927	0.8424287309413138	1.0	0.9574564790578697	1.0
SHOC2	1	0	0	1.0	0.47600000000000003	1.0	0.49480455220188024	0.8429452936276517	1.0	0.9574564790578697	1.0
FLG	2	0	0	1.0	0.10600000000000001	1.0	0.4952947003467063	0.8432899154684005	1.0	0.9574564790578697	1.0
C10orf2	1	0	0	1.0	0.243	1.0	0.4972650422675286	0.8446703683692267	1.0	0.9596193538279191	1.0
CADM2	1	0	0	1.0	0.259	1.0	0.49975012493753124	0.8464003276369797	1.0	0.9627664800078594	1.0
CABIN1	1	0	0	1.0	0.43200000000000005	1.0	0.5007511266900351	0.8470936677184167	1.0	0.963048668565989	1.0
SCN7A	1	0	0	1.0	0.214	1.0	0.5030181086519114	0.8486564930756451	1.0	0.9639069449196033	1.0
SOS1	1	0	0	1.0	0.512	1.0	0.5037783375314862	0.8491782942766517	1.0	0.9639069449196033	1.0
MAB21L3	1	0	0	1.0	0.057	1.0	0.5045408678102926	0.8497005226578185	1.0	0.9639069449196033	1.0
ST6GALNAC1	1	0	0	1.0	0.02	1.0	0.5055611729019212	0.8503974889790296	1.0	0.9639069449196033	1.0
OR2T34	1	0	0	1.0	0.109	1.0	0.5063291139240507	0.8509207080268786	1.0	0.9639069449196033	1.0
SRPR	1	0	0	1.0	0.752	1.0	0.5063291139240507	0.8509207080268786	1.0	0.9639069449196033	1.0
SPIB	1	0	0	1.0	0.22399999999999998	1.0	0.508130081300813	0.8521431903608038	1.0	0.9640784539158523	1.0
ARID4A	1	0	0	1.0	0.214	1.0	0.508130081300813	0.8521431903608038	1.0	0.9640784539158523	1.0
WASF2	1	0	0	1.0	0.166	1.0	0.5112474437627812	0.8542441572661685	1.0	0.9683628052447973	1.0
TENM4	1	0	0	1.0	0.401	1.0	0.5125576627370579	0.8551215077606223	1.0	0.9692155803769534	1.0
GRIA4	1	0	0	1.0	0.735	1.0	0.5151983513652756	0.856879600302356	1.0	0.9693923191786573	1.0
ANTXR2	1	0	0	1.0	0.128	1.0	0.5154639175257731	0.8570556562243489	1.0	0.9693923191786573	1.0
COG5	1	0	0	1.0	0.154	1.0	0.5167958656330749	0.8579366028329432	1.0	0.9693923191786573	1.0
NFATC2	1	0	0	1.0	0.17600000000000002	1.0	0.5170630816959669	0.858112925041935	1.0	0.9693923191786573	1.0
GRIP1	1	0	0	1.0	0.627	1.0	0.5170630816959669	0.858112925041935	1.0	0.9693923191786573	1.0
SP6	1	0	0	1.0	0.096	1.0	0.5178663904712584	0.8586421561089475	1.0	0.9693923191786573	1.0
SLC30A7	1	0	0	1.0	0.725	1.0	0.5186721991701245	0.8591717822553704	1.0	0.9693923191786573	1.0
MYO5A	2	0	0	1.0	0.35100000000000003	1.0	0.5205622071837585	0.8604091013984485	1.0	0.9707190814775257	1.0
OXLD1	1	0	0	1.0	0.048	1.0	0.5211047420531527	0.8607630104354158	1.0	0.9707190814775257	1.0
FBXO45	1	0	0	1.0	0.31	1.0	0.522466039707419	0.861648533453899	1.0	0.9710628442232531	1.0
KIF6	1	0	0	1.0	0.111	1.0	0.5230125523012552	0.8620030411240636	1.0	0.9710628442232531	1.0
RNASEH2C	1	0	0	1.0	0.095	1.0	0.5260389268805892	0.8639558461369239	1.0	0.9744995853837167	1.0
GULP1	1	0	0	1.0	0.126	1.0	0.526592943654555	0.8643114438284092	1.0	0.9744995853837167	1.0
SKI	1	0	0	1.0	0.153	1.0	0.5310674455655868	0.8671621081651701	1.0	0.9783240883009106	1.0
XPNPEP2	1	0	0	1.0	0.127	1.0	0.5313496280552603	0.867340616983628	1.0	0.9783240883009106	1.0
LACTB	1	0	0	1.0	0.152	1.0	0.532197977647685	0.867876381283304	1.0	0.9783240883009106	1.0
KIF5B	1	0	0	1.0	0.255	1.0	0.5327650506126798	0.8682337547172998	1.0	0.9783240883009106	1.0
STON1-GTF2A1L	1	0	0	1.0	0.049	1.0	0.5359056806002144	0.8702020913318071	1.0	0.9783240883009106	1.0
ADRBK1	1	0	0	1.0	0.657	1.0	0.5361930294906166	0.8703812617135543	1.0	0.9783240883009106	1.0
DIAPH1	1	0	0	1.0	0.242	1.0	0.5370569280343717	0.8709190004591167	1.0	0.9783240883009106	1.0
ITGB8	1	0	0	1.0	0.444	1.0	0.537345513164965	0.8710983222246715	1.0	0.9783240883009106	1.0
ROBO3	1	0	0	1.0	0.034	1.0	0.5396654074473827	0.8725342403147451	1.0	0.9783240883009106	1.0
PER3	1	0	0	1.0	0.14	1.0	0.5411255411255411	0.8734328859412838	1.0	0.9783240883009106	1.0
MTTP	1	0	0	1.0	0.28800000000000003	1.0	0.5422993492407809	0.8741524539774415	1.0	0.9783240883009106	1.0
CAMSAP3	1	0	0	1.0	0.262	1.0	0.5443658138268916	0.8754130681725577	1.0	0.9783240883009106	1.0
ZCCHC3	1	0	0	1.0	0.267	1.0	0.5443658138268916	0.8754130681725577	1.0	0.9783240883009106	1.0
ARHGAP33	1	0	0	1.0	0.013999999999999999	1.0	0.5449591280653951	0.8757735594041056	1.0	0.9783240883009106	1.0
FBXO2	1	0	0	1.0	0.214	1.0	0.5467468562055768	0.8768558608030228	1.0	0.9783240883009106	1.0
SCCPDH	1	0	0	1.0	0.22	1.0	0.5485463521667581	0.8779393832674306	1.0	0.9783240883009106	1.0
MTF2	1	0	0	1.0	0.17800000000000002	1.0	0.5488474204171241	0.8781200871776985	1.0	0.9783240883009106	1.0
A2M	1	0	0	1.0	0.28	1.0	0.5506607929515418	0.8792050000986242	1.0	0.9783240883009106	1.0
SLC35E3	1	0	0	1.0	0.306	1.0	0.5506607929515418	0.8792050000986242	1.0	0.9783240883009106	1.0
EMC9	1	0	0	1.0	0.267	1.0	0.5518763796909493	0.8799289225280286	1.0	0.9783240883009106	1.0
COL22A1	1	0	0	1.0	0.126	1.0	0.5518763796909493	0.8799289225280286	1.0	0.9783240883009106	1.0
TREML4	1	0	0	1.0	0.111	1.0	0.5537098560354374	0.8810157558110707	1.0	0.9783240883009106	1.0
CROT	1	0	0	1.0	0.084	1.0	0.5537098560354374	0.8810157558110707	1.0	0.9783240883009106	1.0
ZBTB9	1	0	0	1.0	0.10400000000000001	1.0	0.5561735261401557	0.8824665940208167	1.0	0.9783240883009106	1.0
IPO11	1	0	0	1.0	0.025	1.0	0.5567928730512249	0.8828296046102494	1.0	0.9783240883009106	1.0
USP40	1	0	0	1.0	0.067	1.0	0.5574136008918618	0.8831927333537372	1.0	0.9783240883009106	1.0
ASXL3	1	0	0	1.0	0.07400000000000001	1.0	0.5574136008918618	0.8831927333537372	1.0	0.9783240883009106	1.0
SLC37A1	1	0	0	1.0	0.081	1.0	0.5577244841048522	0.8833743416748443	1.0	0.9783240883009106	1.0
OR4C6	3	0	0	1.0	0.214	1.0	0.5580357142857143	0.8835559791030909	1.0	0.9783240883009106	1.0
ADAD2	1	0	0	1.0	0.008	1.0	0.5580357142857143	0.8835559791030909	1.0	0.9783240883009106	1.0
USP1	1	0	0	1.0	0.166	1.0	0.5586592178770949	0.883919340699812	1.0	0.9783240883009106	1.0
SERINC1	1	0	0	1.0	0.192	1.0	0.5595970900951315	0.8844645977489037	1.0	0.9783240883009106	1.0
PIGR	1	0	0	1.0	0.284	1.0	0.5595970900951315	0.8844645977489037	1.0	0.9783240883009106	1.0
NASP	1	0	0	1.0	0.077	1.0	0.5599104143337066	0.8846464067493321	1.0	0.9783240883009106	1.0
HORMAD1	2	0	0	1.0	0.16	1.0	0.5599104143337066	0.8846464067493321	1.0	0.9783240883009106	1.0
GPR37	1	0	0	1.0	0.136	1.0	0.5599104143337066	0.8846464067493321	1.0	0.9783240883009106	1.0
BAHD1	2	0	0	1.0	0.2655	1.0	0.5608524957936063	0.8851920016158179	1.0	0.9784531931259973	1.0
CD97	1	0	0	1.0	0.106	1.0	0.562429696287964	0.8861018768794785	1.0	0.9794234176923672	1.0
CIRH1A	1	0	0	1.0	0.313	1.0	0.5633802816901409	0.8866481255928896	1.0	0.9794234176923672	1.0
USP39	1	0	0	1.0	0.276	1.0	0.5640157924421884	0.8870124236277895	1.0	0.9794234176923672	1.0
KCNMA1	1	0	0	1.0	0.321	1.0	0.5659309564233164	0.888105938504561	1.0	0.9812372121370424	1.0
SNW1	1	0	0	1.0	0.5870000000000001	1.0	0.5691519635742743	0.8899304548690724	1.0	0.9849160155908622	1.0
MTO1	1	0	0	1.0	0.20199999999999999	1.0	0.5698005698005698	0.890295644967424	1.0	0.9849160155908622	1.0
ATM	1	0	0	1.0	0.057999999999999996	1.0	0.5707762557077626	0.890843603033219	1.0	0.9850916388708246	1.0
ARMC3	1	0	0	1.0	0.127	1.0	0.5724098454493417	0.8917573160571949	1.0	0.9860233163455018	1.0
LRRC36	1	0	0	1.0	0.163	1.0	0.5730659025787965	0.8921229545297367	1.0	0.9860233163455018	1.0
SNX25	1	0	0	1.0	0.371	1.0	0.5743825387708213	0.8928544863791223	1.0	0.9867821969431642	1.0
HTR5A	1	0	0	1.0	0.618	1.0	0.576036866359447	0.8937693641924875	1.0	0.9877543007190361	1.0
LANCL3	1	0	0	1.0	0.111	1.0	0.5767012687427913	0.8941354546472607	1.0	0.9877543007190361	1.0
NSD1	2	0	0	1.0	0.233	1.0	0.580046403712297	0.8959670372630518	1.0	0.9889747306864731	1.0
DLGAP5	1	0	0	1.0	0.084	1.0	0.580046403712297	0.8959670372630518	1.0	0.9889747306864731	1.0
BANP	1	0	0	1.0	0.353	1.0	0.580046403712297	0.8959670372630518	1.0	0.9889747306864731	1.0
RBBP5	1	0	0	1.0	0.23399999999999999	1.0	0.5824111822947	0.8972501933112047	1.0	0.9915066502207355	1.0
CSMD1	3	0	0	1.0	0.3146666666666667	1.0	0.5847953216374269	0.8985341348038411	1.0	0.9940638423610559	1.0
WNK3	2	0	0	1.0	0.15	1.0	0.5878894767783657	0.9001859573272927	1.0	0.9973972092348184	1.0
SEC24C	1	0	0	1.0	0.295	1.0	0.5892751915144372	0.9009204397478427	1.0	0.9973972092348184	1.0
CREB5	1	0	0	1.0	0.09	1.0	0.589622641509434	0.9011040904302543	1.0	0.9973972092348184	1.0
KATNAL2	1	0	0	1.0	0.073	1.0	0.5910165484633569	0.9018388068463543	1.0	0.9973972092348184	1.0
OR5H1	1	0	0	1.0	0.16	1.0	0.5913660555884093	0.9020225132563237	1.0	0.9973972092348184	1.0
AIRE	3	0	0	1.0	0.162	1.0	0.5920663114268798	0.9023899572680065	1.0	0.9973972092348184	1.0
NCOA4	1	0	0	1.0	0.028999999999999998	1.0	0.5945303210463734	0.9036763148339811	1.0	1.0	1.0
MTMR7	1	0	0	1.0	0.31	1.0	0.5955926146515783	0.904227741569627	1.0	1.0	1.0
YARS2	1	0	0	1.0	0.076	1.0	0.5980861244019139	0.9055146618794916	1.0	1.0	1.0
TMEM229A	1	0	0	1.0	0.145	1.0	0.5991611743559018	0.9060662939962241	1.0	1.0	1.0
LAMA2	2	0	0	1.0	0.27399999999999997	1.0	0.5991611743559018	0.9060662939962241	1.0	1.0	1.0
HRK	1	0	0	1.0	0.263	1.0	0.5998800239952009	0.9064340754461049	1.0	1.0	1.0
GIT2	1	0	0	1.0	0.27899999999999997	1.0	0.6006006006006006	0.9068018759353796	1.0	1.0	1.0
IRX3	1	0	0	1.0	0.062	1.0	0.6013229104028863	0.9071696934520689	1.0	1.0	1.0
KCND2	1	0	0	1.0	0.322	1.0	0.6027727546714888	0.907905371433579	1.0	1.0	1.0
TTK	1	0	0	1.0	0.048	1.0	0.6042296072507553	0.9086410929480521	1.0	1.0	1.0
CYP1A1	1	0	0	1.0	0.131	1.0	0.6067961165048543	0.9099286598830582	1.0	1.0	1.0
SHOX2	1	0	0	1.0	0.324	1.0	0.6082725060827251	0.9106644140109418	1.0	1.0	1.0
RAF1	1	0	0	1.0	0.11	1.0	0.6086427267194157	0.9108483500031229	1.0	1.0	1.0
NHS	1	0	0	1.0	0.034	1.0	0.6093845216331505	0.9112162170066751	1.0	1.0	1.0
MED14	1	0	0	1.0	0.406	1.0	0.6116207951070336	0.9123197580117532	1.0	1.0	1.0
WDFY4	2	0	0	1.0	0.256	1.0	0.6150061500615006	0.9139747915901715	1.0	1.0	1.0
RIMS1	1	0	0	1.0	0.027000000000000003	1.0	0.6157635467980296	0.9143425133863832	1.0	1.0	1.0
ACE	1	0	0	1.0	0.445	1.0	0.6165228113440198	0.9147102069625285	1.0	1.0	1.0
CLDN14	2	0	0	1.0	0.1495	1.0	0.6176652254478073	0.9152616891263113	1.0	1.0	1.0
PLXND1	1	0	0	1.0	0.08900000000000001	1.0	0.6188118811881188	0.9158130941206086	1.0	1.0	1.0
GPR115	1	0	0	1.0	0.044000000000000004	1.0	0.6188118811881188	0.9158130941206086	1.0	1.0	1.0
GPT2	1	0	0	1.0	0.29	1.0	0.6191950464396285	0.9159968771979071	1.0	1.0	1.0
ABCA5	1	0	0	1.0	0.222	1.0	0.6195786864931846	0.9161806504632943	1.0	1.0	1.0
TRMT6	1	0	0	1.0	0.077	1.0	0.6199628022318661	0.9163644136038883	1.0	1.0	1.0
PIK3CA	1	0	0	1.0	0.32299999999999995	1.0	0.6215040397762586	0.917099358614199	1.0	1.0	1.0
CCDC142	1	0	0	1.0	0.059000000000000004	1.0	0.6215040397762586	0.917099358614199	1.0	1.0	1.0
PTGDR2	1	0	0	1.0	0.026000000000000002	1.0	0.6226650062266501	0.9176504455321108	1.0	1.0	1.0
PCOLCE	1	0	0	1.0	0.069	1.0	0.6242197253433208	0.9183850490924891	1.0	1.0	1.0
ERBB2	1	0	0	1.0	0.146	1.0	0.6253908692933083	0.9189358560674279	1.0	1.0	1.0
OTUD4	1	0	0	1.0	0.19	1.0	0.6277463904582549	0.9200370564519218	1.0	1.0	1.0
ADAM17	1	0	0	1.0	0.21600000000000003	1.0	0.6309148264984227	0.9215043579364315	1.0	1.0	1.0
SPAG11A	1	0	0	1.0	0.083	1.0	0.6313131313131313	0.92168768522237	1.0	1.0	1.0
NEIL3	1	0	0	1.0	0.027999999999999997	1.0	0.6317119393556538	0.9218709923555749	1.0	1.0	1.0
EPHA5	1	0	0	1.0	0.31	1.0	0.6321112515802781	0.9220542789794325	1.0	1.0	1.0
SELP	1	0	0	1.0	0.034	1.0	0.6329113924050633	0.9224207892651111	1.0	1.0	1.0
HIST1H1C	1	0	0	1.0	0.395	1.0	0.6333122229259025	0.9226040122061463	1.0	1.0	1.0
SELL	1	0	0	1.0	0.08800000000000001	1.0	0.6345177664974619	0.9231535478652839	1.0	1.0	1.0
AMT	1	0	0	1.0	0.19699999999999998	1.0	0.6369426751592356	0.9242519868536412	1.0	1.0	1.0
CARD10	2	0	0	1.0	0.126	1.0	0.6385696040868455	0.9249837787794453	1.0	1.0	1.0
TOR1AIP2	1	0	0	1.0	0.035	1.0	0.6426735218508998	0.9268113276068123	1.0	1.0	1.0
FAM169B	1	0	0	1.0	0.11800000000000001	1.0	0.6426735218508998	0.9268113276068123	1.0	1.0	1.0
LMOD3	1	0	0	1.0	0.069	1.0	0.6451612903225806	0.9279064070523582	1.0	1.0	1.0
TUBB	1	0	0	1.0	0.382	1.0	0.6455777921239509	0.9280888066073154	1.0	1.0	1.0
ADAMTSL1	1	0	0	1.0	0.10300000000000001	1.0	0.6480881399870383	0.9291824843687776	1.0	1.0	1.0
RING1	1	0	0	1.0	0.191	1.0	0.6561679790026247	0.9326367829819255	1.0	1.0	1.0
ZBTB10	1	0	0	1.0	0.04	1.0	0.6565988181221274	0.9328181706585849	1.0	1.0	1.0
PTCD3	1	0	0	1.0	0.09699999999999999	1.0	0.6574621959237343	0.933180810833107	1.0	1.0	1.0
GNL3L	2	0	0	1.0	0.113	1.0	0.6574621959237343	0.933180810833107	1.0	1.0	1.0
CWC22	1	0	0	1.0	0.151	1.0	0.6578947368421053	0.9333620624067007	1.0	1.0	1.0
RDH10	1	0	0	1.0	0.122	1.0	0.6587615283267457	0.933724426201211	1.0	1.0	1.0
CENPP	1	0	0	1.0	0.006999999999999999	1.0	0.6626905235255136	0.9353526705008031	1.0	1.0	1.0
ARHGAP19	1	0	0	1.0	0.225	1.0	0.6648936170212766	0.9362554691008298	1.0	1.0	1.0
ZNF836	1	0	0	1.0	0.055999999999999994	1.0	0.6653359946773121	0.936435868776339	1.0	1.0	1.0
ITPR1	2	0	0	1.0	0.165	1.0	0.66711140760507	0.9371569173585461	1.0	1.0	1.0
MKI67	1	0	0	1.0	0.015	1.0	0.6688963210702341	0.9378770614332106	1.0	1.0	1.0
CDHR1	1	0	0	1.0	0.094	1.0	0.6702412868632708	0.9384165561538667	1.0	1.0	1.0
PDS5A	1	0	0	1.0	0.344	1.0	0.6724949562878278	0.939314504020187	1.0	1.0	1.0
BIRC2	2	0	0	1.0	0.0955	1.0	0.6743088334457181	0.9400317351016825	1.0	1.0	1.0
IGF2BP2	1	0	0	1.0	0.20199999999999999	1.0	0.675219446320054	0.9403899630558148	1.0	1.0	1.0
PCSK5	1	0	0	1.0	0.040999999999999995	1.0	0.6765899864682002	0.9409268082043369	1.0	1.0	1.0
CEP290	1	0	0	1.0	0.182	1.0	0.6770480704129993	0.9411056219019924	1.0	1.0	1.0
MAGEB10	1	0	0	1.0	0.026000000000000002	1.0	0.6775067750677507	0.9412843673294585	1.0	1.0	1.0
CCT8L2	1	0	0	1.0	0.078	1.0	0.6798096532970768	0.9421770507269208	1.0	1.0	1.0
IL17REL	1	0	0	1.0	0.05	1.0	0.6807351940095303	0.9425336264069029	1.0	1.0	1.0
ATAD3B	1	0	0	1.0	0.106	1.0	0.6854009595613434	0.9443120421800196	1.0	1.0	1.0
DNASE2B	1	0	0	1.0	0.061	1.0	0.6858710562414266	0.944489460621719	1.0	1.0	1.0
RBP1	1	0	0	1.0	0.081	1.0	0.6887052341597796	0.9455522840238322	1.0	1.0	1.0
SLC25A5	1	0	0	1.0	0.386	1.0	0.6887052341597796	0.9455522840238322	1.0	1.0	1.0
PCDHGA9	1	0	0	1.0	0.07200000000000001	1.0	0.6896551724137931	0.9459059009879194	1.0	1.0	1.0
SEC16A	1	0	0	1.0	0.073	1.0	0.6925207756232687	0.9469647094671985	1.0	1.0	1.0
GRAMD1B	1	0	0	1.0	0.086	1.0	0.6944444444444444	0.9476688288804925	1.0	1.0	1.0
SLC26A6	1	0	0	1.0	0.049	1.0	0.6958942240779401	0.9481959687521836	1.0	1.0	1.0
FLT3LG	1	0	0	1.0	0.149	1.0	0.697350069735007	0.9487222748796574	1.0	1.0	1.0
RACGAP1	1	0	0	1.0	0.09699999999999999	1.0	0.6978367062107467	0.9488975218744137	1.0	1.0	1.0
GRIK4	1	0	0	1.0	0.35	1.0	0.6997900629811057	0.9495975499984117	1.0	1.0	1.0
SNRNP200	1	0	0	1.0	0.272	1.0	0.702247191011236	0.9504703742905787	1.0	1.0	1.0
ALDH1B1	1	0	0	1.0	0.028999999999999998	1.0	0.7037297677691766	0.9509928565200307	1.0	1.0	1.0
ZNF699	1	0	0	1.0	0.075	1.0	0.7057163020465773	0.951688045665874	1.0	1.0	1.0
CEP170B	1	0	0	1.0	0.052000000000000005	1.0	0.7057163020465773	0.951688045665874	1.0	1.0	1.0
FZD8	1	0	0	1.0	0.14800000000000002	1.0	0.7127583749109052	0.9541074847614568	1.0	1.0	1.0
DAK	1	0	0	1.0	0.11	1.0	0.7132667617689016	0.9542794497948633	1.0	1.0	1.0
LETMD1	1	0	0	1.0	0.092	1.0	0.7173601147776184	0.9556508696831651	1.0	1.0	1.0
PRRC2B	1	0	0	1.0	0.084	1.0	0.7173601147776184	0.9556508696831651	1.0	1.0	1.0
CHMP6	1	0	0	1.0	0.23800000000000002	1.0	0.7220216606498195	0.9571842163460663	1.0	1.0	1.0
PPFIA1	1	0	0	1.0	0.13699999999999998	1.0	0.7256894049346879	0.9583695011549106	1.0	1.0	1.0
PPM1H	1	0	0	1.0	0.064	1.0	0.7299270072992701	0.9597158684963749	1.0	1.0	1.0
GABPA	1	0	0	1.0	0.28	1.0	0.7326007326007326	0.9605526949721048	1.0	1.0	1.0
ZNF525	1	0	0	1.0	0.042	1.0	0.7326007326007326	0.9605526949721048	1.0	1.0	1.0
XPO1	1	0	0	1.0	0.532	1.0	0.7396449704142012	0.9627107822638848	1.0	1.0	1.0
EPT1	2	0	0	1.0	0.27449999999999997	1.0	0.7396449704142012	0.9627107822638848	1.0	1.0	1.0
CRB1	1	0	0	1.0	0.12300000000000001	1.0	0.7418397626112759	0.9633694454674446	1.0	1.0	1.0
IL36A	1	0	0	1.0	0.019	1.0	0.7485029940119761	0.965329397540759	1.0	1.0	1.0
C16orf78	1	0	0	1.0	0.055	1.0	0.7507507507507507	0.9659771562448929	1.0	1.0	1.0
NISCH	1	0	0	1.0	0.078	1.0	0.7524454477050414	0.9664610833191184	1.0	1.0	1.0
GJA1	1	0	0	1.0	0.051	1.0	0.7616146230007617	0.9690134008535104	1.0	1.0	1.0
PPP2R5D	1	0	0	1.0	0.105	1.0	0.764525993883792	0.9698006521674365	1.0	1.0	1.0
P2RY13	1	0	0	1.0	0.059000000000000004	1.0	0.7656967840735069	0.9701141124458188	1.0	1.0	1.0
FANCM	1	0	0	1.0	0.057	1.0	0.7680491551459293	0.970738512892763	1.0	1.0	1.0
C1QTNF1	1	0	0	1.0	0.064	1.0	0.7704160246533128	0.9713594902017706	1.0	1.0	1.0
KREMEN1	1	0	0	1.0	0.05	1.0	0.7733952049497294	0.9721307809665278	1.0	1.0	1.0
DICER1	1	0	0	1.0	0.09300000000000001	1.0	0.7824726134585289	0.9744102941747598	1.0	1.0	1.0
ZNF483	1	0	0	1.0	0.043	1.0	0.7867820613690008	0.9754555406823895	1.0	1.0	1.0
DOCK7	2	0	0	1.0	0.3165	1.0	0.7905138339920948	0.9763415985608566	1.0	1.0	1.0
NOV	1	0	0	1.0	0.106	1.0	0.796812749003984	0.9777972689910336	1.0	1.0	1.0
NACC1	1	0	0	1.0	0.024	1.0	0.7974481658692185	0.9779413414758604	1.0	1.0	1.0
RYR2	1	0	0	1.0	0.094	1.0	0.8019246190858059	0.9789419941442657	1.0	1.0	1.0
RPGR	2	0	0	1.0	0.0345	1.0	0.8051529790660226	0.9796481348722118	1.0	1.0	1.0
RORA	2	0	0	1.0	0.13	1.0	0.8064516129032258	0.9799285319491495	1.0	1.0	1.0
GATA3	1	0	0	1.0	0.266	1.0	0.8097165991902834	0.9806242672712069	1.0	1.0	1.0
SCN9A	2	0	0	1.0	0.239	1.0	0.8103727714748784	0.980762500391569	1.0	1.0	1.0
NFKBIL1	1	0	0	1.0	0.08900000000000001	1.0	0.8136696501220505	0.9814490077981267	1.0	1.0	1.0
PDE3A	2	0	0	1.0	0.055999999999999994	1.0	0.8183306055646481	0.9823967763906739	1.0	1.0	1.0
LDLR	1	0	0	1.0	0.071	1.0	0.8183306055646481	0.9823967763906739	1.0	1.0	1.0
RNF213	2	0	0	1.0	0.021	1.0	0.8216926869350862	0.9830639391991701	1.0	1.0	1.0
SART1	1	0	0	1.0	0.159	1.0	0.8278145695364238	0.984243459861443	1.0	1.0	1.0
PIM3	1	0	0	1.0	0.10099999999999999	1.0	0.8361204013377926	0.9857714511107358	1.0	1.0	1.0
CTAGE1	1	0	0	1.0	0.040999999999999995	1.0	0.8396305625524769	0.9863923512788942	1.0	1.0	1.0
DNMT1	3	0	0	1.0	0.19333333333333333	1.0	0.8417508417508418	0.9867602869869134	1.0	1.0	1.0
ZNF697	2	0	0	1.0	0.1105	1.0	0.8453085376162299	0.9873656677905746	1.0	1.0	1.0
DDX17	1	0	0	1.0	0.098	1.0	0.8460236886632826	0.9874855490557585	1.0	1.0	1.0
ZNF469	1	0	0	1.0	0.027999999999999997	1.0	0.8643042350907519	0.9903461090851681	1.0	1.0	1.0
SRCAP	2	0	0	1.0	0.0155	1.0	0.8695652173913043	0.9910973411957902	1.0	1.0	1.0
PCDH15	2	0	0	1.0	0.016	1.0	0.8695652173913043	0.9910973411957902	1.0	1.0	1.0
ZFC3H1	2	0	0	1.0	0.055	1.0	0.8741258741258742	0.991722808529376	1.0	1.0	1.0
RPL26	1	0	0	1.0	0.607	1.0	0.8795074758135444	0.9924302680460853	1.0	1.0	1.0
CKAP5	1	0	0	1.0	0.077	1.0	0.8873114463176575	0.9933977240972841	1.0	1.0	1.0
NT5C1B	2	0	0	1.0	0.0575	1.0	0.8880994671403197	0.9934915894471569	1.0	1.0	1.0
ACTR8	2	0	0	1.0	0.034	1.0	0.8944543828264758	0.9942230543228152	1.0	1.0	1.0
CHST2	2	0	0	1.0	0.048499999999999995	1.0	0.9025270758122743	0.995087173578603	1.0	1.0	1.0
RGPD4	2	0	0	1.0	0.0275	1.0	0.9149130832570905	0.9962728354935055	1.0	1.0	1.0
NDRG3	1	0	0	1.0	0.0	1.0	1.0	1.0	1.0	1.0	1.0
SPEN	1	0	0	1.0	0.0	1.0	1.0	1.0	1.0	1.0	1.0
TRPS1	1	0	0	1.0	0.0	1.0	1.0	1.0	1.0	1.0	1.0
TUSC3	1	0	0	1.0	0.0	1.0	1.0	1.0	1.0	1.0	1.0
YTHDF3	1	0	0	1.0	0.0	1.0	1.0	1.0	1.0	1.0	1.0
BCL9	1	0	0	1.0	0.0	1.0	1.0	1.0	1.0	1.0	1.0
TMEM65	1	0	0	1.0	0.0	1.0	1.0	1.0	1.0	1.0	1.0
SLC39A6	1	0	0	1.0	0.0	1.0	1.0	1.0	1.0	1.0	1.0
NCOA3	1	0	0	1.0	0.0	1.0	1.0	1.0	1.0	1.0	1.0
PAX1	1	0	0	1.0	0.0	1.0	1.0	1.0	1.0	1.0	1.0
EPB41	1	0	0	1.0	0.0	1.0	1.0	1.0	1.0	1.0	1.0
SGK223	1	0	0	1.0	0.0	1.0	1.0	1.0	1.0	1.0	1.0
PKD2L1	1	0	0	1.0	0.0	1.0	1.0	1.0	1.0	1.0	1.0
RP1L1	1	0	0	1.0	0.0	1.0	1.0	1.0	1.0	1.0	1.0
NTNG1	1	0	0	1.0	0.0	1.0	1.0	1.0	1.0	1.0	1.0
PTP4A3	1	0	0	1.0	0.0	1.0	1.0	1.0	1.0	1.0	1.0
NOTCH2	1	0	0	1.0	0.0	1.0	1.0	1.0	1.0	1.0	1.0
KCNS1	1	0	0	1.0	0.0	1.0	1.0	1.0	1.0	1.0	1.0
MACF1	1	0	0	1.0	0.0	1.0	1.0	1.0	1.0	1.0	1.0
MFSD4	1	0	0	1.0	0.0	1.0	1.0	1.0	1.0	1.0	1.0
KCND3	1	0	0	1.0	0.0	1.0	1.0	1.0	1.0	1.0	1.0
PPP1R14D	1	0	0	1.0	0.0	1.0	1.0	1.0	1.0	1.0	1.0
ADAMTSL4	1	0	0	1.0	0.0	1.0	1.0	1.0	1.0	1.0	1.0
HAPLN2	1	0	0	1.0	0.0	1.0	1.0	1.0	1.0	1.0	1.0
SV2B	1	0	0	1.0	0.0	1.0	1.0	1.0	1.0	1.0	1.0
GNPAT	1	0	0	1.0	0.0	1.0	1.0	1.0	1.0	1.0	1.0
MESP2	1	0	0	1.0	0.0	1.0	1.0	1.0	1.0	1.0	1.0
EEF1A2	1	0	0	1.0	0.0	1.0	1.0	1.0	1.0	1.0	1.0
LRRK1	1	0	0	1.0	0.0	1.0	1.0	1.0	1.0	1.0	1.0
FUCA1	1	0	0	1.0	0.0	1.0	1.0	1.0	1.0	1.0	1.0
GRID1	1	0	0	1.0	0.0	1.0	1.0	1.0	1.0	1.0	1.0
KIF14	1	0	0	1.0	0.0	1.0	1.0	1.0	1.0	1.0	1.0
KISS1	1	0	0	1.0	0.0	1.0	1.0	1.0	1.0	1.0	1.0
GART	1	0	0	1.0	0.0	1.0	1.0	1.0	1.0	1.0	1.0
LHX8	1	0	0	1.0	0.0	1.0	1.0	1.0	1.0	1.0	1.0
LMO4	1	0	0	1.0	0.0	1.0	1.0	1.0	1.0	1.0	1.0
FPGT-TNNI3K	1	0	0	1.0	0.0	1.0	1.0	1.0	1.0	1.0	1.0
DISP2	1	0	0	1.0	0.0	1.0	1.0	1.0	1.0	1.0	1.0
LOR	1	0	0	1.0	0.0	1.0	1.0	1.0	1.0	1.0	1.0
ARIH1	1	0	0	1.0	0.0	1.0	1.0	1.0	1.0	1.0	1.0
RBM20	1	0	0	1.0	0.0	1.0	1.0	1.0	1.0	1.0	1.0
ADPGK	1	0	0	1.0	0.0	1.0	1.0	1.0	1.0	1.0	1.0
DPYD	1	0	0	1.0	0.0	1.0	1.0	1.0	1.0	1.0	1.0
PHLPP1	1	0	0	1.0	0.0	1.0	1.0	1.0	1.0	1.0	1.0
UQCC1	1	0	0	1.0	0.0	1.0	1.0	1.0	1.0	1.0	1.0
CD46	1	0	0	1.0	0.0	1.0	1.0	1.0	1.0	1.0	1.0
NAA16	1	0	0	1.0	0.0	1.0	1.0	1.0	1.0	1.0	1.0
CELF3	1	0	0	1.0	0.0	1.0	1.0	1.0	1.0	1.0	1.0
ADAM32	1	0	0	1.0	0.0	1.0	1.0	1.0	1.0	1.0	1.0
TNR	1	0	0	1.0	0.0	1.0	1.0	1.0	1.0	1.0	1.0
GPC5	1	0	0	1.0	0.0	1.0	1.0	1.0	1.0	1.0	1.0
BEND4	1	0	0	1.0	0.0	1.0	1.0	1.0	1.0	1.0	1.0
ATP8A2	1	0	0	1.0	0.0	1.0	1.0	1.0	1.0	1.0	1.0
TMEM82	1	0	0	1.0	0.0	1.0	1.0	1.0	1.0	1.0	1.0
CCDC18	1	1	0	0.0	0.0	1.0	1.0	1.0	1.0	1.0	1.0
TCHH	1	0	0	1.0	0.0	1.0	1.0	1.0	1.0	1.0	1.0
PUM1	1	0	0	1.0	0.0	1.0	1.0	1.0	1.0	1.0	1.0
TXK	1	0	0	1.0	0.0	1.0	1.0	1.0	1.0	1.0	1.0
LRP5L	1	0	0	1.0	0.0	1.0	1.0	1.0	1.0	1.0	1.0
EIF4E	1	0	0	1.0	0.0	1.0	1.0	1.0	1.0	1.0	1.0
PHF21B	1	0	0	1.0	0.0	1.0	1.0	1.0	1.0	1.0	1.0
THOC5	1	0	0	1.0	0.0	1.0	1.0	1.0	1.0	1.0	1.0
PCDH18	1	0	0	1.0	0.0	1.0	1.0	1.0	1.0	1.0	1.0
DNAH14	1	0	0	1.0	0.0	1.0	1.0	1.0	1.0	1.0	1.0
SLC30A1	1	0	0	1.0	0.0	1.0	1.0	1.0	1.0	1.0	1.0
PROX1	1	0	0	1.0	0.0	1.0	1.0	1.0	1.0	1.0	1.0
ANK1	1	0	0	1.0	0.0	1.0	1.0	1.0	1.0	1.0	1.0
HIC2	1	0	0	1.0	0.0	1.0	1.0	1.0	1.0	1.0	1.0
ATP6V1H	1	0	0	1.0	0.0	1.0	1.0	1.0	1.0	1.0	1.0
DENND2C	1	0	0	1.0	0.0	1.0	1.0	1.0	1.0	1.0	1.0
VPS16	1	0	0	1.0	0.0	1.0	1.0	1.0	1.0	1.0	1.0
SKIDA1	2	0	0	1.0	0.0	1.0	1.0	1.0	1.0	1.0	1.0
ZMYND8	1	0	0	1.0	0.0	1.0	1.0	1.0	1.0	1.0	1.0
OR10K1	1	0	0	1.0	0.0	1.0	1.0	1.0	1.0	1.0	1.0
PEX19	1	0	0	1.0	0.0	1.0	1.0	1.0	1.0	1.0	1.0
GNAL	1	0	0	1.0	0.0	1.0	1.0	1.0	1.0	1.0	1.0
PGD	1	0	0	1.0	0.0	1.0	1.0	1.0	1.0	1.0	1.0
FBXO16	1	0	0	1.0	0.0	1.0	1.0	1.0	1.0	1.0	1.0
FAM83H	1	0	0	1.0	0.0	1.0	1.0	1.0	1.0	1.0	1.0
UBR4	1	0	0	1.0	0.0	1.0	1.0	1.0	1.0	1.0	1.0
FAM83A	1	0	0	1.0	0.0	1.0	1.0	1.0	1.0	1.0	1.0
DSG2	1	0	0	1.0	0.0	1.0	1.0	1.0	1.0	1.0	1.0
CSF2RB	1	0	0	1.0	0.0	1.0	1.0	1.0	1.0	1.0	1.0
TAF3	1	0	0	1.0	0.0	1.0	1.0	1.0	1.0	1.0	1.0
TOR1AIP1	1	0	0	1.0	0.0	1.0	1.0	1.0	1.0	1.0	1.0
TCERG1L	1	0	0	1.0	0.0	1.0	1.0	1.0	1.0	1.0	1.0
PRELP	1	0	0	1.0	0.0	1.0	1.0	1.0	1.0	1.0	1.0
CALB1	1	0	0	1.0	0.0	1.0	1.0	1.0	1.0	1.0	1.0
BHLHE22	2	0	0	1.0	0.0	1.0	1.0	1.0	1.0	1.0	1.0
TET1	2	0	0	1.0	0.0	1.0	1.0	1.0	1.0	1.0	1.0
SOGA1	1	0	0	1.0	0.0	1.0	1.0	1.0	1.0	1.0	1.0
IL17RA	2	0	0	1.0	0.0	1.0	1.0	1.0	1.0	1.0	1.0
NF1	1	0	0	1.0	0.0	1.0	1.0	1.0	1.0	1.0	1.0
DDIT4	1	0	0	1.0	0.0	1.0	1.0	1.0	1.0	1.0	1.0
WNK1	1	0	0	1.0	0.0	1.0	1.0	1.0	1.0	1.0	1.0
UTP20	1	0	0	1.0	0.0	1.0	1.0	1.0	1.0	1.0	1.0
C2orf74	1	0	0	1.0	0.0	1.0	1.0	1.0	1.0	1.0	1.0
COX5B	1	0	0	1.0	0.0	1.0	1.0	1.0	1.0	1.0	1.0
SETD1B	1	0	0	1.0	0.0	1.0	1.0	1.0	1.0	1.0	1.0
RHOF	1	0	0	1.0	0.0	1.0	1.0	1.0	1.0	1.0	1.0
EVA1A	1	0	0	1.0	0.0	1.0	1.0	1.0	1.0	1.0	1.0
GAL3ST2	1	0	0	1.0	0.0	1.0	1.0	1.0	1.0	1.0	1.0
GAREML	2	0	0	1.0	0.0	1.0	1.0	1.0	1.0	1.0	1.0
TTC3	1	0	0	1.0	0.0	1.0	1.0	1.0	1.0	1.0	1.0
MARS	1	0	0	1.0	0.0	1.0	1.0	1.0	1.0	1.0	1.0
LRRK2	1	0	0	1.0	0.0	1.0	1.0	1.0	1.0	1.0	1.0
HEATR5B	1	0	0	1.0	0.0	1.0	1.0	1.0	1.0	1.0	1.0
IFT172	1	0	0	1.0	0.0	1.0	1.0	1.0	1.0	1.0	1.0
KIF5A	1	0	0	1.0	0.0	1.0	1.0	1.0	1.0	1.0	1.0
KIAA1551	1	0	0	1.0	0.0	1.0	1.0	1.0	1.0	1.0	1.0
ITPR2	1	0	0	1.0	0.0	1.0	1.0	1.0	1.0	1.0	1.0
HNRNPA1	1	0	0	1.0	0.0	1.0	1.0	1.0	1.0	1.0	1.0
ITGA4	2	0	0	1.0	0.0	1.0	1.0	1.0	1.0	1.0	1.0
LRP2	1	0	0	1.0	0.0	1.0	1.0	1.0	1.0	1.0	1.0
NLRC4	1	0	0	1.0	0.0	1.0	1.0	1.0	1.0	1.0	1.0
FGD4	1	0	0	1.0	0.0	1.0	1.0	1.0	1.0	1.0	1.0
PAX8	1	0	0	1.0	0.0	1.0	1.0	1.0	1.0	1.0	1.0
EPS8	1	0	0	1.0	0.0	1.0	1.0	1.0	1.0	1.0	1.0
DDX23	1	0	0	1.0	0.0	1.0	1.0	1.0	1.0	1.0	1.0
ARID5A	1	0	0	1.0	0.0	1.0	1.0	1.0	1.0	1.0	1.0
ANAPC1	1	0	0	1.0	0.0	1.0	1.0	1.0	1.0	1.0	1.0
AGR3	1	0	0	1.0	0.0	1.0	1.0	1.0	1.0	1.0	1.0
AUTS2	1	0	0	1.0	0.0	1.0	1.0	1.0	1.0	1.0	1.0
ADCY2	2	0	0	1.0	0.0	1.0	1.0	1.0	1.0	1.0	1.0
ZNF425	1	0	0	1.0	0.0	1.0	1.0	1.0	1.0	1.0	1.0
ZNF273	1	0	0	1.0	0.0	1.0	1.0	1.0	1.0	1.0	1.0
VWC2	1	0	0	1.0	0.0	1.0	1.0	1.0	1.0	1.0	1.0
TRIP6	1	0	0	1.0	0.0	1.0	1.0	1.0	1.0	1.0	1.0
SLC37A3	1	0	0	1.0	0.0	1.0	1.0	1.0	1.0	1.0	1.0
RBM33	1	0	0	1.0	0.0	1.0	1.0	1.0	1.0	1.0	1.0
RAPGEF5	1	0	0	1.0	0.0	1.0	1.0	1.0	1.0	1.0	1.0
PLXNA4	1	0	0	1.0	0.0	1.0	1.0	1.0	1.0	1.0	1.0
PDK4	1	0	0	1.0	0.0	1.0	1.0	1.0	1.0	1.0	1.0
RBM14-RBM4	1	0	0	1.0	0.0	1.0	1.0	1.0	1.0	1.0	1.0
PARP12	1	0	0	1.0	0.0	1.0	1.0	1.0	1.0	1.0	1.0
DCTN2	1	0	0	1.0	0.0	1.0	1.0	1.0	1.0	1.0	1.0
RBM4B	1	0	0	1.0	0.0	1.0	1.0	1.0	1.0	1.0	1.0
RNF26	1	0	0	1.0	0.0	1.0	1.0	1.0	1.0	1.0	1.0
LRCH4	1	0	0	1.0	0.0	1.0	1.0	1.0	1.0	1.0	1.0
SIAE	1	0	0	1.0	0.0	1.0	1.0	1.0	1.0	1.0	1.0
GTF2I	1	0	0	1.0	0.0	1.0	1.0	1.0	1.0	1.0	1.0
SMTNL1	1	1	0	0.0	0.0	1.0	1.0	1.0	1.0	1.0	1.0
ST14	1	0	0	1.0	0.0	1.0	1.0	1.0	1.0	1.0	1.0
FLNC	1	0	0	1.0	0.0	1.0	1.0	1.0	1.0	1.0	1.0
TMX2	1	0	0	1.0	0.0	1.0	1.0	1.0	1.0	1.0	1.0
DTX2	1	0	0	1.0	0.0	1.0	1.0	1.0	1.0	1.0	1.0
COL1A2	1	0	0	1.0	0.0	1.0	1.0	1.0	1.0	1.0	1.0
CASD1	1	0	0	1.0	0.0	1.0	1.0	1.0	1.0	1.0	1.0
BRAT1	1	0	0	1.0	0.0	1.0	1.0	1.0	1.0	1.0	1.0
MNX1	1	0	0	1.0	0.0	1.0	1.0	1.0	1.0	1.0	1.0
PHF21A	1	0	0	1.0	0.0	1.0	1.0	1.0	1.0	1.0	1.0
PTMA	4	0	0	1.0	0.0	1.0	1.0	1.0	1.0	1.0	1.0
UTRN	2	0	0	1.0	0.0	1.0	1.0	1.0	1.0	1.0	1.0
SLC9C1	1	0	0	1.0	0.0	1.0	1.0	1.0	1.0	1.0	1.0
C17orf70	1	0	0	1.0	0.0	1.0	1.0	1.0	1.0	1.0	1.0
SI	1	0	0	1.0	0.0	1.0	1.0	1.0	1.0	1.0	1.0
SCAP	1	0	0	1.0	0.0	1.0	1.0	1.0	1.0	1.0	1.0
QARS	1	0	0	1.0	0.0	1.0	1.0	1.0	1.0	1.0	1.0
C17orf80	1	0	0	1.0	0.0	1.0	1.0	1.0	1.0	1.0	1.0
LTF	1	0	0	1.0	0.0	1.0	1.0	1.0	1.0	1.0	1.0
HDAC11	1	0	0	1.0	0.0	1.0	1.0	1.0	1.0	1.0	1.0
CCDC40	1	0	0	1.0	0.0	1.0	1.0	1.0	1.0	1.0	1.0
FEZF2	1	0	0	1.0	0.0	1.0	1.0	1.0	1.0	1.0	1.0
DYNC1LI1	1	0	0	1.0	0.0	1.0	1.0	1.0	1.0	1.0	1.0
DNAJC13	1	0	0	1.0	0.0	1.0	1.0	1.0	1.0	1.0	1.0
DNAH2	1	0	0	1.0	0.0	1.0	1.0	1.0	1.0	1.0	1.0
FBXW10	1	0	0	1.0	0.0	1.0	1.0	1.0	1.0	1.0	1.0
ZBTB4	1	0	0	1.0	0.0	1.0	1.0	1.0	1.0	1.0	1.0
UBB	1	0	0	1.0	0.0	1.0	1.0	1.0	1.0	1.0	1.0
FLII	1	0	0	1.0	0.0	1.0	1.0	1.0	1.0	1.0	1.0
TNRC6C	1	0	0	1.0	0.0	1.0	1.0	1.0	1.0	1.0	1.0
SUPT6H	1	0	0	1.0	0.0	1.0	1.0	1.0	1.0	1.0	1.0
SLFN5	1	0	0	1.0	0.0	1.0	1.0	1.0	1.0	1.0	1.0
KCNH4	1	0	0	1.0	0.0	1.0	1.0	1.0	1.0	1.0	1.0
LRRC37A3	1	0	0	1.0	0.0	1.0	1.0	1.0	1.0	1.0	1.0
POLDIP2	1	0	0	1.0	0.0	1.0	1.0	1.0	1.0	1.0	1.0
PLD6	1	0	0	1.0	0.0	1.0	1.0	1.0	1.0	1.0	1.0
PIGS	1	0	0	1.0	0.0	1.0	1.0	1.0	1.0	1.0	1.0
BRIP1	1	0	0	1.0	0.0	1.0	1.0	1.0	1.0	1.0	1.0
TKT	1	0	0	1.0	0.0	1.0	1.0	1.0	1.0	1.0	1.0
BPTF	1	0	0	1.0	0.0	1.0	1.0	1.0	1.0	1.0	1.0
ZBBX	1	0	0	1.0	0.0	1.0	1.0	1.0	1.0	1.0	1.0
TXNDC5	1	0	0	1.0	0.0	1.0	1.0	1.0	1.0	1.0	1.0
TXLNB	1	0	0	1.0	0.0	1.0	1.0	1.0	1.0	1.0	1.0
TNXB	1	0	0	1.0	0.0	1.0	1.0	1.0	1.0	1.0	1.0
TFAP2D	1	0	0	1.0	0.0	1.0	1.0	1.0	1.0	1.0	1.0
SYNE1	1	0	0	1.0	0.0	1.0	1.0	1.0	1.0	1.0	1.0
SLC26A8	2	0	0	1.0	0.0	1.0	1.0	1.0	1.0	1.0	1.0
SLC17A4	1	0	0	1.0	0.0	1.0	1.0	1.0	1.0	1.0	1.0
SCAF8	1	0	0	1.0	0.0	1.0	1.0	1.0	1.0	1.0	1.0
REV3L	1	0	0	1.0	0.0	1.0	1.0	1.0	1.0	1.0	1.0
PTK7	1	0	0	1.0	0.0	1.0	1.0	1.0	1.0	1.0	1.0
PHF3	1	0	0	1.0	0.0	1.0	1.0	1.0	1.0	1.0	1.0
NKAPL	1	0	0	1.0	0.0	1.0	1.0	1.0	1.0	1.0	1.0
C12orf45	1	0	0	1.0	0.0	1.0	1.0	1.0	1.0	1.0	1.0
MSH5	1	0	0	1.0	0.0	1.0	1.0	1.0	1.0	1.0	1.0
LPA	1	0	0	1.0	0.0	1.0	1.0	1.0	1.0	1.0	1.0
HSF2	1	0	0	1.0	0.0	1.0	1.0	1.0	1.0	1.0	1.0
HIST1H3C	1	0	0	1.0	0.0	1.0	1.0	1.0	1.0	1.0	1.0
YWHAQ	2	0	0	1.0	0.0	1.0	1.0	1.0	1.0	1.0	1.0
GPR6	1	0	0	1.0	0.0	1.0	1.0	1.0	1.0	1.0	1.0
FOXP4	1	0	0	1.0	0.0	1.0	1.0	1.0	1.0	1.0	1.0
COL11A2	1	0	0	1.0	0.0	1.0	1.0	1.0	1.0	1.0	1.0
TBC1D32	1	0	0	1.0	0.0	1.0	1.0	1.0	1.0	1.0	1.0
ARID1B	2	0	0	1.0	0.0	1.0	1.0	1.0	1.0	1.0	1.0
APOBEC2	1	0	0	1.0	0.0	1.0	1.0	1.0	1.0	1.0	1.0
ANKRD6	1	0	0	1.0	0.0	1.0	1.0	1.0	1.0	1.0	1.0
AARS2	1	0	0	1.0	0.0	1.0	1.0	1.0	1.0	1.0	1.0
TMEM182	1	0	0	1.0	0.0	1.0	1.0	1.0	1.0	1.0	1.0
ANKLE1	1	0	0	1.0	0.0	1.0	1.0	1.0	1.0	1.0	1.0
OR6A2	1	0	0	1.0	0.0	1.0	1.0	1.0	1.0	1.0	1.0
NRXN2	1	0	0	1.0	0.0	1.0	1.0	1.0	1.0	1.0	1.0
ODF2	1	0	0	1.0	0.0	1.0	1.0	1.0	1.0	1.0	1.0
POU2F2	1	0	0	1.0	0.0	1.0	1.0	1.0	1.0	1.0	1.0
NOTCH1	1	0	0	1.0	0.0	1.0	1.0	1.0	1.0	1.0	1.0
PRKD2	1	0	0	1.0	0.0	1.0	1.0	1.0	1.0	1.0	1.0
MURC	1	0	0	1.0	0.0	1.0	1.0	1.0	1.0	1.0	1.0
KIAA0368	1	0	0	1.0	0.0	1.0	1.0	1.0	1.0	1.0	1.0
HAUS6	1	0	0	1.0	0.0	1.0	1.0	1.0	1.0	1.0	1.0
GSN	1	0	0	1.0	0.0	1.0	1.0	1.0	1.0	1.0	1.0
REEP6	1	0	0	1.0	0.0	1.0	1.0	1.0	1.0	1.0	1.0
SCAF1	1	0	0	1.0	0.0	1.0	1.0	1.0	1.0	1.0	1.0
SIGLEC10	1	0	0	1.0	0.0	1.0	1.0	1.0	1.0	1.0	1.0
SIRT6	1	0	0	1.0	0.0	1.0	1.0	1.0	1.0	1.0	1.0
DFNB31	1	0	0	1.0	0.0	1.0	1.0	1.0	1.0	1.0	1.0
TECR	1	0	0	1.0	0.0	1.0	1.0	1.0	1.0	1.0	1.0
ZNF276	1	0	0	1.0	0.0	1.0	1.0	1.0	1.0	1.0	1.0
TIMM44	1	0	0	1.0	0.0	1.0	1.0	1.0	1.0	1.0	1.0
TMC4	1	0	0	1.0	0.0	1.0	1.0	1.0	1.0	1.0	1.0
WASH4P	1	0	0	1.0	0.0	1.0	1.0	1.0	1.0	1.0	1.0
UBFD1	1	0	0	1.0	0.0	1.0	1.0	1.0	1.0	1.0	1.0
TCEB2	1	0	0	1.0	0.0	1.0	1.0	1.0	1.0	1.0	1.0
SLC9A3R2	1	0	0	1.0	0.0	1.0	1.0	1.0	1.0	1.0	1.0
SH2B1	1	0	0	1.0	0.0	1.0	1.0	1.0	1.0	1.0	1.0
SETD1A	1	0	0	1.0	0.0	1.0	1.0	1.0	1.0	1.0	1.0
RNPS1	1	0	0	1.0	0.0	1.0	1.0	1.0	1.0	1.0	1.0
RLTPR	1	0	0	1.0	0.0	1.0	1.0	1.0	1.0	1.0	1.0
PNPLA6	1	0	0	1.0	0.0	1.0	1.0	1.0	1.0	1.0	1.0
RABEPK	1	0	0	1.0	0.0	1.0	1.0	1.0	1.0	1.0	1.0
PAF1	1	0	0	1.0	0.0	1.0	1.0	1.0	1.0	1.0	1.0
SCAI	1	0	0	1.0	0.0	1.0	1.0	1.0	1.0	1.0	1.0
CCDC151	1	0	0	1.0	0.0	1.0	1.0	1.0	1.0	1.0	1.0
ADAM12	1	0	0	1.0	0.0	1.0	1.0	1.0	1.0	1.0	1.0
CEBPA	1	0	0	1.0	0.0	1.0	1.0	1.0	1.0	1.0	1.0
CPAMD8	1	0	0	1.0	0.0	1.0	1.0	1.0	1.0	1.0	1.0
TKTL1	1	0	0	1.0	0.0	1.0	1.0	1.0	1.0	1.0	1.0
TEX13A	1	0	0	1.0	0.0	1.0	1.0	1.0	1.0	1.0	1.0
TENM1	1	0	0	1.0	0.0	1.0	1.0	1.0	1.0	1.0	1.0
DENND1C	1	0	0	1.0	0.0	1.0	1.0	1.0	1.0	1.0	1.0
RBM10	1	0	0	1.0	0.0	1.0	1.0	1.0	1.0	1.0	1.0
FOSB	1	0	0	1.0	0.0	1.0	1.0	1.0	1.0	1.0	1.0
HNRNPM	1	0	0	1.0	0.0	1.0	1.0	1.0	1.0	1.0	1.0
HRC	1	0	0	1.0	0.0	1.0	1.0	1.0	1.0	1.0	1.0
PPL	1	0	0	1.0	0.0	1.0	1.0	1.0	1.0	1.0	1.0
KCNN1	1	0	0	1.0	0.0	1.0	1.0	1.0	1.0	1.0	1.0
MAGEB4	1	0	0	1.0	0.0	1.0	1.0	1.0	1.0	1.0	1.0
IRAK1	1	0	0	1.0	0.0	1.0	1.0	1.0	1.0	1.0	1.0
MAP1S	1	0	0	1.0	0.0	1.0	1.0	1.0	1.0	1.0	1.0
MAU2	1	0	0	1.0	0.0	1.0	1.0	1.0	1.0	1.0	1.0
DMD	1	0	0	1.0	0.0	1.0	1.0	1.0	1.0	1.0	1.0
MRI1	1	0	0	1.0	0.0	1.0	1.0	1.0	1.0	1.0	1.0
CHDC2	2	0	0	1.0	0.0	1.0	1.0	1.0	1.0	1.0	1.0
COL4A5	1	0	0	1.0	0.0	1.0	1.0	1.0	1.0	1.0	1.0
MYO1F	1	0	0	1.0	0.0	1.0	1.0	1.0	1.0	1.0	1.0
NDUFA13	1	0	0	1.0	0.0	1.0	1.0	1.0	1.0	1.0	1.0
ZBTB43	1	0	0	1.0	0.0	1.0	1.0	1.0	1.0	1.0	1.0
UCK1	1	0	0	1.0	0.0	1.0	1.0	1.0	1.0	1.0	1.0
MAG	1	0	0	1.0	0.0	1.0	1.0	1.0	1.0	1.0	1.0
DNAH5	1	0	0	1.0	0.0	1.0	1.0	1.0	1.0	1.0	1.0
MEFV	1	0	0	1.0	0.0	1.0	1.0	1.0	1.0	1.0	1.0
IL27	1	0	0	1.0	0.0	1.0	1.0	1.0	1.0	1.0	1.0
ANG	1	0	0	1.0	0.0	1.0	1.0	1.0	1.0	1.0	1.0
TRIM23	1	0	0	1.0	0.0	1.0	1.0	1.0	1.0	1.0	1.0
DDX6	1	0	0	1.0	0.0	1.0	1.0	1.0	1.0	1.0	1.0
SPZ1	1	0	0	1.0	0.0	1.0	1.0	1.0	1.0	1.0	1.0
FOLR3	1	0	0	1.0	0.0	1.0	1.0	1.0	1.0	1.0	1.0
SIL1	1	0	0	1.0	0.0	1.0	1.0	1.0	1.0	1.0	1.0
SDHA	1	0	0	1.0	0.0	1.0	1.0	1.0	1.0	1.0	1.0
RHOBTB3	1	0	0	1.0	0.0	1.0	1.0	1.0	1.0	1.0	1.0
GAB2	1	0	0	1.0	0.0	1.0	1.0	1.0	1.0	1.0	1.0
GAL	1	0	0	1.0	0.0	1.0	1.0	1.0	1.0	1.0	1.0
PCDHGA4	1	0	0	1.0	0.0	1.0	1.0	1.0	1.0	1.0	1.0
NIPBL	1	0	0	1.0	0.0	1.0	1.0	1.0	1.0	1.0	1.0
NDST1	1	0	0	1.0	0.0	1.0	1.0	1.0	1.0	1.0	1.0
NADK2	1	0	0	1.0	0.0	1.0	1.0	1.0	1.0	1.0	1.0
MROH2B	1	0	0	1.0	0.0	1.0	1.0	1.0	1.0	1.0	1.0
HMBS	1	0	0	1.0	0.0	1.0	1.0	1.0	1.0	1.0	1.0
MEGF10	1	0	0	1.0	0.0	1.0	1.0	1.0	1.0	1.0	1.0
MCC	1	0	0	1.0	0.0	1.0	1.0	1.0	1.0	1.0	1.0
IFT46	1	0	0	1.0	0.0	1.0	1.0	1.0	1.0	1.0	1.0
IRX4	1	0	0	1.0	0.0	1.0	1.0	1.0	1.0	1.0	1.0
HARS	1	0	0	1.0	0.0	1.0	1.0	1.0	1.0	1.0	1.0
GNB2L1	1	0	0	1.0	0.0	1.0	1.0	1.0	1.0	1.0	1.0
IGSF9B	1	0	0	1.0	0.0	1.0	1.0	1.0	1.0	1.0	1.0
LTBP3	1	0	0	1.0	0.0	1.0	1.0	1.0	1.0	1.0	1.0
FAF2	1	0	0	1.0	0.0	1.0	1.0	1.0	1.0	1.0	1.0
CLP1	1	0	0	1.0	0.0	1.0	1.0	1.0	1.0	1.0	1.0
CMTM5	1	0	0	1.0	0.0	1.0	1.0	1.0	1.0	1.0	1.0
DDHD1	1	0	0	1.0	0.0	1.0	1.0	1.0	1.0	1.0	1.0
BSX	1	0	0	1.0	0.0	1.0	1.0	1.0	1.0	1.0	1.0
IFT140	1	0	0	1.0	0.0	1.0	1.0	1.0	1.0	1.0	1.0
HYDIN	1	0	0	1.0	0.0	1.0	1.0	1.0	1.0	1.0	1.0
HMOX2	1	0	0	1.0	0.0	1.0	1.0	1.0	1.0	1.0	1.0
ZNF208	1	0	0	1.0	0.0	1.0	1.0	1.0	1.0	1.0	1.0
ZNF233	1	0	0	1.0	0.0	1.0	1.0	1.0	1.0	1.0	1.0
EARS2	1	0	0	1.0	0.0	1.0	1.0	1.0	1.0	1.0	1.0
CTRB2	1	0	0	1.0	0.0	1.0	1.0	1.0	1.0	1.0	1.0
CNTNAP4	1	0	0	1.0	0.0	1.0	1.0	1.0	1.0	1.0	1.0
MNT	1	0	0	1.0	0.0	1.0	1.0	1.0	1.0	1.0	1.0
ZNF536	1	0	0	1.0	0.0	1.0	1.0	1.0	1.0	1.0	1.0
ZNF541	1	0	0	1.0	0.0	1.0	1.0	1.0	1.0	1.0	1.0
CACNA1H	1	0	0	1.0	0.0	1.0	1.0	1.0	1.0	1.0	1.0
KIAA0430	1	1	0	0.0	0.0	1.0	1.0	1.0	1.0	1.0	1.0
ARL2BP	1	0	0	1.0	0.0	1.0	1.0	1.0	1.0	1.0	1.0
ZNF649	1	0	0	1.0	0.0	1.0	1.0	1.0	1.0	1.0	1.0
ABCA3	1	0	0	1.0	0.0	1.0	1.0	1.0	1.0	1.0	1.0
SOCS4	1	0	0	1.0	0.0	1.0	1.0	1.0	1.0	1.0	1.0
ZNF653	1	0	0	1.0	0.0	1.0	1.0	1.0	1.0	1.0	1.0
ZNF823	1	0	0	1.0	0.0	1.0	1.0	1.0	1.0	1.0	1.0
PSMB5	1	0	0	1.0	0.0	1.0	1.0	1.0	1.0	1.0	1.0
MLH3	1	0	0	1.0	0.0	1.0	1.0	1.0	1.0	1.0	1.0
MARK3	1	0	0	1.0	0.0	1.0	1.0	1.0	1.0	1.0	1.0
KCNH5	1	0	0	1.0	0.0	1.0	1.0	1.0	1.0	1.0	1.0
ANO3	1	0	0	1.0	0.0	1.0	1.0	1.0	1.0	1.0	1.0
FUT8	1	0	0	1.0	0.0	1.0	1.0	1.0	1.0	1.0	1.0
EXOC3L4	1	0	0	1.0	0.0	1.0	1.0	1.0	1.0	1.0	1.0
ZNF614	1	0	0	1.0	0.0	1.0	1.0	1.0	1.0	1.0	1.0
CHST5	1	0	0	1.0	0.0	1.0	1.0	1.0	1.0	1.0	1.0
