gene	Total SNV Mutations	SNVs Unmapped to Ref Tx	inactivating count	inactivating p-value	inactivating BH q-value
GSS	3	0	3	0.00145	0.24066416849722186
RAI14	2	0	2	0.00708	0.24066416849722186
JMJD1C	2	0	2	0.00736	0.24066416849722186
NUP93	2	0	2	0.0089	0.24066416849722186
WDR47	2	0	2	0.010429377470458788	0.24066416849722186
SPTAN1	2	0	2	0.014801876877988129	0.24066416849722186
GBF1	3	0	2	0.016126431220770843	0.24066416849722186
MRS2	3	0	2	0.01934984520123839	0.24066416849722186
KIAA1467	1	0	1	0.020464963981663392	0.24066416849722186
VAPA	1	0	1	0.02096128450751462	0.24066416849722186
GRID2	1	0	1	0.021190032208848956	0.24066416849722186
MPHOSPH8	2	0	2	0.022055580061755623	0.24066416849722186
BRD7	1	0	1	0.02306326252911737	0.24066416849722186
WDR7	1	0	1	0.02306539038173221	0.24066416849722186
OR1E2	1	0	1	0.023310023310023312	0.24066416849722186
ABCA5	1	0	1	0.0240900002409	0.24066416849722186
PHC1	1	0	1	0.024382512861775535	0.24066416849722186
UNC80	1	0	1	0.024513408834632544	0.24066416849722186
TPH2	1	0	1	0.02571421224510787	0.24066416849722186
CFHR5	2	0	2	0.025776517592473257	0.24066416849722186
MOB3B	1	0	1	0.027756960057734478	0.24066416849722186
CTNNAL1	2	0	2	0.02796968086594132	0.24066416849722186
OR13G1	1	0	1	0.02884171665897554	0.24066416849722186
KCNMA1	1	0	1	0.029753934957898184	0.24066416849722186
USP48	1	0	1	0.030396060670537097	0.24066416849722186
IARS	1	0	1	0.031728908208268555	0.24066416849722186
PHF8	1	0	1	0.03215744284014535	0.24066416849722186
FRMD5	1	0	1	0.03250446936453762	0.24066416849722186
FRMPD3	1	0	1	0.034507746989199076	0.24066416849722186
AJAP1	1	0	1	0.03700277520814061	0.24066416849722186
IGSF9B	1	0	1	0.0376095377787807	0.24066416849722186
CDKN2A	1	0	1	0.0377159236629705	0.24066416849722186
PPP2R5D	1	0	1	0.03813009990086174	0.24066416849722186
STAT5B	1	0	1	0.03913741145160659	0.24066416849722186
COPG2	1	0	1	0.03938248267170762	0.24066416849722186
GSAP	1	0	1	0.04189710072063013	0.24066416849722186
KCNA4	1	0	1	0.04274234911950761	0.24066416849722186
ILDR2	1	0	1	0.04314249967643125	0.24066416849722186
IQCG	1	0	1	0.04482897745102434	0.24066416849722186
ICMT	1	0	1	0.04510396463849172	0.24066416849722186
MEGF11	1	0	1	0.0454938355852782	0.24066416849722186
GIMAP6	1	0	1	0.04712091226086137	0.24066416849722186
GIF	1	0	1	0.04753981459472308	0.24066416849722186
SLC47A1	1	0	1	0.04861685060041811	0.24066416849722186
SLC9B2	1	0	1	0.04957612413861484	0.24066416849722186
DRAM1	1	0	1	0.05019828321871392	0.24066416849722186
RPAP1	1	0	1	0.05187798298402158	0.24066416849722186
C14orf79	1	0	1	0.05242463958060288	0.24066416849722186
ADAM20	1	0	1	0.05273705305347537	0.24066416849722186
CDCA2	1	0	1	0.0533304890405845	0.24066416849722186
DIDO1	2	0	1	0.05473453749315818	0.24066416849722186
FRMD8	2	0	1	0.05667006687067891	0.24066416849722186
CARD6	1	0	1	0.05679881858457344	0.24066416849722186
MAPK8	1	0	1	0.05716899153898925	0.24066416849722186
ULK3	1	0	1	0.057290174735032943	0.24066416849722186
GMPPB	1	0	1	0.059350703305834175	0.24066416849722186
NRG2	1	0	1	0.05990534954771461	0.24066416849722186
OR56A1	2	0	1	0.060916179337231965	0.24066416849722186
TSPYL2	1	0	1	0.06120700208103807	0.24066416849722186
CRB2	1	0	1	0.06264879087833605	0.24066416849722186
FAM83E	2	0	1	0.06269199423233653	0.24066416849722186
DHX30	1	0	1	0.06341556217895872	0.24066416849722186
TRPM4	2	0	1	0.064	0.24066416849722186
ZNF467	2	0	1	0.06501105187881939	0.24066416849722186
ARHGEF40	2	0	1	0.06610259122157588	0.24066416849722186
FMNL3	1	0	1	0.0663746183459445	0.24066416849722186
STIM1	1	0	1	0.06731740154830024	0.24066416849722186
ZP3	1	0	1	0.06766357669666419	0.24066416849722186
TRIP11	2	0	1	0.06947339169098235	0.24066416849722186
PRICKLE3	1	0	1	0.06999860002799944	0.24066416849722186
STOX2	2	0	1	0.07092701610043266	0.24066416849722186
PMM2	1	0	1	0.07396449704142012	0.24066416849722186
AKAP8L	1	0	1	0.0744324525493115	0.24066416849722186
POLQ	3	0	2	0.07577479730241722	0.24066416849722186
PDZD3	1	0	1	0.0757920266787934	0.24066416849722186
DSCAML1	1	0	1	0.07690532953933707	0.24066416849722186
IRF3	2	0	1	0.07825338445887785	0.24066416849722186
KRT33B	1	0	1	0.07905138339920949	0.24066416849722186
TEX14	1	0	1	0.07998080460689434	0.24066416849722186
INSR	3	0	2	0.08028259473346179	0.24066416849722186
ZNF543	1	0	1	0.08045052292839903	0.24066416849722186
CBX8	1	0	1	0.08099133392726979	0.24066416849722186
NPC1	1	0	1	0.08269246671628215	0.24066416849722186
ARHGAP26	2	0	1	0.08287063893262617	0.24066416849722186
SI	1	0	1	0.08735150244584207	0.24066416849722186
DUOX1	2	0	1	0.08790436005625879	0.24066416849722186
CES5A	1	0	1	0.0886053517632465	0.24066416849722186
LGR5	1	0	1	0.08873114463176575	0.24066416849722186
DHX8	1	0	1	0.08944543828264759	0.24066416849722186
TFAP2C	1	0	1	0.09003331232556046	0.24066416849722186
AQP4	1	0	1	0.09095043201455207	0.24066416849722186
FNIP2	1	0	1	0.09142439202779301	0.24066416849722186
NASP	1	0	1	0.09192021325489474	0.24066416849722186
TOMM20L	1	0	1	0.09239582370876837	0.24066416849722186
GAK	2	0	1	0.09243852837862822	0.24066416849722186
ASB12	1	0	1	0.09254118082546733	0.24066416849722186
SYTL3	2	0	1	0.09285051067780872	0.24066416849722186
DNM3	1	0	1	0.09302325581395349	0.24066416849722186
ADAMTS20	2	0	1	0.09322270905192505	0.24066416849722186
TYRO3	1	0	1	0.09417082587814295	0.24066416849722186
ZNF845	1	0	1	0.09450902561194593	0.24066416849722186
PSG8	1	0	1	0.09515653249595585	0.24066416849722186
TRIM37	1	0	1	0.09595087315294569	0.24066416849722186
CCDC171	1	0	1	0.09738046547862499	0.24066416849722186
SPG11	1	0	1	0.09738994935722634	0.24066416849722186
USP26	1	0	1	0.09751340809361288	0.24066416849722186
NUTM2F	1	0	1	0.09782821365681862	0.24066416849722186
KERA	1	0	1	0.09894132779261898	0.24066416849722186
DNAJC12	1	0	1	0.09895111814763506	0.24066416849722186
LTBP1	1	0	1	0.09947279419078882	0.24066416849722186
CYLD	1	0	1	0.10187449062754686	0.24066416849722186
MRAP2	1	0	1	0.10361620557455185	0.24066416849722186
CNTNAP1	1	0	1	0.10369141435089174	0.24066416849722186
CDH7	3	0	1	0.1038098204090107	0.24066416849722186
EIF2AK3	1	0	1	0.10498687664041995	0.24066416849722186
GLI3	2	0	1	0.10520778537611783	0.24066416849722186
AXIN1	1	0	1	0.10527423939362038	0.24066416849722186
USP9X	4	0	1	0.1058985491898761	0.24066416849722186
NIPBL	2	0	1	0.10619093129446745	0.24066416849722186
FLT1	1	0	1	0.1072271070126528	0.24066416849722186
TGM4	1	0	1	0.10753844499408538	0.24066416849722186
TSC1	1	0	1	0.10765421466250404	0.24066416849722186
DOCK8	5	0	2	0.10777023386140748	0.24066416849722186
ABCA9	3	0	2	0.10795638562020944	0.24066416849722186
FIGNL1	1	0	1	0.10801468999783971	0.24066416849722186
GPX7	1	0	1	0.10816657652785289	0.24066416849722186
SYT3	1	0	1	0.10868383871318335	0.24066416849722186
PLOD2	1	0	1	0.10876658690450294	0.24066416849722186
B3GNT5	1	0	1	0.1093972213105787	0.24066416849722186
DACH2	1	0	1	0.10986596352450011	0.24066416849722186
SLC38A5	1	0	1	0.11122233344455566	0.24066416849722186
ANKRD24	1	0	1	0.11147029316687103	0.24066416849722186
DDX4	1	0	1	0.11239743733842869	0.24066416849722186
SLC23A1	1	0	1	0.11262529564140106	0.24066416849722186
TPBG	2	0	1	0.11335298118340513	0.24066416849722186
TFPI2	2	0	1	0.11359763716914688	0.24066416849722186
NAT10	2	0	1	0.11362345188046813	0.24066416849722186
DYNC1H1	2	0	1	0.11372682815876266	0.24066416849722186
KIF16B	1	0	1	0.1143379830779785	0.24066416849722186
LETM2	1	0	1	0.1145737855178735	0.24066416849722186
CASP14	1	0	1	0.11587485515643106	0.24066416849722186
EYA3	1	0	1	0.1166316771635176	0.24066416849722186
SEC24B	1	0	1	0.11708230886313079	0.24066416849722186
ADAMTS18	2	0	1	0.11834319526627218	0.24066416849722186
TTC21B	1	0	1	0.11900511722004047	0.24066416849722186
CPT1A	2	0	1	0.11961722488038277	0.24066416849722186
CIRH1A	2	0	1	0.120598166907863	0.24066416849722186
IGSF22	3	0	1	0.12103606874848705	0.24066416849722186
COPB2	1	0	1	0.121153380179307	0.24066416849722186
RYR2	3	0	1	0.12119743061447097	0.24066416849722186
ATAD5	2	0	1	0.1228803145736053	0.24066416849722186
SERAC1	1	0	1	0.12291052114060963	0.24066416849722186
TM7SF3	1	0	1	0.12413108242303873	0.24066416849722186
ID4	1	0	1	0.12550200803212852	0.24066416849722186
BMP1	1	0	1	0.12556504269211452	0.24066416849722186
RCL1	1	0	1	0.12729124236252545	0.24066416849722186
PKHD1L1	1	0	1	0.1278772378516624	0.24066416849722186
IL17RC	2	0	1	0.12790995139421846	0.24066416849722186
ZPBP	1	0	1	0.12858428700012858	0.24066416849722186
ATP1A2	2	0	1	0.1292156609381057	0.24066416849722186
CCDC6	1	0	1	0.1305653479566523	0.24156351580295551
GLTSCR1L	1	0	1	0.1313197636244255	0.24156351580295551
VWCE	1	0	1	0.13344008540165467	0.2430847288952696
GLP1R	1	0	1	0.13446282102998522	0.2430847288952696
THSD7B	1	0	1	0.13513513513513514	0.2430847288952696
ASNS	1	0	1	0.13540961408259986	0.2430847288952696
ARID2	1	0	1	0.13850415512465375	0.2466862911957828
TCF7L1	3	0	1	0.13956734124214934	0.2466862911957828
SCLT1	1	0	1	0.13989927252378287	0.2466862911957828
EFCAB7	1	0	1	0.141622999575131	0.24717982747179826
GNG5	1	0	1	0.14302059496567507	0.24717982747179826
NR4A3	1	0	1	0.14394702749388225	0.24717982747179826
ELTD1	1	0	1	0.14549687181725593	0.24717982747179826
MAP3K1	1	0	1	0.145602795573675	0.24717982747179826
VPS13A	1	0	1	0.1458151064450277	0.24717982747179826
CTNNA3	2	0	1	0.145985401459854	0.24717982747179826
NLRC4	2	0	1	0.14710208884966167	0.247504194282487
ODF2L	1	0	1	0.14845605700712589	0.247504194282487
PREX2	1	0	1	0.14898688915375446	0.247504194282487
EIF1AX	9	0	3	0.14949917775452234	0.247504194282487
UVSSA	2	0	1	0.15379883112888343	0.2509397609840881
MGAM	3	0	1	0.1538935056940597	0.2509397609840881
MUC7	2	0	1	0.15482272797646696	0.2509397609840881
REXO1	2	0	1	0.1549426712116517	0.2509397609840881
JAKMIP2	1	0	1	0.15666614444618518	0.25235951916196314
PAPOLA	1	0	1	0.1593625498007968	0.2540789042889883
CCNJ	1	0	1	0.15943877551020408	0.2540789042889883
FZR1	2	0	1	0.1654533421575116	0.26226114873903433
CREBBP	2	0	1	0.16806722689075632	0.26253332323137996
MYH3	3	0	2	0.16952025767079165	0.26253332323137996
SERPINE3	3	0	1	0.16986580601324952	0.26253332323137996
TBC1D10C	2	0	1	0.17018379850238258	0.26253332323137996
ELMOD1	1	0	1	0.17067759003242874	0.26253332323137996
EVPL	2	0	1	0.17091095539224063	0.26253332323137996
PRPF39	2	0	1	0.17458100558659218	0.26385878419539005
DNAH8	3	0	1	0.1750393838613688	0.26385878419539005
DTNA	2	0	1	0.17510068289266328	0.26385878419539005
CUL1	2	0	1	0.1753155680224404	0.26385878419539005
CLASP2	1	0	1	0.17711654268508678	0.2640907479617157
KCTD3	2	0	1	0.1772421127259837	0.2640907479617157
ZNF804A	1	0	1	0.18021265092809516	0.2671809451570764
LAMB4	2	0	1	0.1827485380116959	0.26842784155190924
COL12A1	2	0	1	0.18298261665141813	0.26842784155190924
ZSCAN10	2	0	1	0.18375597206909225	0.26842784155190924
FOCAD	2	0	1	0.1869857890800299	0.27181348851633613
NFAT5	1	0	1	0.19353590090961872	0.27767036427929165
WDR72	2	0	1	0.194325689856199	0.27767036427929165
IRX2	2	0	1	0.19474196689386564	0.27767036427929165
SCN9A	3	0	1	0.19474196689386564	0.27767036427929165
TTK	2	0	1	0.19665683382497542	0.2781833321508986
CACNA2D1	2	0	1	0.19743336623889438	0.2781833321508986
SLC28A2	2	0	1	0.19790223629527012	0.2781833321508986
ORC2	2	0	1	0.19952114924181963	0.27828204725938877
GPR112	4	0	1	0.19984012789768185	0.27828204725938877
EBP	1	0	1	0.20755500207555003	0.2876808865977391
FNDC3A	1	0	1	0.2094240837696335	0.288927671126624
C1orf112	2	0	1	0.21240441801189464	0.2916890164402977
DNMT3A	3	0	1	0.21696680407897592	0.2964554670168423
MAP3K19	1	0	1	0.2178649237472767	0.2964554670168423
RNMT	2	0	1	0.21997360316761988	0.2979642442906851
KCNH7	1	0	1	0.22568269013766645	0.30431421566074485
USP28	1	0	1	0.231000231000231	0.30872958810500123
C1R	1	0	1	0.23255813953488372	0.30872958810500123
OFD1	2	0	1	0.2332089552238806	0.30872958810500123
PTEN	2	0	1	0.23353573096683794	0.30872958810500123
ABCB11	3	0	1	0.23413720440177943	0.30872958810500123
ZFAND5	2	0	1	0.23646252069047055	0.30935326481885184
MYO1C	2	0	1	0.23668639053254437	0.30935326481885184
LYST	4	0	1	0.24177949709864605	0.3146300879274957
RPRD1A	2	0	1	0.24384296513045597	0.31593566786467775
SLC25A26	1	0	1	0.2589331952356292	0.33403503108319266
IFI44L	2	0	1	0.2607561929595828	0.3349368340601538
IAH1	1	0	1	0.26932399676811203	0.3444573005875424
TENM4	2	0	1	0.273000273000273	0.347667014333681
ZNF169	3	0	1	0.2766251728907331	0.3503640023326247
DNTTIP1	2	0	1	0.27746947835738067	0.3503640023326247
MED14	1	0	1	0.2801905295601009	0.35151623816286764
HEPACAM2	3	0	1	0.2807411566535654	0.35151623816286764
CRISPLD2	2	0	1	0.2833663927458204	0.35331876585043714
KLHL17	1	0	1	0.2876042565429968	0.3565497470650452
CALY	1	0	1	0.28835063437139563	0.3565497470650452
COL7A1	2	0	1	0.2901915264074289	0.35734328458435455
TTC39C	3	0	1	0.29411764705882354	0.3606874848704914
APC	2	0	1	0.29841838257236647	0.3640606197582295
CTC1	1	0	1	0.29931158335827596	0.3640606197582295
TXNL1	1	0	1	0.30202355783751134	0.3658659359169853
TMEM47	1	0	1	0.30656039239730226	0.36985828718378977
DMTN	3	0	1	0.32647730982696704	0.390723848708579
CPNE6	1	0	1	0.32647730982696704	0.390723848708579
MOV10	1	0	1	0.3341129301703976	0.3982626127631139
LAMC3	2	0	1	0.33704078193461406	0.40015200404986057
MED12L	4	0	1	0.33852403520649965	0.40031810512514643
WDR62	1	0	1	0.3412969283276451	0.4020019155795978
R3HCC1L	1	0	1	0.3429355281207133	0.40234168259831715
CHD6	1	0	1	0.34746351633078526	0.40605540339832946
THRSP	1	0	1	0.34904013961605584	0.406304537521815
MPP2	1	0	1	0.3526093088857546	0.4088621558286182
KMT2C	5	0	1	0.35536602700781805	0.41046153507104566
KIF1A	4	0	1	0.35919540229885055	0.41328274086894773
TMSB4Y	1	0	1	0.36114120621162876	0.4133824953321071
KMT2E	1	0	1	0.3620564808110065	0.4133824953321071
APOB	2	0	1	0.37105751391465674	0.4220425158265943
AKT1S1	1	0	1	0.3799392097264438	0.429373158414201
AFTPH	2	0	1	0.3806623524933384	0.429373158414201
TTN	15	0	2	0.3818251240931653	0.429373158414201
ARPC4	1	0	1	0.3861003861003861	0.4325485528493047
TRIM34	2	0	1	0.39123630672926446	0.43666074683640754
DMD	2	0	1	0.39556962025316456	0.43984980162478743
ITGB4	3	0	1	0.4022526146419952	0.4453910249224676
MRPL28	1	0	1	0.4056795131845842	0.4453910249224676
SPAG9	2	0	1	0.406669377795852	0.4453910249224676
DEFB118	1	0	1	0.40683482506102525	0.4453910249224676
C1orf123	1	0	1	0.4088307440719542	0.4453910249224676
SPATA7	1	0	1	0.4106776180698152	0.4453910249224676
MUC16	12	0	1	0.41101520756267984	0.4453910249224676
ANGPTL3	1	0	1	0.41305245766212306	0.44597692892504587
LAMB1	2	0	1	0.41562759767248547	0.4461572090321383
DHX29	2	0	1	0.4166666666666667	0.4461572090321383
TEX11	1	0	1	0.4177109440267335	0.4461572090321383
CSNK2A1	1	0	1	0.41999160016799664	0.4469910601787964
AMPD3	3	0	1	0.423728813559322	0.44936365281380053
ERC1	1	0	1	0.42643923240938164	0.4493772054166541
NISCH	1	0	1	0.4275331338178709	0.4493772054166541
ZNF345	2	0	1	0.4282655246252677	0.4493772054166541
LCA5	1	0	1	0.4317789291882556	0.4514741084143865
CCAR2	1	0	1	0.43440486533449174	0.45263164290097385
BPTF	3	0	1	0.4470272686633885	0.4641607179849817
LRRC19	2	0	1	0.45475216007276037	0.4705421656308424
CEP350	3	0	1	0.45641259698767683	0.47062613807033804
MYH10	1	0	1	0.4608294930875576	0.473542030827904
RTN4	1	0	1	0.4873294346978557	0.4990521358761546
CMYA5	3	0	1	0.49019607843137253	0.5002686005909213
AKAP9	1	0	1	0.49800796812749004	0.5065063976177203
AMPD2	3	0	1	0.5040322580645161	0.5108898398068905
BLID	1	0	1	0.5167958656330749	0.5220514168090045
ABCF1	3	0	1	0.5186721991701245	0.5221767410564092
PRKCSH	2	0	1	0.5431830526887561	0.5450119518560583
TPT1	3	0	1	0.6184291898577613	0.6184291898577613
ABL2	1	0	0	1.0	1.0
DDX42	1	0	0	1.0	1.0
DCAKD	1	0	0	1.0	1.0
CYTH1	1	0	0	1.0	1.0
CPD	1	0	0	1.0	1.0
CORO6	1	0	0	1.0	1.0
COIL	2	0	0	1.0	1.0
CNTROB	1	0	0	1.0	1.0
CHD3	1	0	0	1.0	1.0
CD300C	2	0	0	1.0	1.0
CCL13	1	0	0	1.0	1.0
CCDC57	1	0	0	1.0	1.0
CCDC42	1	0	0	1.0	1.0
CCDC40	1	0	0	1.0	1.0
CCDC144A	1	0	0	1.0	1.0
CCDC137	1	0	0	1.0	1.0
CBX1	1	0	0	1.0	1.0
CASKIN2	1	0	0	1.0	1.0
CASC3	1	0	0	1.0	1.0
CACNB1	1	0	0	1.0	1.0
DDX52	1	0	0	1.0	1.0
CACNA1G	1	0	0	1.0	1.0
DLX4	1	0	0	1.0	1.0
DNAH2	3	0	0	1.0	1.0
FOXJ1	1	0	0	1.0	1.0
FMNL1	2	0	0	1.0	1.0
FLOT2	1	0	0	1.0	1.0
FLII	3	0	0	1.0	1.0
FBXW10	1	0	0	1.0	1.0
FBXO47	1	0	0	1.0	1.0
FBXL20	2	0	0	1.0	1.0
FBF1	1	0	0	1.0	1.0
FASN	1	0	0	1.0	1.0
FAM64A	2	0	0	1.0	1.0
EZH1	1	0	0	1.0	1.0
EXOC7	1	0	0	1.0	1.0
ERN1	1	0	0	1.0	1.0
ENTHD2	1	0	0	1.0	1.0
ENPP7	2	0	0	1.0	1.0
ENGASE	1	0	0	1.0	1.0
EFTUD2	3	0	0	1.0	1.0
EFCAB5	1	0	0	1.0	1.0
DNAH9	6	0	0	1.0	1.0
DNAH17	3	0	0	1.0	1.0
FOXK2	2	0	0	1.0	1.0
C17orf80	1	0	0	1.0	1.0
C17orf74	1	0	0	1.0	1.0
XIRP2	1	0	0	1.0	1.0
WIPF1	1	0	0	1.0	1.0
WDR33	2	0	0	1.0	1.0
WDPCP	1	0	0	1.0	1.0
VWA3B	1	0	0	1.0	1.0
USP40	1	0	0	1.0	1.0
USP34	2	0	0	1.0	1.0
UGT1A3	1	0	0	1.0	1.0
UBR3	1	0	0	1.0	1.0
UBE2F	1	0	0	1.0	1.0
TSGA10	1	0	0	1.0	1.0
TRIM43	1	0	0	1.0	1.0
TRABD2A	1	0	0	1.0	1.0
TPO	1	0	0	1.0	1.0
TNS1	3	0	0	1.0	1.0
TMEM87B	1	0	0	1.0	1.0
TMEM214	1	0	0	1.0	1.0
TMEM163	1	0	0	1.0	1.0
TMEM131	1	0	0	1.0	1.0
ZDBF2	2	0	0	1.0	1.0
C17orf77	1	0	0	1.0	1.0
ZFP36L2	1	0	0	1.0	1.0
ZNF2	1	0	0	1.0	1.0
C17orf59	1	0	0	1.0	1.0
BLMH	1	0	0	1.0	1.0
BECN1	1	0	0	1.0	1.0
B4GALNT2	1	0	0	1.0	1.0
B3GNTL1	1	0	0	1.0	1.0
ASPSCR1	1	0	0	1.0	1.0
ARSG	2	0	0	1.0	1.0
ARHGEF15	2	0	0	1.0	1.0
ARHGDIA	1	0	0	1.0	1.0
ARHGAP27	1	0	0	1.0	1.0
ANKFN1	1	0	0	1.0	1.0
ALOX12B	3	0	0	1.0	1.0
AFMID	1	0	0	1.0	1.0
ACLY	2	0	0	1.0	1.0
ABR	1	0	0	1.0	1.0
ABHD15	1	0	0	1.0	1.0
ABCA8	1	0	0	1.0	1.0
AANAT	1	0	0	1.0	1.0
ZNF385B	1	0	0	1.0	1.0
ZNF142	1	0	0	1.0	1.0
THAP4	1	0	0	1.0	1.0
GAA	1	0	0	1.0	1.0
GGA3	1	0	0	1.0	1.0
POLDIP2	1	0	0	1.0	1.0
PLEKHH3	1	0	0	1.0	1.0
PITPNM3	1	0	0	1.0	1.0
PIK3R5	2	0	0	1.0	1.0
PIGS	2	0	0	1.0	1.0
PHF23	4	0	0	1.0	1.0
PEMT	1	0	0	1.0	1.0
P4HB	1	0	0	1.0	1.0
OTOP3	1	0	0	1.0	1.0
OTOP2	1	0	0	1.0	1.0
OR3A3	1	0	0	1.0	1.0
NSF	1	0	0	1.0	1.0
NPEPPS	1	0	0	1.0	1.0
NGFR	2	0	0	1.0	1.0
NF1	2	0	0	1.0	1.0
NEK8	2	0	0	1.0	1.0
NCOR1	2	0	0	1.0	1.0
MYOCD	2	0	0	1.0	1.0
MYO19	1	0	0	1.0	1.0
POLR2A	1	0	0	1.0	1.0
MYO15A	4	0	0	1.0	1.0
PPP1R1B	1	0	0	1.0	1.0
PSMC5	1	0	0	1.0	1.0
SPHK1	1	0	0	1.0	1.0
SPECC1	2	0	0	1.0	1.0
SP2	1	0	0	1.0	1.0
SMURF2	1	0	0	1.0	1.0
SMG8	1	0	0	1.0	1.0
SMCR8	1	0	0	1.0	1.0
SLFN12	1	0	0	1.0	1.0
SLC35B1	2	0	0	1.0	1.0
SLC13A2	1	0	0	1.0	1.0
SIRT7	1	0	0	1.0	1.0
SDK2	1	0	0	1.0	1.0
SCN4A	1	0	0	1.0	1.0
RTN4RL1	1	0	0	1.0	1.0
RNFT1	1	0	0	1.0	1.0
RNF213	1	0	0	1.0	1.0
RNF112	1	0	0	1.0	1.0
RHBDL3	1	0	0	1.0	1.0
RAPGEFL1	1	0	0	1.0	1.0
RAI1	1	0	0	1.0	1.0
PRPF8	2	0	0	1.0	1.0
GABARAP	1	0	0	1.0	1.0
MYH2	2	0	0	1.0	1.0
MYCBPAP	1	0	0	1.0	1.0
KDM6B	1	0	0	1.0	1.0
KCTD2	1	0	0	1.0	1.0
KCNJ16	1	0	0	1.0	1.0
KCNH4	1	0	0	1.0	1.0
JUP	1	0	0	1.0	1.0
ITGB3	1	0	0	1.0	1.0
ITGA2B	1	0	0	1.0	1.0
INTS2	1	0	0	1.0	1.0
HSD17B1	1	0	0	1.0	1.0
HID1	2	0	0	1.0	1.0
HEXDC	1	0	0	1.0	1.0
HEATR6	2	0	0	1.0	1.0
HAP1	1	0	0	1.0	1.0
GSDMA	1	0	0	1.0	1.0
GRB7	1	0	0	1.0	1.0
GPR142	2	0	0	1.0	1.0
GPATCH8	1	0	0	1.0	1.0
GLP2R	2	0	0	1.0	1.0
GLOD4	1	0	0	1.0	1.0
KIAA0195	1	0	0	1.0	1.0
MYH13	1	0	0	1.0	1.0
CLUH	1	0	0	1.0	1.0
KRT20	1	0	0	1.0	1.0
MYBBP1A	2	0	0	1.0	1.0
MRPL10	1	0	0	1.0	1.0
MKS1	2	0	0	1.0	1.0
MIEN1	1	0	0	1.0	1.0
MGAT5B	1	0	0	1.0	1.0
MFSD6L	1	0	0	1.0	1.0
MFAP4	1	0	0	1.0	1.0
MAPT	1	0	0	1.0	1.0
MAP3K3	1	0	0	1.0	1.0
MAP2K6	1	0	0	1.0	1.0
LYZL6	1	0	0	1.0	1.0
LLGL1	1	0	0	1.0	1.0
KRTAP9-3	1	0	0	1.0	1.0
KRTAP4-6	1	0	0	1.0	1.0
KRTAP4-12	2	0	0	1.0	1.0
KRT9	1	0	0	1.0	1.0
KRT35	1	0	0	1.0	1.0
KRT31	1	0	0	1.0	1.0
KRT25	1	0	0	1.0	1.0
KRBA2	1	0	0	1.0	1.0
SPOP	1	0	0	1.0	1.0
TGFBRAP1	2	0	0	1.0	1.0
TBR1	1	0	0	1.0	1.0
FBXO11	2	0	0	1.0	1.0
FARP2	1	0	0	1.0	1.0
FAM84A	1	0	0	1.0	1.0
FAM124B	1	0	0	1.0	1.0
AMER3	1	0	0	1.0	1.0
FAM117B	2	0	0	1.0	1.0
ETAA1	1	0	0	1.0	1.0
ERCC3	1	0	0	1.0	1.0
ERBB4	1	0	0	1.0	1.0
EIF4E2	1	0	0	1.0	1.0
EIF2AK2	1	0	0	1.0	1.0
EHBP1	1	0	0	1.0	1.0
ECEL1	1	0	0	1.0	1.0
DYSF	1	0	0	1.0	1.0
DYNC1I2	1	0	0	1.0	1.0
DTYMK	1	0	0	1.0	1.0
DRC1	1	0	0	1.0	1.0
DPYSL5	2	0	0	1.0	1.0
DPP10	1	0	0	1.0	1.0
FBXO41	1	0	0	1.0	1.0
DOK1	1	0	0	1.0	1.0
FHL2	1	0	0	1.0	1.0
FN1	2	0	0	1.0	1.0
IRS1	3	0	0	1.0	1.0
INPP5D	1	0	0	1.0	1.0
IL36B	1	0	0	1.0	1.0
IGKV2D-24	1	0	0	1.0	1.0
IGKV1-9	2	0	0	1.0	1.0
HTRA2	1	0	0	1.0	1.0
HSPE1-MOB4	1	0	0	1.0	1.0
HPCAL1	1	0	0	1.0	1.0
HOXD12	1	0	0	1.0	1.0
HECW2	2	0	0	1.0	1.0
HAAO	1	0	0	1.0	1.0
GTDC1	1	0	0	1.0	1.0
GPR45	1	0	0	1.0	1.0
GPR113	1	0	0	1.0	1.0
GPC1	1	0	0	1.0	1.0
GEN1	1	0	0	1.0	1.0
GCC2	1	0	0	1.0	1.0
GAL3ST2	1	0	0	1.0	1.0
FSHR	1	0	0	1.0	1.0
FKBP7	1	0	0	1.0	1.0
ITGB6	1	0	0	1.0	1.0
DOCK10	1	0	0	1.0	1.0
DNAH7	1	0	0	1.0	1.0
BIRC6	1	0	0	1.0	1.0
BCL11A	1	0	0	1.0	1.0
ATP6V1B1	1	0	0	1.0	1.0
ATL2	2	0	0	1.0	1.0
ASXL2	1	0	0	1.0	1.0
ASAP2	3	0	0	1.0	1.0
ARHGEF4	1	0	0	1.0	1.0
AOX1	1	0	0	1.0	1.0
ANKRD53	1	0	0	1.0	1.0
ANKRD36	3	0	0	1.0	1.0
ANKMY1	2	0	0	1.0	1.0
AMMECR1L	1	0	0	1.0	1.0
ALPPL2	1	0	0	1.0	1.0
ALMS1	1	0	0	1.0	1.0
ALK	1	0	0	1.0	1.0
AGFG1	1	0	0	1.0	1.0
ADRA2B	1	0	0	1.0	1.0
ADD2	1	0	0	1.0	1.0
ACOXL	1	0	0	1.0	1.0
C1QL2	1	0	0	1.0	1.0
DNAJC5G	1	0	0	1.0	1.0
CAD	1	0	0	1.0	1.0
CCDC88A	1	0	0	1.0	1.0
DHX57	1	0	0	1.0	1.0
DCTN1	1	0	0	1.0	1.0
CUL3	1	0	0	1.0	1.0
CSRNP3	2	0	0	1.0	1.0
CPSF3	1	0	0	1.0	1.0
COMMD1	1	0	0	1.0	1.0
COL6A3	1	0	0	1.0	1.0
COL4A4	1	0	0	1.0	1.0
COL3A1	1	0	0	1.0	1.0
CNTNAP5	1	0	0	1.0	1.0
CNGA3	1	0	0	1.0	1.0
CLK1	1	0	0	1.0	1.0
CLASP1	1	0	0	1.0	1.0
CKAP2L	1	0	0	1.0	1.0
CIAO1	1	0	0	1.0	1.0
CHST10	2	0	0	1.0	1.0
CHN1	1	0	0	1.0	1.0
CDCA7	1	0	0	1.0	1.0
CD207	1	0	0	1.0	1.0
CCDC108	1	0	0	1.0	1.0
TFPI	1	0	0	1.0	1.0
KANSL3	1	0	0	1.0	1.0
KHK	1	0	0	1.0	1.0
SLC30A3	1	0	0	1.0	1.0
SLC23A3	1	0	0	1.0	1.0
SLC11A1	1	0	0	1.0	1.0
SH3RF3	2	0	0	1.0	1.0
SH2D6	2	0	0	1.0	1.0
SF3B1	2	0	0	1.0	1.0
SCN3A	1	0	0	1.0	1.0
SCN1A	3	0	0	1.0	1.0
RNPEPL1	1	0	0	1.0	1.0
RMDN2	1	0	0	1.0	1.0
RHOQ	1	0	0	1.0	1.0
RGPD8	1	0	0	1.0	1.0
REV1	1	0	0	1.0	1.0
REG3A	1	0	0	1.0	1.0
REG1B	1	0	0	1.0	1.0
RBM43	1	0	0	1.0	1.0
RALB	1	0	0	1.0	1.0
RAB17	1	0	0	1.0	1.0
PTH2R	1	0	0	1.0	1.0
SLC3A1	1	0	0	1.0	1.0
PSD4	1	0	0	1.0	1.0
SLC40A1	1	0	0	1.0	1.0
SLC5A6	1	0	0	1.0	1.0
TANC1	2	0	0	1.0	1.0
STRN	2	0	0	1.0	1.0
STON1-GTF2A1L	1	0	0	1.0	1.0
STK25	1	0	0	1.0	1.0
STEAP3	2	0	0	1.0	1.0
STAT4	1	0	0	1.0	1.0
SRBD1	2	0	0	1.0	1.0
SPTBN1	1	0	0	1.0	1.0
SPRED2	1	0	0	1.0	1.0
SPEG	2	0	0	1.0	1.0
SPDYA	1	0	0	1.0	1.0
SPC25	2	0	0	1.0	1.0
SP140L	1	0	0	1.0	1.0
SP140	2	0	0	1.0	1.0
SOX11	1	0	0	1.0	1.0
SNRNP200	1	0	0	1.0	1.0
SNED1	1	0	0	1.0	1.0
SMPD4	1	0	0	1.0	1.0
SMARCAL1	1	0	0	1.0	1.0
SLC4A3	1	0	0	1.0	1.0
KDM3A	1	0	0	1.0	1.0
PROC	1	0	0	1.0	1.0
PREB	1	0	0	1.0	1.0
NEB	1	0	0	1.0	1.0
NDUFS1	1	0	0	1.0	1.0
NBAS	1	0	0	1.0	1.0
MSH2	1	0	0	1.0	1.0
MPV17	1	0	0	1.0	1.0
MOB1A	1	0	0	1.0	1.0
MFF	1	0	0	1.0	1.0
MERTK	1	0	0	1.0	1.0
MBOAT2	1	0	0	1.0	1.0
MBD5	1	0	0	1.0	1.0
MAP4K4	1	0	0	1.0	1.0
MAP2	1	0	0	1.0	1.0
LY75-CD302	1	0	0	1.0	1.0
LRP1B	2	0	0	1.0	1.0
LMAN2L	1	0	0	1.0	1.0
LCT	1	0	0	1.0	1.0
KYNU	2	0	0	1.0	1.0
KLHL41	1	0	0	1.0	1.0
KIAA1211L	1	0	0	1.0	1.0
NPAS2	1	0	0	1.0	1.0
PRKAG3	1	0	0	1.0	1.0
NRP2	1	0	0	1.0	1.0
NT5C1B	1	0	0	1.0	1.0
PPP1R7	2	0	0	1.0	1.0
PPP1R21	1	0	0	1.0	1.0
POLR1A	2	0	0	1.0	1.0
PMS1	1	0	0	1.0	1.0
PLCL1	2	0	0	1.0	1.0
PLCD4	1	0	0	1.0	1.0
PLA2R1	2	0	0	1.0	1.0
PKP4	1	0	0	1.0	1.0
PEX13	1	0	0	1.0	1.0
PELI1	1	0	0	1.0	1.0
PDCD1	1	0	0	1.0	1.0
PCBP1	1	0	0	1.0	1.0
PASK	1	0	0	1.0	1.0
OXER1	6	0	0	1.0	1.0
OTX1	3	0	0	1.0	1.0
OTOF	2	0	0	1.0	1.0
OSBPL6	1	0	0	1.0	1.0
OBSL1	1	0	0	1.0	1.0
NTSR2	1	0	0	1.0	1.0
NRXN1	2	0	0	1.0	1.0
ABI2	1	0	0	1.0	1.0
SPPL2C	1	0	0	1.0	1.0
SRR	1	0	0	1.0	1.0
GABRR2	1	0	0	1.0	1.0
GABBR1	1	0	0	1.0	1.0
FRS3	2	0	0	1.0	1.0
FOXP4	1	0	0	1.0	1.0
FNDC1	1	0	0	1.0	1.0
FLOT1	1	0	0	1.0	1.0
FKBPL	2	0	0	1.0	1.0
FGD2	1	0	0	1.0	1.0
FAM217A	1	0	0	1.0	1.0
FAM120B	1	0	0	1.0	1.0
EZR	1	0	0	1.0	1.0
EYA4	1	0	0	1.0	1.0
EXOC2	2	0	0	1.0	1.0
ESR1	1	0	0	1.0	1.0
EPHA7	1	0	0	1.0	1.0
ENPP1	1	0	0	1.0	1.0
ELOVL5	2	0	0	1.0	1.0
EHMT2	1	0	0	1.0	1.0
EGFL8	2	0	0	1.0	1.0
GFOD1	1	0	0	1.0	1.0
EFHC1	1	0	0	1.0	1.0
GMDS	1	0	0	1.0	1.0
GPANK1	2	0	0	1.0	1.0
HLA-DRA	2	0	0	1.0	1.0
HLA-DPB1	1	0	0	1.0	1.0
HLA-C	1	0	0	1.0	1.0
HIST1H4J	1	0	0	1.0	1.0
HIST1H4G	1	0	0	1.0	1.0
HIST1H3H	1	0	0	1.0	1.0
HIST1H3E	1	0	0	1.0	1.0
HIST1H2BF	1	0	0	1.0	1.0
HIST1H2BD	2	0	0	1.0	1.0
HIST1H2BC	1	0	0	1.0	1.0
HIST1H2AH	1	0	0	1.0	1.0
HIST1H1C	1	0	0	1.0	1.0
HFE	1	0	0	1.0	1.0
HBS1L	1	0	0	1.0	1.0
GSTA2	1	0	0	1.0	1.0
GRM4	2	0	0	1.0	1.0
GPSM3	2	0	0	1.0	1.0
GPR126	1	0	0	1.0	1.0
GPR116	1	0	0	1.0	1.0
GOPC	1	0	0	1.0	1.0
HLA-DRB5	1	0	0	1.0	1.0
EEF1A1	2	0	0	1.0	1.0
DYNLT1	2	0	0	1.0	1.0
ANKRD6	1	0	0	1.0	1.0
AK9	1	0	0	1.0	1.0
AIM1	2	0	0	1.0	1.0
ABCC10	1	0	0	1.0	1.0
ZNF860	1	0	0	1.0	1.0
ZNF80	2	0	0	1.0	1.0
ZNF660	2	0	0	1.0	1.0
ZNF621	1	0	0	1.0	1.0
ZNF385D	1	0	0	1.0	1.0
ZNF148	1	0	0	1.0	1.0
ZDHHC23	1	0	0	1.0	1.0
ZBTB38	1	0	0	1.0	1.0
ZBBX	1	0	0	1.0	1.0
YEATS2	2	0	0	1.0	1.0
XXYLT1	1	0	0	1.0	1.0
XRN1	3	0	0	1.0	1.0
WDR6	1	0	0	1.0	1.0
VGLL3	1	0	0	1.0	1.0
UROC1	1	0	0	1.0	1.0
ANKS1A	1	0	0	1.0	1.0
E2F3	1	0	0	1.0	1.0
ARHGAP18	1	0	0	1.0	1.0
BAI3	1	0	0	1.0	1.0
DST	3	0	0	1.0	1.0
DSE	1	0	0	1.0	1.0
DCDC2	1	0	0	1.0	1.0
CYB5R4	1	0	0	1.0	1.0
CRISP2	1	0	0	1.0	1.0
COL11A2	1	0	0	1.0	1.0
CNR1	1	0	0	1.0	1.0
CNKSR3	1	0	0	1.0	1.0
CDKAL1	1	0	0	1.0	1.0
CDK19	1	0	0	1.0	1.0
CD109	2	0	0	1.0	1.0
CCR6	1	0	0	1.0	1.0
CCDC170	2	0	0	1.0	1.0
CAP2	1	0	0	1.0	1.0
C6orf47	1	0	0	1.0	1.0
C6orf201	1	0	0	1.0	1.0
C6orf15	1	0	0	1.0	1.0
BMP6	1	0	0	1.0	1.0
BCLAF1	2	0	0	1.0	1.0
ATF6B	1	0	0	1.0	1.0
TRIM71	1	0	0	1.0	1.0
HS3ST5	1	0	0	1.0	1.0
IMPG1	1	0	0	1.0	1.0
SPATS1	1	0	0	1.0	1.0
SOGA3	1	0	0	1.0	1.0
SNRNP48	1	0	0	1.0	1.0
SLC26A8	2	0	0	1.0	1.0
SLC22A7	1	0	0	1.0	1.0
SLC22A2	1	0	0	1.0	1.0
SLC22A16	1	0	0	1.0	1.0
SIM1	1	0	0	1.0	1.0
SGK1	1	0	0	1.0	1.0
SENP6	1	0	0	1.0	1.0
SCAF8	2	0	0	1.0	1.0
SASH1	1	0	0	1.0	1.0
SAMD5	1	0	0	1.0	1.0
RREB1	1	0	0	1.0	1.0
RRAGD	1	0	0	1.0	1.0
RPL10A	1	0	0	1.0	1.0
ROS1	1	0	0	1.0	1.0
RNF39	1	0	0	1.0	1.0
RIOK1	1	0	0	1.0	1.0
SRPK1	1	0	0	1.0	1.0
RIMS1	1	0	0	1.0	1.0
SRSF12	1	0	0	1.0	1.0
SYCP2L	2	0	0	1.0	1.0
TULP4	1	0	0	1.0	1.0
TULP1	1	0	0	1.0	1.0
TRIM26	1	0	0	1.0	1.0
TREML2	1	0	0	1.0	1.0
TNF	1	0	0	1.0	1.0
TMEM63B	1	0	0	1.0	1.0
TJAP1	1	0	0	1.0	1.0
TIAM2	2	0	0	1.0	1.0
THBS2	2	0	0	1.0	1.0
TFAP2D	1	0	0	1.0	1.0
TFAP2B	2	0	0	1.0	1.0
TCP1	1	0	0	1.0	1.0
TBX18	2	0	0	1.0	1.0
TBC1D7	1	0	0	1.0	1.0
TAPBP	2	0	0	1.0	1.0
TAGAP	1	0	0	1.0	1.0
SYNJ2	1	0	0	1.0	1.0
SYNE1	2	0	0	1.0	1.0
SYNCRIP	1	0	0	1.0	1.0
STK38	1	0	0	1.0	1.0
IL17F	1	0	0	1.0	1.0
RGL2	1	0	0	1.0	1.0
RAB32	1	0	0	1.0	1.0
MSH5	1	0	0	1.0	1.0
UQCC2	1	0	0	1.0	1.0
MLIP	4	0	0	1.0	1.0
ME1	1	0	0	1.0	1.0
MDN1	4	0	0	1.0	1.0
MDFI	1	0	0	1.0	1.0
MCM3	1	0	0	1.0	1.0
MCCD1	1	0	0	1.0	1.0
MB21D1	1	0	0	1.0	1.0
MAP3K4	1	0	0	1.0	1.0
MAN1A1	1	0	0	1.0	1.0
LHFPL5	1	0	0	1.0	1.0
LGSN	1	0	0	1.0	1.0
LAMA4	4	0	0	1.0	1.0
L3MBTL3	1	0	0	1.0	1.0
KLC4	1	0	0	1.0	1.0
KIF25	2	0	0	1.0	1.0
KIF13A	1	0	0	1.0	1.0
KCNQ5	1	0	0	1.0	1.0
MTHFD1L	1	0	0	1.0	1.0
REV3L	1	0	0	1.0	1.0
MYO6	1	0	0	1.0	1.0
NMBR	1	0	0	1.0	1.0
PTPRK	1	0	0	1.0	1.0
PTK7	1	0	0	1.0	1.0
PTCHD4	1	0	0	1.0	1.0
PRRT1	1	0	0	1.0	1.0
PRRC2A	2	0	0	1.0	1.0
PRICKLE4	1	0	0	1.0	1.0
PPT2	1	0	0	1.0	1.0
PPP1R14C	2	0	0	1.0	1.0
POU5F1	1	0	0	1.0	1.0
PNLDC1	1	0	0	1.0	1.0
PLEKHG1	2	0	0	1.0	1.0
PKHD1	3	0	0	1.0	1.0
PHIP	1	0	0	1.0	1.0
PHF3	1	0	0	1.0	1.0
PEX7	1	0	0	1.0	1.0
OR5V1	1	0	0	1.0	1.0
OR2J2	1	0	0	1.0	1.0
OR2B3	1	0	0	1.0	1.0
NOTCH4	1	0	0	1.0	1.0
NCOA7	1	0	0	1.0	1.0
SRP68	3	0	0	1.0	1.0
TRANK1	1	0	0	1.0	1.0
TOPBP1	1	0	0	1.0	1.0
DCP1A	1	0	0	1.0	1.0
DBR1	1	0	0	1.0	1.0
DALRD3	1	0	0	1.0	1.0
DAG1	1	0	0	1.0	1.0
CTNNB1	1	0	0	1.0	1.0
CPOX	1	0	0	1.0	1.0
COL8A1	1	0	0	1.0	1.0
COL6A6	2	0	0	1.0	1.0
CLSTN2	1	0	0	1.0	1.0
CHST2	1	0	0	1.0	1.0
CELSR3	1	0	0	1.0	1.0
CDCP1	1	0	0	1.0	1.0
CCDC39	3	0	0	1.0	1.0
CAMKV	1	0	0	1.0	1.0
CACNA2D3	1	0	0	1.0	1.0
C3orf67	1	0	0	1.0	1.0
C3orf62	1	0	0	1.0	1.0
C3orf18	1	0	0	1.0	1.0
BSN	2	0	0	1.0	1.0
DHX36	1	0	0	1.0	1.0
BOC	2	0	0	1.0	1.0
DNAH1	2	0	0	1.0	1.0
DNASE1L3	2	0	0	1.0	1.0
H1FX	1	0	0	1.0	1.0
GRM2	1	0	0	1.0	1.0
GPR87	1	0	0	1.0	1.0
GPR156	1	0	0	1.0	1.0
GOLGB1	1	0	0	1.0	1.0
GLYCTK	1	0	0	1.0	1.0
GBE1	1	0	0	1.0	1.0
FLNB	1	0	0	1.0	1.0
FILIP1L	1	0	0	1.0	1.0
FHIT	1	0	0	1.0	1.0
FGD5	1	0	0	1.0	1.0
FBXL2	1	0	0	1.0	1.0
EXOSC7	1	0	0	1.0	1.0
EPHB1	2	0	0	1.0	1.0
EIF2B5	1	0	0	1.0	1.0
EFHB	2	0	0	1.0	1.0
EFCAB12	1	0	0	1.0	1.0
EDEM1	3	0	0	1.0	1.0
ECE2	1	0	0	1.0	1.0
DNAJC13	3	0	0	1.0	1.0
HACL1	1	0	0	1.0	1.0
BFSP2	1	0	0	1.0	1.0
BCL6	2	0	0	1.0	1.0
USH1G	1	0	0	1.0	1.0
UBE2Z	1	0	0	1.0	1.0
UBE2O	1	0	0	1.0	1.0
TUBG1	2	0	0	1.0	1.0
TSR1	1	0	0	1.0	1.0
TRPV3	1	0	0	1.0	1.0
TRIM47	1	0	0	1.0	1.0
TRAF4	1	0	0	1.0	1.0
TNRC6C	1	0	0	1.0	1.0
TMEM102	1	0	0	1.0	1.0
TMEM100	1	0	0	1.0	1.0
TK1	1	0	0	1.0	1.0
TIMP2	1	0	0	1.0	1.0
TIMM22	1	0	0	1.0	1.0
TEX2	1	0	0	1.0	1.0
SYNRG	1	0	0	1.0	1.0
STXBP4	1	0	0	1.0	1.0
STARD3	1	0	0	1.0	1.0
STAC2	1	0	0	1.0	1.0
VMO1	1	0	0	1.0	1.0
BDH1	2	0	0	1.0	1.0
VPS53	2	0	0	1.0	1.0
WDR45B	1	0	0	1.0	1.0
BCHE	2	0	0	1.0	1.0
ATR	1	0	0	1.0	1.0
ATP2B2	1	0	0	1.0	1.0
ATG7	1	0	0	1.0	1.0
ARL14	1	0	0	1.0	1.0
AMOTL2	1	0	0	1.0	1.0
ALS2CL	1	0	0	1.0	1.0
ALG3	2	0	0	1.0	1.0
ALCAM	1	0	0	1.0	1.0
ALAS1	1	0	0	1.0	1.0
ACTL6A	1	0	0	1.0	1.0
ACAD9	1	0	0	1.0	1.0
ABHD6	1	0	0	1.0	1.0
ABHD5	1	0	0	1.0	1.0
AADACL2	1	0	0	1.0	1.0
ZZEF1	3	0	0	1.0	1.0
ZNF207	2	0	0	1.0	1.0
XYLT2	2	0	0	1.0	1.0
WNK4	1	0	0	1.0	1.0
VTN	1	0	0	1.0	1.0
TRAIP	1	0	0	1.0	1.0
HGD	1	0	0	1.0	1.0
HIGD1A	1	0	0	1.0	1.0
RPL35A	1	0	0	1.0	1.0
ROPN1B	1	0	0	1.0	1.0
RNF7	1	0	0	1.0	1.0
RNF13	1	0	0	1.0	1.0
RFTN1	1	0	0	1.0	1.0
RBM5	1	0	0	1.0	1.0
RASSF1	1	0	0	1.0	1.0
RAD54L2	3	0	0	1.0	1.0
RAB6B	1	0	0	1.0	1.0
QTRTD1	1	0	0	1.0	1.0
PXK	1	0	0	1.0	1.0
PRRT3	1	0	0	1.0	1.0
PRR23C	1	0	0	1.0	1.0
PROS1	2	0	0	1.0	1.0
PPARG	2	0	0	1.0	1.0
PLXND1	2	0	0	1.0	1.0
PLXNA1	1	0	0	1.0	1.0
PLCL2	1	0	0	1.0	1.0
PLCH1	1	0	0	1.0	1.0
RYK	1	0	0	1.0	1.0
PIK3CA	1	0	0	1.0	1.0
SCAP	2	0	0	1.0	1.0
SCN11A	1	0	0	1.0	1.0
TNNC1	1	0	0	1.0	1.0
TNIK	2	0	0	1.0	1.0
TMPRSS7	1	0	0	1.0	1.0
TMF1	1	0	0	1.0	1.0
TMCC1	1	0	0	1.0	1.0
TIMMDC1	2	0	0	1.0	1.0
THPO	1	0	0	1.0	1.0
TBCCD1	1	0	0	1.0	1.0
STXBP5L	1	0	0	1.0	1.0
STT3B	1	0	0	1.0	1.0
ST3GAL6	1	0	0	1.0	1.0
SLITRK3	2	0	0	1.0	1.0
SLC6A20	1	0	0	1.0	1.0
SIDT1	1	0	0	1.0	1.0
SHQ1	1	0	0	1.0	1.0
SETD5	1	0	0	1.0	1.0
SEC62	2	0	0	1.0	1.0
SEC22C	1	0	0	1.0	1.0
SCN5A	1	0	0	1.0	1.0
SCN10A	2	0	0	1.0	1.0
HHLA2	1	0	0	1.0	1.0
PIGZ	1	0	0	1.0	1.0
PFKFB4	1	0	0	1.0	1.0
NRROS	1	0	0	1.0	1.0
LRIG1	1	0	0	1.0	1.0
LPP	2	0	0	1.0	1.0
LMLN	1	0	0	1.0	1.0
LIMD1	1	0	0	1.0	1.0
LARS2	1	0	0	1.0	1.0
LAMB2	1	0	0	1.0	1.0
KPNA1	1	0	0	1.0	1.0
KLHL40	1	0	0	1.0	1.0
KLHL24	1	0	0	1.0	1.0
KIF15	1	0	0	1.0	1.0
KALRN	2	0	0	1.0	1.0
ITPR1	2	0	0	1.0	1.0
ITIH3	1	0	0	1.0	1.0
IMPDH2	1	0	0	1.0	1.0
IL17RB	1	0	0	1.0	1.0
IL12A	1	0	0	1.0	1.0
HYAL1	1	0	0	1.0	1.0
HPS3	1	0	0	1.0	1.0
LRRN1	1	0	0	1.0	1.0
PHLDB2	2	0	0	1.0	1.0
LSAMP	1	0	0	1.0	1.0
MAATS1	1	0	0	1.0	1.0
PDE12	1	0	0	1.0	1.0
PARP14	1	0	0	1.0	1.0
P4HTM	1	0	0	1.0	1.0
OXSM	1	0	0	1.0	1.0
OTOL1	1	0	0	1.0	1.0
OR5K4	1	0	0	1.0	1.0
OR5K1	1	0	0	1.0	1.0
OR5H14	1	0	0	1.0	1.0
NPRL2	1	0	0	1.0	1.0
NKTR	1	0	0	1.0	1.0
NKIRAS1	1	0	0	1.0	1.0
NEK10	1	0	0	1.0	1.0
MYLK	2	0	0	1.0	1.0
MUC20	1	0	0	1.0	1.0
MST1	2	0	0	1.0	1.0
MORC1	1	0	0	1.0	1.0
MITF	1	0	0	1.0	1.0
MAGI1	2	0	0	1.0	1.0
MAGEF1	1	0	0	1.0	1.0
LTF	1	0	0	1.0	1.0
ABCA4	2	0	0	1.0	1.0
ABCA12	2	0	0	1.0	1.0
ZC3H12C	1	0	0	1.0	1.0
TGFBR3	1	0	0	1.0	1.0
TDRD5	1	0	0	1.0	1.0
TAS1R3	2	0	0	1.0	1.0
TAS1R2	1	0	0	1.0	1.0
TAS1R1	1	0	0	1.0	1.0
TARBP1	1	0	0	1.0	1.0
SZT2	2	0	0	1.0	1.0
STXBP3	1	0	0	1.0	1.0
STX12	1	0	0	1.0	1.0
SPTA1	5	0	0	1.0	1.0
SPOCD1	1	0	0	1.0	1.0
SPAG17	1	0	0	1.0	1.0
SLC6A9	1	0	0	1.0	1.0
SLC50A1	1	0	0	1.0	1.0
SLC45A3	1	0	0	1.0	1.0
SLC44A3	1	0	0	1.0	1.0
SLC41A1	1	0	0	1.0	1.0
SLC2A5	2	0	0	1.0	1.0
SLC26A9	1	0	0	1.0	1.0
THBS3	1	0	0	1.0	1.0
SLC1A7	2	0	0	1.0	1.0
TIE1	3	0	0	1.0	1.0
TMCO2	1	0	0	1.0	1.0
USH2A	2	0	0	1.0	1.0
UBR4	1	0	0	1.0	1.0
UBE4B	1	0	0	1.0	1.0
TTLL7	2	0	0	1.0	1.0
TSPAN2	1	0	0	1.0	1.0
TROVE2	1	0	0	1.0	1.0
TRIM46	1	0	0	1.0	1.0
TRIM33	1	0	0	1.0	1.0
TRAF3IP3	1	0	0	1.0	1.0
TPM3	2	0	0	1.0	1.0
TP73	2	0	0	1.0	1.0
TOR1AIP1	1	0	0	1.0	1.0
TNFSF4	1	0	0	1.0	1.0
TNFRSF8	1	0	0	1.0	1.0
TNFRSF1B	1	0	0	1.0	1.0
TMEM63A	1	0	0	1.0	1.0
TMEM54	1	0	0	1.0	1.0
TMEM53	1	0	0	1.0	1.0
TMCO4	1	0	0	1.0	1.0
TM2D1	1	0	0	1.0	1.0
USP24	1	0	0	1.0	1.0
SH3D21	1	0	0	1.0	1.0
SETDB1	1	0	0	1.0	1.0
PRDM16	1	0	0	1.0	1.0
PPP1R12B	1	0	0	1.0	1.0
PLXNA2	1	0	0	1.0	1.0
PLEKHN1	1	0	0	1.0	1.0
PLEKHM2	1	0	0	1.0	1.0
PIAS3	1	0	0	1.0	1.0
PI4KB	2	0	0	1.0	1.0
PHGDH	1	0	0	1.0	1.0
PGBD5	1	0	0	1.0	1.0
PGBD2	2	0	0	1.0	1.0
PEX10	1	0	0	1.0	1.0
PEAR1	1	0	0	1.0	1.0
PDIK1L	1	0	0	1.0	1.0
PDE4DIP	1	0	0	1.0	1.0
PCNXL2	2	0	0	1.0	1.0
PAQR6	1	0	0	1.0	1.0
PADI3	1	0	0	1.0	1.0
PADI1	1	0	0	1.0	1.0
OVGP1	1	0	0	1.0	1.0
PRDM2	1	0	0	1.0	1.0
SF3B4	1	0	0	1.0	1.0
PRDX1	1	0	0	1.0	1.0
PTCHD2	1	0	0	1.0	1.0
SELP	1	0	0	1.0	1.0
S1PR1	2	0	0	1.0	1.0
RUSC1	1	0	0	1.0	1.0
RPTN	2	0	0	1.0	1.0
RGL1	1	0	0	1.0	1.0
RFX5	1	0	0	1.0	1.0
RERE	3	0	0	1.0	1.0
RCC1	1	0	0	1.0	1.0
RC3H1	1	0	0	1.0	1.0
RBM34	1	0	0	1.0	1.0
RAP1GAP	1	0	0	1.0	1.0
RAP1A	1	0	0	1.0	1.0
RALGPS2	1	0	0	1.0	1.0
QSOX1	1	0	0	1.0	1.0
PVRL4	1	0	0	1.0	1.0
PTPRU	1	0	0	1.0	1.0
PTPN7	1	0	0	1.0	1.0
PTPN22	1	0	0	1.0	1.0
PTGER3	1	0	0	1.0	1.0
PRRC2C	2	0	0	1.0	1.0
OTUD7B	1	0	0	1.0	1.0
VANGL1	1	0	0	1.0	1.0
VCAM1	1	0	0	1.0	1.0
CPAMD8	1	0	0	1.0	1.0
COL5A3	3	0	0	1.0	1.0
CILP2	1	0	0	1.0	1.0
CHST8	2	0	0	1.0	1.0
CELF5	2	0	0	1.0	1.0
CEACAM8	1	0	0	1.0	1.0
CEACAM5	1	0	0	1.0	1.0
CEACAM1	1	0	0	1.0	1.0
CDC42EP5	1	0	0	1.0	1.0
CCDC97	1	0	0	1.0	1.0
CCDC9	1	0	0	1.0	1.0
CCDC61	1	0	0	1.0	1.0
CCDC105	2	0	0	1.0	1.0
CC2D1A	1	0	0	1.0	1.0
CATSPERG	1	0	0	1.0	1.0
CATSPERD	1	0	0	1.0	1.0
CAMSAP3	1	0	0	1.0	1.0
CACNA1A	2	0	0	1.0	1.0
CABP5	1	0	0	1.0	1.0
CPT1C	1	0	0	1.0	1.0
C3	1	0	0	1.0	1.0
CREB3L3	3	0	0	1.0	1.0
CYP2F1	2	0	0	1.0	1.0
FARSA	1	0	0	1.0	1.0
FAM98C	2	0	0	1.0	1.0
FAM187B	1	0	0	1.0	1.0
EXOC3L2	1	0	0	1.0	1.0
ERF	1	0	0	1.0	1.0
EPS8L1	1	0	0	1.0	1.0
EPS15L1	1	0	0	1.0	1.0
EMR3	1	0	0	1.0	1.0
EMR2	2	0	0	1.0	1.0
ECSIT	1	0	0	1.0	1.0
DPP9	2	0	0	1.0	1.0
DPF1	1	0	0	1.0	1.0
DNM2	1	0	0	1.0	1.0
DNASE2	2	0	0	1.0	1.0
DMPK	1	0	0	1.0	1.0
DEDD2	1	0	0	1.0	1.0
DDX39A	1	0	0	1.0	1.0
DAPK3	1	0	0	1.0	1.0
CYP4F11	1	0	0	1.0	1.0
CYP2A13	1	0	0	1.0	1.0
VAV3	1	0	0	1.0	1.0
C19orf52	1	0	0	1.0	1.0
MISP	1	0	0	1.0	1.0
ACER1	1	0	0	1.0	1.0
ZSCAN20	1	0	0	1.0	1.0
ZNF692	1	0	0	1.0	1.0
ZNF687	1	0	0	1.0	1.0
ZNF683	1	0	0	1.0	1.0
ZNF669	1	0	0	1.0	1.0
ZNF436	1	0	0	1.0	1.0
ZNF362	1	0	0	1.0	1.0
ZBTB18	1	0	0	1.0	1.0
ZMYM4	1	0	0	1.0	1.0
ZC3H12A	1	0	0	1.0	1.0
ZC3H11A	1	0	0	1.0	1.0
ZBTB7B	1	0	0	1.0	1.0
XPR1	1	0	0	1.0	1.0
WRAP73	1	0	0	1.0	1.0
WNT9A	1	0	0	1.0	1.0
WNT4	1	0	0	1.0	1.0
WLS	1	0	0	1.0	1.0
VPS13D	3	0	0	1.0	1.0
ACTL9	1	0	0	1.0	1.0
C19orf35	1	0	0	1.0	1.0
ADAMTS10	1	0	0	1.0	1.0
ANGPTL4	1	0	0	1.0	1.0
BTBD2	2	0	0	1.0	1.0
BSG	1	0	0	1.0	1.0
BCL2L12	1	0	0	1.0	1.0
BCAM	1	0	0	1.0	1.0
BBC3	1	0	0	1.0	1.0
B3GNT8	3	0	0	1.0	1.0
ATP8B3	1	0	0	1.0	1.0
ATP4A	2	0	0	1.0	1.0
ATP1A3	1	0	0	1.0	1.0
ASPDH	1	0	0	1.0	1.0
ARRDC5	1	0	0	1.0	1.0
ARRDC2	1	0	0	1.0	1.0
ARHGEF18	1	0	0	1.0	1.0
ARHGAP33	1	0	0	1.0	1.0
APLP1	1	0	0	1.0	1.0
AP3D1	1	0	0	1.0	1.0
ANO8	1	0	0	1.0	1.0
ANKRD27	1	0	0	1.0	1.0
ANGPTL6	1	0	0	1.0	1.0
ALKBH6	1	0	0	1.0	1.0
FBN3	2	0	0	1.0	1.0
ORC1	1	0	0	1.0	1.0
OR2T4	1	0	0	1.0	1.0
DAB1	1	0	0	1.0	1.0
CYP4B1	1	0	0	1.0	1.0
CYB5R1	1	0	0	1.0	1.0
CSMD2	7	0	0	1.0	1.0
CSF3R	1	0	0	1.0	1.0
CSDE1	2	0	0	1.0	1.0
CRTC2	1	0	0	1.0	1.0
CRP	1	0	0	1.0	1.0
CROCC	2	0	0	1.0	1.0
CRB1	1	0	0	1.0	1.0
CR1	1	0	0	1.0	1.0
COL24A1	2	0	0	1.0	1.0
CNST	1	0	0	1.0	1.0
CLSTN1	1	0	0	1.0	1.0
CLCA4	1	0	0	1.0	1.0
CLCA1	1	0	0	1.0	1.0
CHRM3	1	0	0	1.0	1.0
CHD1L	1	0	0	1.0	1.0
CGN	2	0	0	1.0	1.0
DBT	2	0	0	1.0	1.0
CFH	1	0	0	1.0	1.0
DCST2	1	0	0	1.0	1.0
DEGS1	1	0	0	1.0	1.0
FBXO44	1	0	0	1.0	1.0
FBLIM1	1	0	0	1.0	1.0
FAM46B	1	0	0	1.0	1.0
FABP3	1	0	0	1.0	1.0
FAAH	1	0	0	1.0	1.0
EXOSC10	1	0	0	1.0	1.0
EVA1B	1	0	0	1.0	1.0
ESPN	1	0	0	1.0	1.0
EPRS	1	0	0	1.0	1.0
EPHA8	1	0	0	1.0	1.0
EPHA2	1	0	0	1.0	1.0
ELOVL1	2	0	0	1.0	1.0
EIF4G3	1	0	0	1.0	1.0
EFNA3	1	0	0	1.0	1.0
EFCAB14	2	0	0	1.0	1.0
DNAJC16	1	0	0	1.0	1.0
DNAJC11	1	0	0	1.0	1.0
DHCR24	1	0	0	1.0	1.0
DENND4B	2	0	0	1.0	1.0
DDR2	1	0	0	1.0	1.0
FCRL2	1	0	0	1.0	1.0
CEP170	1	0	0	1.0	1.0
CELSR2	2	0	0	1.0	1.0
BAI2	1	0	0	1.0	1.0
ATP2B4	2	0	0	1.0	1.0
ATP1A1	2	0	0	1.0	1.0
ASTN1	2	0	0	1.0	1.0
ASH1L	3	0	0	1.0	1.0
ARHGEF2	2	0	0	1.0	1.0
ARHGEF19	1	0	0	1.0	1.0
ARHGAP30	1	0	0	1.0	1.0
ANKRD35	1	0	0	1.0	1.0
ANGPTL7	1	0	0	1.0	1.0
ANGPTL1	2	0	0	1.0	1.0
AKT3	1	0	0	1.0	1.0
AGRN	2	0	0	1.0	1.0
AGL	1	0	0	1.0	1.0
ADSS	1	0	0	1.0	1.0
ADAMTSL4	2	0	0	1.0	1.0
ADAM15	1	0	0	1.0	1.0
ACTA1	1	0	0	1.0	1.0
ACP6	1	0	0	1.0	1.0
BCAN	1	0	0	1.0	1.0
CENPF	2	0	0	1.0	1.0
BCL9	1	0	0	1.0	1.0
C1orf127	1	0	0	1.0	1.0
CDK11A	1	0	0	1.0	1.0
CDC7	1	0	0	1.0	1.0
CDC42	1	0	0	1.0	1.0
CD84	1	0	0	1.0	1.0
CD5L	1	0	0	1.0	1.0
CD1A	1	0	0	1.0	1.0
CD160	2	0	0	1.0	1.0
CD101	1	0	0	1.0	1.0
CCDC27	1	0	0	1.0	1.0
CCDC24	1	0	0	1.0	1.0
CC2D1B	1	0	0	1.0	1.0
CATSPER4	2	0	0	1.0	1.0
CASZ1	1	0	0	1.0	1.0
CAPN9	2	0	0	1.0	1.0
CACNA1E	1	0	0	1.0	1.0
C8B	1	0	0	1.0	1.0
C4BPA	1	0	0	1.0	1.0
C1orf210	1	0	0	1.0	1.0
C1orf141	1	0	0	1.0	1.0
CCDC181	1	0	0	1.0	1.0
OR6K2	1	0	0	1.0	1.0
FCRL3	1	0	0	1.0	1.0
FGR	2	0	0	1.0	1.0
MAN1C1	1	0	0	1.0	1.0
MACF1	3	0	0	1.0	1.0
LY9	1	0	0	1.0	1.0
LRRIQ3	1	0	0	1.0	1.0
LRIF1	2	0	0	1.0	1.0
LPHN2	1	0	0	1.0	1.0
LMX1A	1	0	0	1.0	1.0
LMOD1	1	0	0	1.0	1.0
LEPR	1	0	0	1.0	1.0
LCE1C	1	0	0	1.0	1.0
LAMTOR5	1	0	0	1.0	1.0
LAMB3	1	0	0	1.0	1.0
KNCN	1	0	0	1.0	1.0
KLHDC7A	2	0	0	1.0	1.0
KIF26B	1	0	0	1.0	1.0
KIF21B	1	0	0	1.0	1.0
KIF17	1	0	0	1.0	1.0
KIAA1522	1	0	0	1.0	1.0
KIAA0754	2	0	0	1.0	1.0
MFSD4	2	0	0	1.0	1.0
KIAA0319L	2	0	0	1.0	1.0
MIA3	1	0	0	1.0	1.0
MTF2	2	0	0	1.0	1.0
OR2T27	1	0	0	1.0	1.0
OR2M3	1	0	0	1.0	1.0
OR2L3	1	0	0	1.0	1.0
OR2L13	1	0	0	1.0	1.0
OR14I1	1	0	0	1.0	1.0
OR14C36	1	0	0	1.0	1.0
NUP210L	1	0	0	1.0	1.0
NUDT17	1	0	0	1.0	1.0
NTNG1	1	0	0	1.0	1.0
NSL1	1	0	0	1.0	1.0
NRAS	20	0	0	1.0	1.0
NPPA	1	0	0	1.0	1.0
NIPAL3	1	0	0	1.0	1.0
NDUFS2	1	0	0	1.0	1.0
NBPF10	1	1	0	1.0	1.0
NADK	1	0	0	1.0	1.0
MYBPH	1	0	0	1.0	1.0
MUC1	2	0	0	1.0	1.0
MTR	1	0	0	1.0	1.0
MTF1	2	0	0	1.0	1.0
FGGY	1	0	0	1.0	1.0
KCNN3	1	0	0	1.0	1.0
KANK4	2	0	0	1.0	1.0
HEATR1	2	0	0	1.0	1.0
GRIK3	1	0	0	1.0	1.0
GRHL3	1	0	0	1.0	1.0
GPR89A	1	0	0	1.0	1.0
GPN2	1	0	0	1.0	1.0
GNPAT	2	0	0	1.0	1.0
GNAT2	1	0	0	1.0	1.0
GJA4	1	0	0	1.0	1.0
GFI1	1	0	0	1.0	1.0
FUBP1	1	0	0	1.0	1.0
FRRS1	1	0	0	1.0	1.0
FPGT-TNNI3K	1	0	0	1.0	1.0
FNDC5	1	0	0	1.0	1.0
FNBP1L	1	0	0	1.0	1.0
FMO4	1	0	0	1.0	1.0
FMO1	1	0	0	1.0	1.0
FLG2	1	0	0	1.0	1.0
FLG	4	0	0	1.0	1.0
FHL3	1	0	0	1.0	1.0
HEYL	1	0	0	1.0	1.0
KAZN	1	0	0	1.0	1.0
HFM1	1	0	0	1.0	1.0
HIST2H2AC	1	0	0	1.0	1.0
ITGA10	2	0	0	1.0	1.0
IQGAP3	1	0	0	1.0	1.0
IPO9	1	0	0	1.0	1.0
INTS3	1	0	0	1.0	1.0
INSRR	3	0	0	1.0	1.0
INPP5B	1	0	0	1.0	1.0
IL12RB2	1	0	0	1.0	1.0
IGSF9	1	0	0	1.0	1.0
IGFN1	2	0	0	1.0	1.0
IFI16	1	0	0	1.0	1.0
HSPG2	4	0	0	1.0	1.0
HSD3B2	1	0	0	1.0	1.0
HPDL	1	0	0	1.0	1.0
HOOK1	1	0	0	1.0	1.0
HMCN1	5	0	0	1.0	1.0
HLX	1	0	0	1.0	1.0
HIVEP3	1	0	0	1.0	1.0
HIST3H2A	1	0	0	1.0	1.0
HIST2H3D	2	0	0	1.0	1.0
HHIPL2	2	0	0	1.0	1.0
ZNHIT2	1	0	0	1.0	1.0
FCGBP	1	0	0	1.0	1.0
FKRP	2	0	0	1.0	1.0
LRRC4C	1	0	0	1.0	1.0
LRRC32	2	0	0	1.0	1.0
LRFN4	1	0	0	1.0	1.0
LGR4	1	0	0	1.0	1.0
LDLRAD3	1	0	0	1.0	1.0
LDHA	1	0	0	1.0	1.0
KRTAP5-9	1	0	0	1.0	1.0
KRTAP5-5	1	0	0	1.0	1.0
KLHL35	1	0	0	1.0	1.0
KIRREL3	1	0	0	1.0	1.0
KIAA1549L	1	0	0	1.0	1.0
KDM2A	1	0	0	1.0	1.0
KBTBD3	1	0	0	1.0	1.0
IRF7	1	0	0	1.0	1.0
INPPL1	1	0	0	1.0	1.0
INCENP	1	0	0	1.0	1.0
HTR3B	1	0	0	1.0	1.0
HTR3A	1	0	0	1.0	1.0
HRAS	8	0	0	1.0	1.0
LSP1	1	0	0	1.0	1.0
HNRNPUL2	2	0	0	1.0	1.0
MAML2	1	0	0	1.0	1.0
MEN1	1	0	0	1.0	1.0
NXPE2	1	0	0	1.0	1.0
NRXN2	1	0	0	1.0	1.0
NLRP6	1	0	0	1.0	1.0
NLRP14	1	0	0	1.0	1.0
NFRKB	1	0	0	1.0	1.0
NCAPD3	2	0	0	1.0	1.0
MYO7A	1	0	0	1.0	1.0
MYBPC3	2	0	0	1.0	1.0
MUC6	1	0	0	1.0	1.0
MUC5B	2	0	0	1.0	1.0
MUC5AC	1	0	0	1.0	1.0
MUC2	2	0	0	1.0	1.0
MRVI1	1	0	0	1.0	1.0
MMP8	1	0	0	1.0	1.0
MMP3	1	0	0	1.0	1.0
MMP13	1	0	0	1.0	1.0
MMP10	1	0	0	1.0	1.0
KMT2A	3	0	0	1.0	1.0
MICAL2	1	0	0	1.0	1.0
MAP6	1	0	0	1.0	1.0
OPCML	1	0	0	1.0	1.0
H2AFX	1	0	0	1.0	1.0
GPR152	1	0	0	1.0	1.0
CYB5R2	1	0	0	1.0	1.0
CXCR5	1	0	0	1.0	1.0
CTTN	1	0	0	1.0	1.0
CTR9	1	0	0	1.0	1.0
CSTF3	1	0	0	1.0	1.0
CREBZF	2	0	0	1.0	1.0
CNTN5	2	0	0	1.0	1.0
CNIH2	1	0	0	1.0	1.0
CHRNA10	2	0	0	1.0	1.0
CEP164	1	0	0	1.0	1.0
CDC42EP2	1	0	0	1.0	1.0
CDC42BPG	1	0	0	1.0	1.0
CD5	1	0	0	1.0	1.0
CD44	1	0	0	1.0	1.0
CD3D	1	0	0	1.0	1.0
CD248	1	0	0	1.0	1.0
CCDC88B	1	0	0	1.0	1.0
CCDC67	1	0	0	1.0	1.0
CALCB	1	0	0	1.0	1.0
DAGLA	1	0	0	1.0	1.0
GTF2H1	1	0	0	1.0	1.0
DDX25	2	0	0	1.0	1.0
DPP3	2	0	0	1.0	1.0
GALNT18	1	0	0	1.0	1.0
FUT4	1	0	0	1.0	1.0
FOLR2	1	0	0	1.0	1.0
FOLH1	1	0	0	1.0	1.0
FLI1	1	0	0	1.0	1.0
FCHSD2	1	0	0	1.0	1.0
FBXO3	1	0	0	1.0	1.0
FAT3	5	0	0	1.0	1.0
ULBP1	2	0	0	1.0	1.0
FAM76B	1	0	0	1.0	1.0
FADS1	1	0	0	1.0	1.0
EXT2	1	0	0	1.0	1.0
EML3	1	0	0	1.0	1.0
EIF4G2	1	0	0	1.0	1.0
EIF3F	1	0	0	1.0	1.0
EHD1	1	0	0	1.0	1.0
EED	2	0	0	1.0	1.0
DYNC2H1	5	0	0	1.0	1.0
DRD4	2	0	0	1.0	1.0
DENND5A	1	0	0	1.0	1.0
C2CD3	1	0	0	1.0	1.0
OR10AG1	1	0	0	1.0	1.0
OR2AT4	1	0	0	1.0	1.0
SLC43A1	1	0	0	1.0	1.0
SLC35F2	1	0	0	1.0	1.0
SLC25A45	2	0	0	1.0	1.0
SLC25A22	1	0	0	1.0	1.0
SLC22A11	1	0	0	1.0	1.0
SLC1A2	1	0	0	1.0	1.0
SIK3	1	0	0	1.0	1.0
SIDT2	1	0	0	1.0	1.0
SIAE	1	0	0	1.0	1.0
SHANK2	1	0	0	1.0	1.0
SERPINH1	1	0	0	1.0	1.0
SCN3B	2	0	0	1.0	1.0
RSF1	1	0	0	1.0	1.0
RRM1	1	0	0	1.0	1.0
RPUSD4	1	0	0	1.0	1.0
RPS6KB2	1	0	0	1.0	1.0
RIC3	1	0	0	1.0	1.0
REXO2	2	0	0	1.0	1.0
RCOR2	1	0	0	1.0	1.0
SLCO2B1	3	0	0	1.0	1.0
RAG1	1	0	0	1.0	1.0
SPTBN2	1	0	0	1.0	1.0
STT3A	2	0	0	1.0	1.0
WNT11	1	0	0	1.0	1.0
VSIG2	2	0	0	1.0	1.0
USP2	2	0	0	1.0	1.0
USH1C	1	0	0	1.0	1.0
UBE4A	1	0	0	1.0	1.0
TYR	1	0	0	1.0	1.0
TTC36	1	0	0	1.0	1.0
TSSC4	1	0	0	1.0	1.0
TSPAN4	1	0	0	1.0	1.0
TRPM5	1	0	0	1.0	1.0
TRIM51	1	0	0	1.0	1.0
TRAF6	1	0	0	1.0	1.0
TNNT3	1	0	0	1.0	1.0
TNKS1BP1	2	0	0	1.0	1.0
TMEM109	1	0	0	1.0	1.0
TCP11L1	1	0	0	1.0	1.0
TBCEL	1	0	0	1.0	1.0
SVIP	1	0	0	1.0	1.0
SUV420H1	1	0	0	1.0	1.0
SSH3	1	0	0	1.0	1.0
OR10Q1	2	0	0	1.0	1.0
QSER1	1	0	0	1.0	1.0
PRR5L	1	0	0	1.0	1.0
OR5AK2	2	0	0	1.0	1.0
OR56B4	1	0	0	1.0	1.0
OR52R1	1	0	0	1.0	1.0
OR52N4	1	0	0	1.0	1.0
OR52D1	1	0	0	1.0	1.0
OR52A1	2	0	0	1.0	1.0
OR51V1	1	0	0	1.0	1.0
OR51I1	1	0	0	1.0	1.0
OR51G1	1	0	0	1.0	1.0
OR51F1	1	0	0	1.0	1.0
OR4X1	3	0	0	1.0	1.0
OR4S1	1	0	0	1.0	1.0
OR4P4	1	0	0	1.0	1.0
OR4D9	1	0	0	1.0	1.0
OR4D5	1	0	0	1.0	1.0
OR4C3	1	0	0	1.0	1.0
OR4A5	1	0	0	1.0	1.0
OR4A47	1	0	0	1.0	1.0
OR2D3	1	0	0	1.0	1.0
OR5AR1	2	0	0	1.0	1.0
PTPRJ	1	0	0	1.0	1.0
OR5B21	1	0	0	1.0	1.0
OR5I1	1	0	0	1.0	1.0
PRKRIR	1	0	0	1.0	1.0
PRDM10	1	0	0	1.0	1.0
POU2F3	1	0	0	1.0	1.0
PLEKHA7	1	0	0	1.0	1.0
PHRF1	1	0	0	1.0	1.0
PGAP2	1	0	0	1.0	1.0
PDE2A	1	0	0	1.0	1.0
PCSK7	1	0	0	1.0	1.0
PATE1	1	0	0	1.0	1.0
PACSIN3	1	0	0	1.0	1.0
P2RY2	1	0	0	1.0	1.0
OR8K5	1	0	0	1.0	1.0
OR8H2	3	0	0	1.0	1.0
OR8D1	1	0	0	1.0	1.0
OR5T2	2	0	0	1.0	1.0
OR5M3	2	0	0	1.0	1.0
OR5M10	2	0	0	1.0	1.0
OR5M1	1	0	0	1.0	1.0
OR5L1	3	0	0	1.0	1.0
OR5B3	1	0	0	1.0	1.0
FCGRT	2	0	0	1.0	1.0
C11orf87	2	0	0	1.0	1.0
C11orf70	1	0	0	1.0	1.0
PAPL	1	0	0	1.0	1.0
OR7G3	1	0	0	1.0	1.0
OR7C2	1	0	0	1.0	1.0
OR7A17	1	0	0	1.0	1.0
OR2Z1	1	0	0	1.0	1.0
OLFM2	1	0	0	1.0	1.0
NWD1	3	0	0	1.0	1.0
NPHS1	1	0	0	1.0	1.0
NLRP9	1	0	0	1.0	1.0
NLRP5	1	0	0	1.0	1.0
NLRP4	1	0	0	1.0	1.0
NLRP11	2	0	0	1.0	1.0
NDUFA7	1	0	0	1.0	1.0
NCR1	2	0	0	1.0	1.0
NCAN	1	0	0	1.0	1.0
NANOS3	1	0	0	1.0	1.0
MYO9B	2	0	0	1.0	1.0
MPV17L2	1	0	0	1.0	1.0
MLLT1	2	0	0	1.0	1.0
PEG3	2	0	0	1.0	1.0
MED16	1	0	0	1.0	1.0
PIAS4	1	0	0	1.0	1.0
POLD1	1	0	0	1.0	1.0
SAMD1	1	0	0	1.0	1.0
RYR1	4	0	0	1.0	1.0
RSPH6A	1	0	0	1.0	1.0
RPS11	2	0	0	1.0	1.0
RPL18	1	0	0	1.0	1.0
RELB	1	0	0	1.0	1.0
RAVER1	2	0	0	1.0	1.0
QTRT1	1	0	0	1.0	1.0
PTPRS	1	0	0	1.0	1.0
PSG9	2	0	0	1.0	1.0
PSG7	2	0	0	1.0	1.0
PRSS57	1	0	0	1.0	1.0
PRR22	1	0	0	1.0	1.0
PRR12	2	0	0	1.0	1.0
PRKD2	1	0	0	1.0	1.0
PPP2R1A	1	0	0	1.0	1.0
PPP1R13L	2	0	0	1.0	1.0
PPFIA3	2	0	0	1.0	1.0
POU2F2	1	0	0	1.0	1.0
PIP5K1C	1	0	0	1.0	1.0
SAMD4B	1	0	0	1.0	1.0
MCOLN1	1	0	0	1.0	1.0
MAST1	1	0	0	1.0	1.0
KANK3	1	0	0	1.0	1.0
KANK2	1	0	0	1.0	1.0
ISOC2	1	0	0	1.0	1.0
IFNL3	1	0	0	1.0	1.0
IGFLR1	1	0	0	1.0	1.0
ICAM1	2	0	0	1.0	1.0
HIF3A	2	0	0	1.0	1.0
HDGFRP2	1	0	0	1.0	1.0
HAS1	1	0	0	1.0	1.0
GZMM	1	0	0	1.0	1.0
C5AR2	1	0	0	1.0	1.0
GPR4	1	0	0	1.0	1.0
GMIP	1	0	0	1.0	1.0
GIPC3	3	0	0	1.0	1.0
GDF15	1	0	0	1.0	1.0
FUT3	2	0	0	1.0	1.0
FUT1	1	0	0	1.0	1.0
FPR2	1	0	0	1.0	1.0
FPR1	3	0	0	1.0	1.0
KCNA7	2	0	0	1.0	1.0
MAU2	1	0	0	1.0	1.0
KCNC3	1	0	0	1.0	1.0
KCNN1	1	0	0	1.0	1.0
MAP2K2	1	0	0	1.0	1.0
MAP1S	1	0	0	1.0	1.0
LYPD4	1	0	0	1.0	1.0
LTBP4	2	0	0	1.0	1.0
LRRC4B	1	0	0	1.0	1.0
LRFN1	1	0	0	1.0	1.0
LPHN1	1	0	0	1.0	1.0
LONP1	1	0	0	1.0	1.0
LMTK3	2	0	0	1.0	1.0
LIPE	1	0	0	1.0	1.0
LILRB1	1	0	0	1.0	1.0
LILRA2	1	0	0	1.0	1.0
KRI1	1	0	0	1.0	1.0
KLK13	1	0	0	1.0	1.0
KLK11	1	0	0	1.0	1.0
KLHL26	1	0	0	1.0	1.0
KIR3DL2	2	0	0	1.0	1.0
KIR2DL1	1	0	0	1.0	1.0
KIAA1683	2	0	0	1.0	1.0
KCNK6	1	0	0	1.0	1.0
C11orf74	1	0	0	1.0	1.0
SBNO2	1	0	0	1.0	1.0
SERTAD3	1	0	0	1.0	1.0
AHNAK	1	0	0	1.0	1.0
ADRBK1	1	0	0	1.0	1.0
ADM	1	0	0	1.0	1.0
ADAMTS8	2	0	0	1.0	1.0
ABCC8	1	0	0	1.0	1.0
ZSCAN5B	3	0	0	1.0	1.0
ZSCAN18	1	0	0	1.0	1.0
ZNF791	1	0	0	1.0	1.0
ZNF790	1	0	0	1.0	1.0
ZNF600	1	0	0	1.0	1.0
ZNF585B	1	0	0	1.0	1.0
ZNF578	1	0	0	1.0	1.0
ZNF565	1	0	0	1.0	1.0
ZNF564	1	0	0	1.0	1.0
ZNF560	1	0	0	1.0	1.0
ZNF556	1	0	0	1.0	1.0
ZNF528	1	0	0	1.0	1.0
ZNF493	1	0	0	1.0	1.0
ZNF470	1	0	0	1.0	1.0
ANAPC15	1	0	0	1.0	1.0
ZNF461	1	0	0	1.0	1.0
ANKRD42	1	0	0	1.0	1.0
ANO5	1	0	0	1.0	1.0
C11orf63	1	0	0	1.0	1.0
C11orf45	1	0	0	1.0	1.0
BCL9L	2	0	0	1.0	1.0
B3GAT3	1	0	0	1.0	1.0
B3GAT1	1	0	0	1.0	1.0
ATP5L	1	0	0	1.0	1.0
ATM	2	0	0	1.0	1.0
ATG2A	1	0	0	1.0	1.0
ATG16L2	1	0	0	1.0	1.0
ASRGL1	1	0	0	1.0	1.0
ART5	1	0	0	1.0	1.0
ARHGEF17	3	0	0	1.0	1.0
ARFIP2	2	0	0	1.0	1.0
ARFGAP2	1	0	0	1.0	1.0
ARCN1	1	0	0	1.0	1.0
ARAP1	3	0	0	1.0	1.0
APBB1	1	0	0	1.0	1.0
AP2A2	1	0	0	1.0	1.0
ANO9	2	0	0	1.0	1.0
ANO3	2	0	0	1.0	1.0
SCAF1	2	0	0	1.0	1.0
ZNF446	1	0	0	1.0	1.0
ZNF324B	1	0	0	1.0	1.0
THEG	1	0	0	1.0	1.0
TCF3	2	0	0	1.0	1.0
SWSAP1	2	0	0	1.0	1.0
STK11	1	0	0	1.0	1.0
SPTBN4	4	0	0	1.0	1.0
SNRNP70	1	0	0	1.0	1.0
SMARCA4	2	0	0	1.0	1.0
SLC6A16	1	0	0	1.0	1.0
SLC5A5	1	0	0	1.0	1.0
SLC44A2	1	0	0	1.0	1.0
SLC39A3	1	0	0	1.0	1.0
SLC27A5	1	0	0	1.0	1.0
SLC1A6	1	0	0	1.0	1.0
SLC17A7	1	0	0	1.0	1.0
SIX5	1	0	0	1.0	1.0
SIN3B	1	0	0	1.0	1.0
SIGLEC11	1	0	0	1.0	1.0
SHANK1	2	0	0	1.0	1.0
SH3GL1	2	0	0	1.0	1.0
TJP3	1	0	0	1.0	1.0
ZNF426	1	0	0	1.0	1.0
TMEM143	2	0	0	1.0	1.0
TNPO2	1	0	0	1.0	1.0
ZNF260	1	0	0	1.0	1.0
ZNF254	1	0	0	1.0	1.0
ZNF234	2	0	0	1.0	1.0
ZNF225	1	0	0	1.0	1.0
ZNF223	2	0	0	1.0	1.0
ZNF211	1	0	0	1.0	1.0
ZNF208	1	0	0	1.0	1.0
ZNF177	1	0	0	1.0	1.0
ZNF135	1	0	0	1.0	1.0
ZFP36	1	0	0	1.0	1.0
ZC3H4	1	0	0	1.0	1.0
WIZ	1	0	0	1.0	1.0
VN1R2	1	0	0	1.0	1.0
UPF1	1	0	0	1.0	1.0
UNC13A	3	0	0	1.0	1.0
UBE2S	1	0	0	1.0	1.0
TULP2	2	0	0	1.0	1.0
TTC9B	1	0	0	1.0	1.0
TRAPPC5	1	0	0	1.0	1.0
TMEM38A	1	0	0	1.0	1.0
FANCF	1	0	0	1.0	1.0
USP9Y	1	0	0	1.0	1.0
UST	1	0	0	1.0	1.0
LETM1	2	0	0	1.0	1.0
KIAA1211	2	0	0	1.0	1.0
KIAA0922	1	0	0	1.0	1.0
KDR	1	0	0	1.0	1.0
JAKMIP1	1	0	0	1.0	1.0
HNRNPDL	1	0	0	1.0	1.0
HGFAC	1	0	0	1.0	1.0
HERC5	1	0	0	1.0	1.0
HERC3	1	0	0	1.0	1.0
HELQ	1	0	0	1.0	1.0
GRXCR1	1	0	0	1.0	1.0
GNPDA2	1	0	0	1.0	1.0
GALNT7	1	0	0	1.0	1.0
FRYL	2	0	0	1.0	1.0
FRG1	2	0	0	1.0	1.0
FRAS1	3	0	0	1.0	1.0
FAT1	1	0	0	1.0	1.0
FAM198B	1	0	0	1.0	1.0
FAM13A	2	0	0	1.0	1.0
F11	1	0	0	1.0	1.0
EPHA5	1	0	0	1.0	1.0
ENPP6	1	0	0	1.0	1.0
ENPEP	5	0	0	1.0	1.0
LIN54	2	0	0	1.0	1.0
LRP2BP	1	0	0	1.0	1.0
LRPAP1	1	0	0	1.0	1.0
MARCH1	1	0	0	1.0	1.0
REST	1	0	0	1.0	1.0
RBM47	1	0	0	1.0	1.0
RBM46	1	0	0	1.0	1.0
RASGEF1B	1	0	0	1.0	1.0
RAB33B	1	0	0	1.0	1.0
PTPN13	2	0	0	1.0	1.0
PRDM8	2	0	0	1.0	1.0
PPAT	1	0	0	1.0	1.0
POLR2B	1	0	0	1.0	1.0
PITX2	2	0	0	1.0	1.0
PGM2	1	0	0	1.0	1.0
DOK7	1	0	0	1.0	1.0
PDE5A	1	0	0	1.0	1.0
OTOP1	1	0	0	1.0	1.0
OSTC	1	0	0	1.0	1.0
NSUN7	1	0	0	1.0	1.0
NPY1R	1	0	0	1.0	1.0
NPFFR2	1	0	0	1.0	1.0
NEIL3	2	0	0	1.0	1.0
NAAA	1	0	0	1.0	1.0
N4BP2	1	0	0	1.0	1.0
MRFAP1L1	1	0	0	1.0	1.0
MFAP3L	1	0	0	1.0	1.0
METTL14	1	0	0	1.0	1.0
PACRGL	1	0	0	1.0	1.0
RFC1	1	0	0	1.0	1.0
DKK2	1	0	0	1.0	1.0
DDX60	1	0	0	1.0	1.0
ZNF488	1	0	0	1.0	1.0
ZNF37A	1	0	0	1.0	1.0
ZNF33B	1	0	0	1.0	1.0
ZMIZ1	1	0	0	1.0	1.0
WDR37	1	0	0	1.0	1.0
VWA2	2	0	0	1.0	1.0
VSTM4	1	0	0	1.0	1.0
VCL	1	0	0	1.0	1.0
TUBB8	2	0	0	1.0	1.0
TSPAN15	1	0	0	1.0	1.0
TMEM72	1	0	0	1.0	1.0
TET1	2	0	0	1.0	1.0
TDRD1	2	0	0	1.0	1.0
TCF7L2	1	0	0	1.0	1.0
TCERG1L	1	0	0	1.0	1.0
TACC2	3	0	0	1.0	1.0
SVIL	2	0	0	1.0	1.0
SUFU	2	0	0	1.0	1.0
STK32C	1	0	0	1.0	1.0
SPOCK2	3	0	0	1.0	1.0
SPAG6	1	0	0	1.0	1.0
SMC3	1	0	0	1.0	1.0
SH3PXD2A	1	0	0	1.0	1.0
ABLIM2	1	0	0	1.0	1.0
ADAM29	1	0	0	1.0	1.0
ADAMTS3	1	0	0	1.0	1.0
ADH4	1	0	0	1.0	1.0
DCTD	1	0	0	1.0	1.0
DCHS2	1	0	0	1.0	1.0
CXCL3	1	0	0	1.0	1.0
CXCL13	1	0	0	1.0	1.0
CRIPAK	1	0	0	1.0	1.0
CPZ	2	0	0	1.0	1.0
CORIN	1	0	0	1.0	1.0
CLCN3	1	0	0	1.0	1.0
CHRNA9	1	0	0	1.0	1.0
CD38	1	0	0	1.0	1.0
CCRN4L	1	0	0	1.0	1.0
DHX15	1	0	0	1.0	1.0
CC2D2A	1	0	0	1.0	1.0
BMPR1B	1	0	0	1.0	1.0
BBS7	1	0	0	1.0	1.0
ARHGEF38	1	0	0	1.0	1.0
ANXA3	1	0	0	1.0	1.0
ANK2	2	0	0	1.0	1.0
ANAPC4	1	0	0	1.0	1.0
AMBN	1	0	0	1.0	1.0
ALPK1	2	0	0	1.0	1.0
AGA	1	0	0	1.0	1.0
AFM	3	0	0	1.0	1.0
ADH7	1	0	0	1.0	1.0
BOD1L1	1	0	0	1.0	1.0
RGS12	1	0	0	1.0	1.0
SDAD1	1	0	0	1.0	1.0
SEL1L3	1	0	0	1.0	1.0
MROH1	1	0	0	1.0	1.0
MOS	1	0	0	1.0	1.0
MFHAS1	2	0	0	1.0	1.0
MCPH1	2	0	0	1.0	1.0
MCM4	1	0	0	1.0	1.0
LYN	2	0	0	1.0	1.0
LRRC14	1	0	0	1.0	1.0
KIAA1429	1	0	0	1.0	1.0
KCTD9	1	0	0	1.0	1.0
KCNS2	2	0	0	1.0	1.0
KAT6A	1	0	0	1.0	1.0
IDO1	1	0	0	1.0	1.0
HOOK3	1	0	0	1.0	1.0
GPT	2	0	0	1.0	1.0
GPR124	2	0	0	1.0	1.0
FGL1	1	0	0	1.0	1.0
FER1L6	1	0	0	1.0	1.0
FAM135B	3	0	0	1.0	1.0
FABP5	1	0	0	1.0	1.0
ESCO2	1	0	0	1.0	1.0
EPPK1	3	0	0	1.0	1.0
ENPP2	2	0	0	1.0	1.0
EIF3E	1	0	0	1.0	1.0
MTBP	1	0	0	1.0	1.0
MTFR1	1	0	0	1.0	1.0
MYOM2	1	0	0	1.0	1.0
NDUFAF6	1	0	0	1.0	1.0
SAMD12	1	0	0	1.0	1.0
RUNX1T1	1	0	0	1.0	1.0
RP1L1	1	0	0	1.0	1.0
RP1	2	0	0	1.0	1.0
RNF170	1	0	0	1.0	1.0
RNF139	2	0	0	1.0	1.0
RIMS2	3	0	0	1.0	1.0
RHOBTB2	1	0	0	1.0	1.0
RGS22	1	0	0	1.0	1.0
RB1CC1	1	0	0	1.0	1.0
RAD54B	1	0	0	1.0	1.0
DLGAP2	2	0	0	1.0	1.0
RAB11FIP1	1	0	0	1.0	1.0
PRKDC	3	0	0	1.0	1.0
PPP1R3B	1	0	0	1.0	1.0
POLR3D	1	0	0	1.0	1.0
POLB	1	0	0	1.0	1.0
PLEKHF2	1	0	0	1.0	1.0
PLEC	3	0	0	1.0	1.0
PHF20L1	1	0	0	1.0	1.0
PARP10	2	0	0	1.0	1.0
OXR1	1	0	0	1.0	1.0
OC90	1	0	0	1.0	1.0
NSMAF	1	0	0	1.0	1.0
PXDNL	2	0	0	1.0	1.0
DLC1	3	0	0	1.0	1.0
DGAT1	1	0	0	1.0	1.0
DERL1	1	0	0	1.0	1.0
UGT8	1	0	0	1.0	1.0
UGT2B7	1	0	0	1.0	1.0
UBA6	1	0	0	1.0	1.0
TRPC3	2	0	0	1.0	1.0
TRIML1	3	0	0	1.0	1.0
TRAPPC11	1	0	0	1.0	1.0
TMPRSS11F	2	0	0	1.0	1.0
TMEM192	1	0	0	1.0	1.0
TMEM175	1	0	0	1.0	1.0
TLR3	1	0	0	1.0	1.0
TET2	1	0	0	1.0	1.0
WFS1	1	0	0	1.0	1.0
SYNPO2	1	0	0	1.0	1.0
STK32B	1	0	0	1.0	1.0
SORCS2	1	0	0	1.0	1.0
SORBS2	1	0	0	1.0	1.0
SMARCA5	1	0	0	1.0	1.0
SLIT2	3	0	0	1.0	1.0
SLC7A11	1	0	0	1.0	1.0
SLC34A2	3	0	0	1.0	1.0
SLAIN2	1	0	0	1.0	1.0
SHROOM3	2	0	0	1.0	1.0
SH3RF1	1	0	0	1.0	1.0
SEPSECS	1	0	0	1.0	1.0
STPG2	1	0	0	1.0	1.0
SFRP5	1	0	0	1.0	1.0
WHSC1	1	0	0	1.0	1.0
ZNF721	1	0	0	1.0	1.0
DCTN6	1	0	0	1.0	1.0
DCAF13	2	0	0	1.0	1.0
CYC1	2	0	0	1.0	1.0
CSPP1	1	0	0	1.0	1.0
CSMD3	3	0	0	1.0	1.0
CSMD1	5	0	0	1.0	1.0
CPSF1	1	0	0	1.0	1.0
COMMD5	2	0	0	1.0	1.0
COL22A1	2	0	0	1.0	1.0
COL14A1	1	0	0	1.0	1.0
CHRNB3	1	0	0	1.0	1.0
ZFYVE28	1	0	0	1.0	1.0
CHD7	1	0	0	1.0	1.0
C8orf34	1	0	0	1.0	1.0
BRF2	1	0	0	1.0	1.0
BNIP3L	1	0	0	1.0	1.0
BAI1	2	0	0	1.0	1.0
ATP6V1C1	1	0	0	1.0	1.0
ATAD2	2	0	0	1.0	1.0
ASAP1	2	0	0	1.0	1.0
ARMC1	1	0	0	1.0	1.0
ANK1	2	0	0	1.0	1.0
AGPAT6	2	0	0	1.0	1.0
ADCY8	1	0	0	1.0	1.0
CA13	1	0	0	1.0	1.0
SCRIB	1	0	0	1.0	1.0
SFMBT2	1	0	0	1.0	1.0
RUFY2	1	0	0	1.0	1.0
RBM10	1	0	0	1.0	1.0
RAB41	1	0	0	1.0	1.0
RAB39B	1	0	0	1.0	1.0
RAB33A	1	0	0	1.0	1.0
PTCHD1	1	0	0	1.0	1.0
PRRG3	1	0	0	1.0	1.0
PRRG1	1	0	0	1.0	1.0
PRPS2	1	0	0	1.0	1.0
PPP1R3F	2	0	0	1.0	1.0
PPEF1	2	0	0	1.0	1.0
PNMA5	1	0	0	1.0	1.0
PNMA3	1	0	0	1.0	1.0
PNCK	2	0	0	1.0	1.0
PLXNB3	2	0	0	1.0	1.0
PLAC1	1	0	0	1.0	1.0
PHKA2	4	0	0	1.0	1.0
JADE3	1	0	0	1.0	1.0
PHEX	1	0	0	1.0	1.0
PDK3	1	0	0	1.0	1.0
PDHA1	1	0	0	1.0	1.0
PCDH19	1	0	0	1.0	1.0
PCDH11X	1	0	0	1.0	1.0
P2RY10	1	0	0	1.0	1.0
RLIM	2	0	0	1.0	1.0
RNF113A	2	0	0	1.0	1.0
RPGR	1	0	0	1.0	1.0
RPL36A	1	0	0	1.0	1.0
UBA1	1	0	0	1.0	1.0
TRO	1	0	0	1.0	1.0
TMSB15A	2	0	0	1.0	1.0
TMLHE	1	0	0	1.0	1.0
TMEM35	1	0	0	1.0	1.0
TMEM257	1	0	0	1.0	1.0
TLR8	2	0	0	1.0	1.0
TLR7	1	0	0	1.0	1.0
THOC2	1	0	0	1.0	1.0
TGIF2LX	1	0	0	1.0	1.0
TENM1	2	0	0	1.0	1.0
OTUD6A	1	0	0	1.0	1.0
TBC1D25	2	0	0	1.0	1.0
STAG2	1	0	0	1.0	1.0
SSX1	1	0	0	1.0	1.0
SRPX2	1	0	0	1.0	1.0
SPIN4	1	0	0	1.0	1.0
SPIN2B	2	0	0	1.0	1.0
SMARCA1	1	0	0	1.0	1.0
SLC9A6	1	0	0	1.0	1.0
SLC6A8	2	0	0	1.0	1.0
SHROOM2	1	0	0	1.0	1.0
SEPT6	1	0	0	1.0	1.0
SASH3	1	0	0	1.0	1.0
TAF7L	2	0	0	1.0	1.0
UBQLN2	3	0	0	1.0	1.0
OTUD5	1	0	0	1.0	1.0
OCRL	2	0	0	1.0	1.0
HNRNPH2	1	0	0	1.0	1.0
HMGB3	1	0	0	1.0	1.0
HDAC6	1	0	0	1.0	1.0
HAUS7	1	0	0	1.0	1.0
GYG2	1	0	0	1.0	1.0
GSPT2	1	0	0	1.0	1.0
GRIPAP1	1	0	0	1.0	1.0
GPR174	1	0	0	1.0	1.0
GPR173	1	0	0	1.0	1.0
GPR101	2	0	0	1.0	1.0
GPKOW	1	0	0	1.0	1.0
GLRA4	1	0	0	1.0	1.0
GLOD5	1	0	0	1.0	1.0
GDI1	1	0	0	1.0	1.0
GATA1	1	0	0	1.0	1.0
GABRQ	1	0	0	1.0	1.0
GABRE	2	0	0	1.0	1.0
FOXR2	2	0	0	1.0	1.0
FOXP3	1	0	0	1.0	1.0
FMR1	1	0	0	1.0	1.0
FLNA	3	0	0	1.0	1.0
FGD1	3	0	0	1.0	1.0
FAM47A	1	0	0	1.0	1.0
HUWE1	1	0	0	1.0	1.0
IGSF1	1	0	0	1.0	1.0
IL1RAPL2	1	0	0	1.0	1.0
IL2RG	1	0	0	1.0	1.0
NXF5	1	0	0	1.0	1.0
NXF3	1	0	0	1.0	1.0
NR0B1	2	0	0	1.0	1.0
NHSL2	1	0	0	1.0	1.0
NGFRAP1	2	0	0	1.0	1.0
MTMR1	1	0	0	1.0	1.0
MTM1	1	0	0	1.0	1.0
MORC4	2	0	0	1.0	1.0
MID2	1	0	0	1.0	1.0
MED12	1	0	0	1.0	1.0
MECP2	1	0	0	1.0	1.0
OGT	2	0	0	1.0	1.0
MCF2	1	0	0	1.0	1.0
MAP3K15	1	0	0	1.0	1.0
MAGEE1	1	0	0	1.0	1.0
MAGEC2	1	0	0	1.0	1.0
MAGEC1	2	0	0	1.0	1.0
MAGEB10	1	0	0	1.0	1.0
MAGEA11	1	0	0	1.0	1.0
KLHL4	1	0	0	1.0	1.0
KIAA2022	1	0	0	1.0	1.0
KDM6A	1	0	0	1.0	1.0
ITIH6	2	0	0	1.0	1.0
IRAK1	1	0	0	1.0	1.0
MAP7D2	2	0	0	1.0	1.0
YY2	1	0	0	1.0	1.0
ZCCHC5	1	0	0	1.0	1.0
ZMAT1	1	0	0	1.0	1.0
MGMT	1	0	0	1.0	1.0
LRRC18	1	0	0	1.0	1.0
LRIT1	1	0	0	1.0	1.0
LHPP	1	0	0	1.0	1.0
LGI1	1	0	0	1.0	1.0
KLF6	2	0	0	1.0	1.0
KCNK18	2	0	0	1.0	1.0
KCNIP2	1	0	0	1.0	1.0
KAT6B	2	0	0	1.0	1.0
ITGB1	1	0	0	1.0	1.0
ITGA8	1	0	0	1.0	1.0
INPP5F	1	0	0	1.0	1.0
IL15RA	1	0	0	1.0	1.0
IFIT1B	1	0	0	1.0	1.0
IDI2	1	0	0	1.0	1.0
HPS1	1	0	0	1.0	1.0
GTPBP4	2	0	0	1.0	1.0
GSTO2	1	0	0	1.0	1.0
GRK5	1	0	0	1.0	1.0
GPRIN2	1	0	0	1.0	1.0
GPR158	1	0	0	1.0	1.0
GPR123	1	1	0	1.0	1.0
GOT1	1	0	0	1.0	1.0
MKI67	2	0	0	1.0	1.0
MMRN2	1	0	0	1.0	1.0
MTG1	1	0	0	1.0	1.0
MYOZ1	1	0	0	1.0	1.0
RSU1	1	0	0	1.0	1.0
RRP12	1	0	0	1.0	1.0
RGR	1	0	0	1.0	1.0
RET	2	0	0	1.0	1.0
RBM17	1	0	0	1.0	1.0
RASGEF1A	1	0	0	1.0	1.0
PTCHD3	2	0	0	1.0	1.0
PSAP	1	0	0	1.0	1.0
PRKG1	1	0	0	1.0	1.0
NPY4R	1	0	0	1.0	1.0
PLXDC2	1	0	0	1.0	1.0
GLUD1	1	0	0	1.0	1.0
PIK3AP1	1	0	0	1.0	1.0
PDCD4	1	0	0	1.0	1.0
PCDH15	1	0	0	1.0	1.0
OPN4	1	0	0	1.0	1.0
OGDHL	1	0	0	1.0	1.0
NUTM2A	1	0	0	1.0	1.0
NUDT5	2	0	0	1.0	1.0
NRP1	2	0	0	1.0	1.0
NODAL	1	0	0	1.0	1.0
NDUFB8	2	0	0	1.0	1.0
NDST2	1	0	0	1.0	1.0
MYPN	1	0	0	1.0	1.0
PDSS1	1	0	0	1.0	1.0
GDI2	1	0	0	1.0	1.0
GDF2	1	0	0	1.0	1.0
GAD2	1	0	0	1.0	1.0
CASP7	1	0	0	1.0	1.0
CALML3	1	0	0	1.0	1.0
CACUL1	1	0	0	1.0	1.0
C10orf2	1	0	0	1.0	1.0
BTRC	1	0	0	1.0	1.0
BICC1	1	0	0	1.0	1.0
ATE1	1	0	0	1.0	1.0
ARMC4	1	0	0	1.0	1.0
ARL5B	2	0	0	1.0	1.0
ANKRD30A	2	0	0	1.0	1.0
ANKRD26	1	0	0	1.0	1.0
CDH23	3	0	0	1.0	1.0
ALDH18A1	1	0	0	1.0	1.0
ADAM8	1	0	0	1.0	1.0
ADAM12	1	0	0	1.0	1.0
ABLIM1	1	0	0	1.0	1.0
ABCC2	2	0	0	1.0	1.0
ZNF711	1	0	0	1.0	1.0
ZNF630	1	0	0	1.0	1.0
ZNF41	2	0	0	1.0	1.0
ZNF280C	1	0	0	1.0	1.0
ZNF275	1	0	0	1.0	1.0
ZNF185	3	0	0	1.0	1.0
ZMYM3	1	0	0	1.0	1.0
AFAP1L2	1	0	0	1.0	1.0
SEMA4G	1	0	0	1.0	1.0
CDHR1	2	0	0	1.0	1.0
CHUK	1	0	0	1.0	1.0
FRMPD2	1	0	0	1.0	1.0
FRG2B	1	0	0	1.0	1.0
FOXI2	1	0	0	1.0	1.0
FFAR4	1	0	0	1.0	1.0
FBXO18	1	0	0	1.0	1.0
FAM35A	1	0	0	1.0	1.0
FAM21A	2	0	0	1.0	1.0
FAM208B	1	0	0	1.0	1.0
FAM196A	1	0	0	1.0	1.0
FAM13C	1	0	0	1.0	1.0
ENTPD7	1	0	0	1.0	1.0
CHAT	1	0	0	1.0	1.0
EIF3A	1	0	0	1.0	1.0
DNAJC1	1	0	0	1.0	1.0
DLG5	4	0	0	1.0	1.0
DIP2C	1	0	0	1.0	1.0
DDIT4	1	0	0	1.0	1.0
DCLRE1A	1	0	0	1.0	1.0
CYP2C9	1	0	0	1.0	1.0
CYP17A1	1	0	0	1.0	1.0
CUTC	1	0	0	1.0	1.0
CTBP2	1	0	0	1.0	1.0
CSGALNACT2	1	0	0	1.0	1.0
CNNM1	2	0	0	1.0	1.0
ECHS1	1	0	0	1.0	1.0
SDC2	1	0	0	1.0	1.0
SGK223	2	0	0	1.0	1.0
SLA	3	0	0	1.0	1.0
GRK1	1	0	0	1.0	1.0
GPC6	2	0	0	1.0	1.0
GPC5	1	0	0	1.0	1.0
FRY	2	0	0	1.0	1.0
FREM2	2	0	0	1.0	1.0
FARP1	1	0	0	1.0	1.0
SUPT20H	2	0	0	1.0	1.0
FAM155A	1	0	0	1.0	1.0
F10	1	0	0	1.0	1.0
EBPL	1	0	0	1.0	1.0
DOCK9	1	0	0	1.0	1.0
DNAJC3	1	0	0	1.0	1.0
DIS3	2	0	0	1.0	1.0
DCT	1	0	0	1.0	1.0
CYSLTR2	1	0	0	1.0	1.0
COL4A1	1	0	0	1.0	1.0
COG3	1	0	0	1.0	1.0
B3GALTL	1	0	0	1.0	1.0
ATP12A	1	0	0	1.0	1.0
ATP11A	1	0	0	1.0	1.0
ARGLU1	1	0	0	1.0	1.0
ZNF74	1	0	0	1.0	1.0
YPEL1	1	0	0	1.0	1.0
HNRNPA1L2	1	0	0	1.0	1.0
IL17D	1	0	0	1.0	1.0
ING1	1	0	0	1.0	1.0
IRS2	1	0	0	1.0	1.0
SPG20	1	0	0	1.0	1.0
SOHLH2	1	0	0	1.0	1.0
SLITRK6	1	0	0	1.0	1.0
SLITRK1	1	0	0	1.0	1.0
SCEL	1	0	0	1.0	1.0
SACS	1	0	0	1.0	1.0
RB1	2	0	0	1.0	1.0
RASA3	1	0	0	1.0	1.0
POSTN	1	0	0	1.0	1.0
PIBF1	2	0	0	1.0	1.0
PDS5B	1	0	0	1.0	1.0
YDJC	2	0	0	1.0	1.0
PCDH9	1	0	0	1.0	1.0
PABPC3	1	0	0	1.0	1.0
NALCN	3	0	0	1.0	1.0
NAA16	1	0	0	1.0	1.0
N6AMT2	1	0	0	1.0	1.0
MYO16	2	0	0	1.0	1.0
MYCBP2	2	0	0	1.0	1.0
MTUS2	1	0	0	1.0	1.0
MRPS31	1	0	0	1.0	1.0
MCF2L	1	0	0	1.0	1.0
LPAR6	1	0	0	1.0	1.0
LMO7	1	0	0	1.0	1.0
PCCA	1	0	0	1.0	1.0
SPRYD7	1	0	0	1.0	1.0
WNT7B	1	0	0	1.0	1.0
TYMP	2	0	0	1.0	1.0
MMP11	2	0	0	1.0	1.0
MKL1	2	0	0	1.0	1.0
MEI1	2	0	0	1.0	1.0
MED15	2	0	0	1.0	1.0
MCAT	1	0	0	1.0	1.0
MAPK8IP2	1	0	0	1.0	1.0
MAPK12	1	0	0	1.0	1.0
LDOC1L	2	0	0	1.0	1.0
KLHL22	1	0	0	1.0	1.0
KIAA0930	1	0	0	1.0	1.0
IL17REL	1	0	0	1.0	1.0
IL17RA	1	0	0	1.0	1.0
IGLV2-33	1	0	0	1.0	1.0
IGLC7	1	0	0	1.0	1.0
HIC2	1	0	0	1.0	1.0
HDAC10	1	0	0	1.0	1.0
GRAMD4	2	0	0	1.0	1.0
FBLN1	1	0	0	1.0	1.0
ELFN2	1	0	0	1.0	1.0
EIF3L	1	0	0	1.0	1.0
EIF3D	1	0	0	1.0	1.0
DMC1	1	0	0	1.0	1.0
DGCR8	1	0	0	1.0	1.0
MOV10L1	2	0	0	1.0	1.0
MTMR3	1	0	0	1.0	1.0
MYO18B	1	0	0	1.0	1.0
NCAPH2	1	0	0	1.0	1.0
TUBA8	2	0	0	1.0	1.0
TSSK2	1	0	0	1.0	1.0
TPST2	1	0	0	1.0	1.0
TNRC6B	1	0	0	1.0	1.0
THOC5	1	0	0	1.0	1.0
TCN2	1	0	0	1.0	1.0
SUSD2	1	0	0	1.0	1.0
SOX10	1	0	0	1.0	1.0
SGSM3	1	0	0	1.0	1.0
SGSM1	1	0	0	1.0	1.0
SFI1	2	0	0	1.0	1.0
UPB1	1	0	0	1.0	1.0
SF3A1	1	0	0	1.0	1.0
RRP7A	1	0	0	1.0	1.0
RFPL1	1	0	0	1.0	1.0
RASD2	2	0	0	1.0	1.0
RAB36	3	0	0	1.0	1.0
PRODH	1	0	0	1.0	1.0
PPP6R2	1	0	0	1.0	1.0
PLXNB2	2	0	0	1.0	1.0
PISD	1	0	0	1.0	1.0
PICK1	1	0	0	1.0	1.0
PANX2	1	0	0	1.0	1.0
NEFH	1	0	0	1.0	1.0
SCARF2	2	0	0	1.0	1.0
SUCLA2	1	0	0	1.0	1.0
TGDS	1	0	0	1.0	1.0
THSD1	1	0	0	1.0	1.0
IFNAR2	1	0	0	1.0	1.0
HSPA13	1	0	0	1.0	1.0
HLCS	2	0	0	1.0	1.0
DSCAM	1	0	0	1.0	1.0
DOPEY2	1	0	0	1.0	1.0
COL6A2	2	0	0	1.0	1.0
COL6A1	1	0	0	1.0	1.0
CHAF1B	2	0	0	1.0	1.0
CBR3	1	0	0	1.0	1.0
CBR1	1	0	0	1.0	1.0
C2CD2	1	0	0	1.0	1.0
C21orf2	1	0	0	1.0	1.0
AGPAT3	1	0	0	1.0	1.0
ADARB1	1	0	0	1.0	1.0
ZNF516	1	0	0	1.0	1.0
ZNF407	1	0	0	1.0	1.0
ZNF236	1	0	0	1.0	1.0
ZCCHC2	1	0	0	1.0	1.0
YES1	1	0	0	1.0	1.0
VPS4B	1	0	0	1.0	1.0
TXNDC2	1	0	0	1.0	1.0
TMX3	1	0	0	1.0	1.0
THOC1	2	0	0	1.0	1.0
KRTAP10-2	1	0	0	1.0	1.0
KRTAP10-7	1	0	0	1.0	1.0
KRTAP13-4	1	0	0	1.0	1.0
KRTAP20-2	1	0	0	1.0	1.0
PCDH11Y	1	0	0	1.0	1.0
UBASH3A	1	0	0	1.0	1.0
TTC3	1	0	0	1.0	1.0
TRPM2	3	0	0	1.0	1.0
TRAPPC10	2	0	0	1.0	1.0
TMPRSS15	2	0	0	1.0	1.0
TMEM50B	1	0	0	1.0	1.0
SLC37A1	1	0	0	1.0	1.0
SCAF4	2	0	0	1.0	1.0
SAMSN1	1	0	0	1.0	1.0
RCAN1	1	0	0	1.0	1.0
TCEB3B	1	0	0	1.0	1.0
PRMT2	1	0	0	1.0	1.0
PKNOX1	1	0	0	1.0	1.0
PCNT	3	0	0	1.0	1.0
PAXBP1	1	0	0	1.0	1.0
NCAM2	1	0	0	1.0	1.0
MX1	1	0	0	1.0	1.0
LTN1	1	0	0	1.0	1.0
LRRC3	1	0	0	1.0	1.0
KRTAP8-1	1	0	0	1.0	1.0
KRTAP6-2	1	0	0	1.0	1.0
KRTAP27-1	1	0	0	1.0	1.0
KRTAP24-1	1	0	0	1.0	1.0
POFUT2	1	0	0	1.0	1.0
SMCHD1	1	0	0	1.0	1.0
SETBP1	2	0	0	1.0	1.0
SERPINB8	1	0	0	1.0	1.0
DCC	2	0	0	1.0	1.0
CTDP1	1	0	0	1.0	1.0
CIDEA	1	0	0	1.0	1.0
CEP192	4	0	0	1.0	1.0
CELF4	1	0	0	1.0	1.0
CDH20	1	0	0	1.0	1.0
CDH2	1	0	0	1.0	1.0
CCDC178	1	0	0	1.0	1.0
CABLES1	1	0	0	1.0	1.0
ALPK2	2	0	0	1.0	1.0
ADNP2	1	0	0	1.0	1.0
DOK6	1	0	0	1.0	1.0
ZMYM2	1	0	0	1.0	1.0
ZC3H13	2	0	0	1.0	1.0
XPO4	1	0	0	1.0	1.0
WASF3	1	0	0	1.0	1.0
UGGT2	2	0	0	1.0	1.0
TSC22D1	1	0	0	1.0	1.0
TRIM13	1	0	0	1.0	1.0
TPTE2	1	0	0	1.0	1.0
TNFRSF19	1	0	0	1.0	1.0
TMTC4	1	0	0	1.0	1.0
TMEM255B	1	0	0	1.0	1.0
TMCO3	1	0	0	1.0	1.0
ZIC2	2	0	0	1.0	1.0
DGCR14	1	0	0	1.0	1.0
DSC3	1	0	0	1.0	1.0
EPB41L3	1	0	0	1.0	1.0
SERPINB11	1	0	0	1.0	1.0
RBFA	1	0	0	1.0	1.0
RBBP8	1	0	0	1.0	1.0
PTPN2	1	0	0	1.0	1.0
PPP4R1	1	0	0	1.0	1.0
POTEC	1	0	0	1.0	1.0
NOL4	1	0	0	1.0	1.0
NETO1	2	0	0	1.0	1.0
NDUFV2	1	0	0	1.0	1.0
MYOM1	1	0	0	1.0	1.0
MC4R	1	0	0	1.0	1.0
DSG4	1	0	0	1.0	1.0
MBD1	1	0	0	1.0	1.0
LRRC30	1	0	0	1.0	1.0
LMAN1	1	0	0	1.0	1.0
LAMA3	2	0	0	1.0	1.0
LAMA1	1	0	0	1.0	1.0
KIAA1468	1	0	0	1.0	1.0
KCNG2	1	0	0	1.0	1.0
GNAL	1	0	0	1.0	1.0
GALNT1	1	0	0	1.0	1.0
FHOD3	1	0	0	1.0	1.0
FECH	1	0	0	1.0	1.0
EPG5	2	0	0	1.0	1.0
MAPRE2	1	0	0	1.0	1.0
DEPDC5	1	0	0	1.0	1.0
DENND6B	2	0	0	1.0	1.0
DDX17	1	0	0	1.0	1.0
MAP1A	2	0	0	1.0	1.0
LRRK1	1	0	0	1.0	1.0
LRRC28	1	0	0	1.0	1.0
LINGO1	1	0	0	1.0	1.0
LCTL	2	0	0	1.0	1.0
KNSTRN	1	0	0	1.0	1.0
KIF23	1	0	0	1.0	1.0
IQGAP1	1	0	0	1.0	1.0
IL16	2	0	0	1.0	1.0
HYPK	1	0	0	1.0	1.0
HEXA	2	0	0	1.0	1.0
HERC2	1	0	0	1.0	1.0
HERC1	2	0	0	1.0	1.0
HCN4	1	0	0	1.0	1.0
GRAMD2	3	0	0	1.0	1.0
GLCE	1	0	0	1.0	1.0
GABRB3	1	0	0	1.0	1.0
FES	1	0	0	1.0	1.0
FBN1	1	0	0	1.0	1.0
FANCI	1	0	0	1.0	1.0
FAN1	1	0	0	1.0	1.0
FAM63B	1	0	0	1.0	1.0
FAM169B	2	0	0	1.0	1.0
MAPKBP1	2	0	0	1.0	1.0
MCTP2	2	0	0	1.0	1.0
MFGE8	1	0	0	1.0	1.0
MYO5C	1	0	0	1.0	1.0
SLC12A6	1	0	0	1.0	1.0
SEMA7A	1	0	0	1.0	1.0
SEMA4B	1	0	0	1.0	1.0
SCG5	1	0	0	1.0	1.0
SCG3	1	0	0	1.0	1.0
SCAPER	1	0	0	1.0	1.0
RYR3	2	0	0	1.0	1.0
RPP25	1	0	0	1.0	1.0
RPL4	1	0	0	1.0	1.0
RASGRP1	1	0	0	1.0	1.0
RAB27A	1	0	0	1.0	1.0
EMC4	1	0	0	1.0	1.0
PYGO1	1	0	0	1.0	1.0
PML	1	0	0	1.0	1.0
PKM	1	0	0	1.0	1.0
PEAK1	1	0	0	1.0	1.0
PDE8A	1	0	0	1.0	1.0
PARP6	1	0	0	1.0	1.0
PAK6	1	0	0	1.0	1.0
NPAP1	2	0	0	1.0	1.0
NOX5	2	0	0	1.0	1.0
NEDD4	1	0	0	1.0	1.0
NDN	1	0	0	1.0	1.0
MYO9A	1	0	0	1.0	1.0
PSMA4	1	0	0	1.0	1.0
EHD4	2	0	0	1.0	1.0
DPP8	1	0	0	1.0	1.0
DNAJC17	1	0	0	1.0	1.0
ZFPM2	1	0	0	1.0	1.0
ZFP41	1	0	0	1.0	1.0
ZFHX4	1	0	0	1.0	1.0
ZFAND1	2	0	0	1.0	1.0
WRN	1	0	0	1.0	1.0
WHSC1L1	3	0	0	1.0	1.0
VPS13B	2	0	0	1.0	1.0
USP17L2	1	0	0	1.0	1.0
UBXN2B	1	0	0	1.0	1.0
TSNARE1	1	0	0	1.0	1.0
TRPS1	2	0	0	1.0	1.0
ZHX2	1	0	0	1.0	1.0
TRMT12	1	0	0	1.0	1.0
TMEM67	1	0	0	1.0	1.0
TG	8	0	0	1.0	1.0
TEX15	4	0	0	1.0	1.0
TAF2	1	0	0	1.0	1.0
STAR	2	0	0	1.0	1.0
SNX31	2	0	0	1.0	1.0
SNAI2	1	0	0	1.0	1.0
SLCO5A1	1	0	0	1.0	1.0
SLC39A4	1	0	0	1.0	1.0
SLC39A14	1	0	0	1.0	1.0
SLC10A5	1	0	0	1.0	1.0
TONSL	2	0	0	1.0	1.0
SLC28A1	1	0	0	1.0	1.0
ZNF251	1	0	0	1.0	1.0
ACAN	1	0	0	1.0	1.0
CYP1A2	2	0	0	1.0	1.0
CYP19A1	2	0	0	1.0	1.0
CYFIP1	1	0	0	1.0	1.0
CT62	1	0	0	1.0	1.0
CILP	1	0	0	1.0	1.0
CHST14	1	0	0	1.0	1.0
CHRM5	1	0	0	1.0	1.0
CEP152	1	0	0	1.0	1.0
CDAN1	1	0	0	1.0	1.0
CASC5	2	0	0	1.0	1.0
CASC4	1	0	0	1.0	1.0
ABHD2	2	0	0	1.0	1.0
C15orf41	1	0	0	1.0	1.0
ARIH1	1	0	0	1.0	1.0
AQR	1	0	0	1.0	1.0
AQP9	1	0	0	1.0	1.0
AP4E1	1	0	0	1.0	1.0
ANPEP	2	0	0	1.0	1.0
ALPK3	2	0	0	1.0	1.0
ALDH1A2	1	0	0	1.0	1.0
AKAP13	1	0	0	1.0	1.0
AGBL1	1	0	0	1.0	1.0
ADAMTSL3	1	0	0	1.0	1.0
ADAMTS7	1	0	0	1.0	1.0
ATP10A	1	0	0	1.0	1.0
FAM155B	1	0	0	1.0	1.0
SPG21	1	0	0	1.0	1.0
TICRR	1	0	0	1.0	1.0
TRIB3	1	0	0	1.0	1.0
TMC2	1	0	0	1.0	1.0
TM9SF4	2	0	0	1.0	1.0
TGM6	3	0	0	1.0	1.0
TCFL5	1	0	0	1.0	1.0
TCEA2	1	0	0	1.0	1.0
SULF2	1	0	0	1.0	1.0
SRC	2	0	0	1.0	1.0
SPATA2	1	0	0	1.0	1.0
SOX12	1	0	0	1.0	1.0
SNX21	1	0	0	1.0	1.0
SNTA1	1	0	0	1.0	1.0
SLC23A2	2	0	0	1.0	1.0
SLC12A5	1	0	0	1.0	1.0
SIRPB1	1	0	0	1.0	1.0
SIGLEC1	2	0	0	1.0	1.0
SEMG1	1	0	0	1.0	1.0
SEL1L2	1	0	0	1.0	1.0
SDC4	1	0	0	1.0	1.0
RTEL1	1	0	0	1.0	1.0
RALGAPA2	2	0	0	1.0	1.0
PTK6	1	0	0	1.0	1.0
PRPF6	1	0	0	1.0	1.0
TSHZ2	1	0	0	1.0	1.0
TTI1	1	0	0	1.0	1.0
ZBTB46	3	0	0	1.0	1.0
ZHX3	1	0	0	1.0	1.0
CSF2RB	2	0	0	1.0	1.0
CRELD2	1	0	0	1.0	1.0
CLTCL1	1	0	0	1.0	1.0
CERK	2	0	0	1.0	1.0
CELSR1	1	0	0	1.0	1.0
CBX6	1	0	0	1.0	1.0
CARD10	1	0	0	1.0	1.0
CACNA1I	1	0	0	1.0	1.0
C1QTNF6	1	0	0	1.0	1.0
BID	1	0	0	1.0	1.0
BCR	1	0	0	1.0	1.0
PRND	1	0	0	1.0	1.0
ARVCF	2	0	0	1.0	1.0
APOL6	1	0	0	1.0	1.0
APOL2	1	0	0	1.0	1.0
APOBEC3G	1	0	0	1.0	1.0
APOBEC3C	1	0	0	1.0	1.0
AIFM3	1	0	0	1.0	1.0
ADRBK2	1	0	0	1.0	1.0
ZNF512B	1	0	0	1.0	1.0
ZNF343	1	0	0	1.0	1.0
ZNF341	1	0	0	1.0	1.0
ZNF335	1	0	0	1.0	1.0
ZMYND8	1	0	0	1.0	1.0
ARHGAP8	2	0	0	1.0	1.0
PLTP	1	0	0	1.0	1.0
PLCG1	1	0	0	1.0	1.0
PLCB4	2	0	0	1.0	1.0
CDH26	1	0	0	1.0	1.0
CD93	3	0	0	1.0	1.0
CCM2L	1	0	0	1.0	1.0
C20orf141	1	0	0	1.0	1.0
BPIFB6	1	0	0	1.0	1.0
AVP	1	0	0	1.0	1.0
ATRN	1	0	0	1.0	1.0
ARFGEF2	1	0	0	1.0	1.0
ARFGAP1	1	0	0	1.0	1.0
ADNP	1	0	0	1.0	1.0
ZNF710	2	0	0	1.0	1.0
CDK5RAP1	2	0	0	1.0	1.0
ZNF280D	1	0	0	1.0	1.0
VWA9	2	0	0	1.0	1.0
VPS18	1	0	0	1.0	1.0
VPS13C	2	0	0	1.0	1.0
UNC13C	1	0	0	1.0	1.0
UBR1	1	0	0	1.0	1.0
TUBGCP4	2	0	0	1.0	1.0
TTBK2	2	0	0	1.0	1.0
TP53BP1	4	0	0	1.0	1.0
TLN2	1	0	0	1.0	1.0
TLE3	2	0	0	1.0	1.0
TJP1	1	0	0	1.0	1.0
ZNF106	1	0	0	1.0	1.0
TBC1D2B	1	0	0	1.0	1.0
CDS2	1	0	0	1.0	1.0
CHGB	2	0	0	1.0	1.0
PLCB1	2	0	0	1.0	1.0
PHACTR3	2	0	0	1.0	1.0
PARD6B	1	0	0	1.0	1.0
PAK7	2	0	0	1.0	1.0
OPRL1	2	0	0	1.0	1.0
NPBWR2	1	0	0	1.0	1.0
NKAIN4	1	0	0	1.0	1.0
MYT1	1	0	0	1.0	1.0
MYBL2	1	0	0	1.0	1.0
LRRN4	1	0	0	1.0	1.0
LAMA5	2	0	0	1.0	1.0
CENPB	1	0	0	1.0	1.0
KCNG1	1	0	0	1.0	1.0
JAG1	1	0	0	1.0	1.0
HELZ2	1	0	0	1.0	1.0
GZF1	1	0	0	1.0	1.0
GNAS	3	0	0	1.0	1.0
FAM83C	1	0	0	1.0	1.0
ESF1	1	0	0	1.0	1.0
EPB41L1	4	0	0	1.0	1.0
ENTPD6	1	0	0	1.0	1.0
CPNE1	1	0	0	1.0	1.0
COL20A1	1	0	0	1.0	1.0
CNBD2	1	0	0	1.0	1.0
JPH2	1	0	0	1.0	1.0
UNC93A	1	0	0	1.0	1.0
FAM120C	1	0	0	1.0	1.0
F8	1	0	0	1.0	1.0
SRPK2	2	0	0	1.0	1.0
SPAM1	1	0	0	1.0	1.0
SLC29A4	1	0	0	1.0	1.0
SLC25A13	1	0	0	1.0	1.0
SLC12A9	1	0	0	1.0	1.0
SAMD9L	1	0	0	1.0	1.0
RNF216	1	0	0	1.0	1.0
RNF148	1	0	0	1.0	1.0
RINT1	1	0	0	1.0	1.0
RBM28	1	0	0	1.0	1.0
PTPRZ1	5	0	0	1.0	1.0
PTPRN2	1	0	0	1.0	1.0
PRKAG2	1	0	0	1.0	1.0
PPP1R35	1	0	0	1.0	1.0
POM121	1	0	0	1.0	1.0
PODXL	1	0	0	1.0	1.0
PLXNA4	1	0	0	1.0	1.0
PIK3CG	3	0	0	1.0	1.0
PCLO	1	0	0	1.0	1.0
NUB1	1	0	0	1.0	1.0
NPSR1	1	0	0	1.0	1.0
NPC1L1	2	0	0	1.0	1.0
NFE2L3	3	0	0	1.0	1.0
STAG3	1	0	0	1.0	1.0
SUN3	1	0	0	1.0	1.0
SVOPL	1	0	0	1.0	1.0
TAX1BP1	1	0	0	1.0	1.0
ZNF777	2	0	0	1.0	1.0
ZNF727	1	0	0	1.0	1.0
ZNF713	1	0	0	1.0	1.0
ZNF680	1	0	0	1.0	1.0
ZNF655	2	0	0	1.0	1.0
ZNF117	1	0	0	1.0	1.0
ZMIZ2	3	0	0	1.0	1.0
ZCWPW1	1	0	0	1.0	1.0
ZC3HAV1	1	0	0	1.0	1.0
WASL	1	0	0	1.0	1.0
VGF	2	0	0	1.0	1.0
NCAPG2	1	0	0	1.0	1.0
TWISTNB	1	0	0	1.0	1.0
TRGV5	1	0	0	1.0	1.0
TRBV5-7	1	0	0	1.0	1.0
TRBV19	1	0	0	1.0	1.0
TRBV10-1	1	0	0	1.0	1.0
TNRC18	2	0	0	1.0	1.0
TMEM176B	3	0	0	1.0	1.0
THSD7A	1	0	0	1.0	1.0
THAP5	1	0	0	1.0	1.0
TES	1	0	0	1.0	1.0
TBX20	1	0	0	1.0	1.0
TBL2	2	0	0	1.0	1.0
TRIM24	1	0	0	1.0	1.0
ZNF783	1	0	0	1.0	1.0
NAT16	1	0	0	1.0	1.0
MUC17	1	0	0	1.0	1.0
GIMAP1	1	0	0	1.0	1.0
GGCT	1	0	0	1.0	1.0
GARS	1	0	0	1.0	1.0
FZD1	1	0	0	1.0	1.0
FSCN3	1	0	0	1.0	1.0
FSCN1	1	0	0	1.0	1.0
FLNC	2	0	0	1.0	1.0
FAM71F1	1	0	0	1.0	1.0
EPHB6	2	0	0	1.0	1.0
DPP6	1	0	0	1.0	1.0
DOCK4	3	0	0	1.0	1.0
DNAJB9	1	0	0	1.0	1.0
DNAH11	1	0	0	1.0	1.0
DLX6	1	0	0	1.0	1.0
DLX5	1	0	0	1.0	1.0
DFNA5	1	0	0	1.0	1.0
DDX56	1	0	0	1.0	1.0
CYP2W1	1	0	0	1.0	1.0
COL1A2	3	0	0	1.0	1.0
COBL	1	0	0	1.0	1.0
CLIP2	1	0	0	1.0	1.0
CLDN15	1	0	0	1.0	1.0
CHPF2	1	0	0	1.0	1.0
GIMAP4	2	0	0	1.0	1.0
GIMAP5	1	0	0	1.0	1.0
GJC3	1	0	0	1.0	1.0
GNGT1	1	0	0	1.0	1.0
MLXIPL	1	0	0	1.0	1.0
MKRN1	1	0	0	1.0	1.0
MKLN1	2	0	0	1.0	1.0
METTL2B	1	0	0	1.0	1.0
MET	2	0	0	1.0	1.0
MEPCE	1	0	0	1.0	1.0
MEOX2	1	0	0	1.0	1.0
MALSU1	1	0	0	1.0	1.0
LRWD1	2	0	0	1.0	1.0
LFNG	1	0	0	1.0	1.0
KRBA1	2	0	0	1.0	1.0
MUC3A	1	0	0	1.0	1.0
KIAA1147	1	0	0	1.0	1.0
KCNH2	1	0	0	1.0	1.0
KCND2	1	0	0	1.0	1.0
ITGB8	1	0	0	1.0	1.0
IQCE	1	0	0	1.0	1.0
INTS1	2	0	0	1.0	1.0
IFRD1	1	0	0	1.0	1.0
HOXA1	1	0	0	1.0	1.0
HGF	1	0	0	1.0	1.0
HECW1	1	0	0	1.0	1.0
GRM8	1	0	0	1.0	1.0
GPNMB	2	0	0	1.0	1.0
KEL	1	0	0	1.0	1.0
ZNF786	1	0	0	1.0	1.0
ZNF862	1	0	0	1.0	1.0
ABLIM3	1	0	0	1.0	1.0
PCDHA10	1	0	0	1.0	1.0
PCDH12	1	0	0	1.0	1.0
OTP	1	0	0	1.0	1.0
NSD1	1	0	0	1.0	1.0
NNT	1	0	0	1.0	1.0
N4BP3	1	0	0	1.0	1.0
MYO10	1	0	0	1.0	1.0
MTMR12	2	0	0	1.0	1.0
MRPS30	1	0	0	1.0	1.0
MGAT1	1	0	0	1.0	1.0
MED10	1	0	0	1.0	1.0
MATR3	1	0	0	1.0	1.0
MARCH6	2	0	0	1.0	1.0
MAP1B	1	0	0	1.0	1.0
LRRTM2	1	0	0	1.0	1.0
LPCAT1	1	0	0	1.0	1.0
LNPEP	1	0	0	1.0	1.0
LECT2	1	0	0	1.0	1.0
KIF4B	3	0	0	1.0	1.0
KIF2A	1	0	0	1.0	1.0
KIAA0141	1	0	0	1.0	1.0
ITGA2	1	0	0	1.0	1.0
IL7R	1	0	0	1.0	1.0
PCDHA3	1	0	0	1.0	1.0
PCDHA6	1	0	0	1.0	1.0
PCDHA8	1	0	0	1.0	1.0
PCDHB1	1	0	0	1.0	1.0
RAB3C	1	0	0	1.0	1.0
PTGER4	1	0	0	1.0	1.0
PTCD2	1	0	0	1.0	1.0
PRLR	1	0	0	1.0	1.0
PPARGC1B	1	0	0	1.0	1.0
PPAP2A	1	0	0	1.0	1.0
POU4F3	1	0	0	1.0	1.0
PLK2	4	0	0	1.0	1.0
PLEKHG4B	2	0	0	1.0	1.0
PIK3R1	2	0	0	1.0	1.0
PELO	1	0	0	1.0	1.0
HTR4	1	0	0	1.0	1.0
PDZD2	3	0	0	1.0	1.0
PDGFRB	1	0	0	1.0	1.0
PDE4D	1	0	0	1.0	1.0
PCYOX1L	1	0	0	1.0	1.0
PCDHGC4	1	0	0	1.0	1.0
PCDHGB3	1	0	0	1.0	1.0
PCDHGA3	2	0	0	1.0	1.0
PCDHGA2	1	0	0	1.0	1.0
PCDHGA12	2	0	0	1.0	1.0
PCDHB6	4	0	0	1.0	1.0
PCDHB5	2	0	0	1.0	1.0
PCDHB16	1	0	0	1.0	1.0
PDLIM7	2	0	0	1.0	1.0
HSPA4	1	0	0	1.0	1.0
HRH2	1	0	0	1.0	1.0
HAPLN1	1	0	0	1.0	1.0
CDH12	1	0	0	1.0	1.0
CDH10	1	0	0	1.0	1.0
CANX	1	0	0	1.0	1.0
CAMK4	1	0	0	1.0	1.0
CAMK2A	2	0	0	1.0	1.0
C7	2	0	0	1.0	1.0
C6	1	0	0	1.0	1.0
C5orf42	2	0	0	1.0	1.0
C5orf30	1	0	0	1.0	1.0
BRIX1	1	0	0	1.0	1.0
BNIP1	1	0	0	1.0	1.0
CDH6	1	0	0	1.0	1.0
BDP1	1	0	0	1.0	1.0
ATG12	1	0	0	1.0	1.0
ARSK	2	0	0	1.0	1.0
ARSI	1	0	0	1.0	1.0
ARHGEF28	1	0	0	1.0	1.0
ARAP3	1	0	0	1.0	1.0
ADCY2	2	0	0	1.0	1.0
ADAMTS6	1	0	0	1.0	1.0
ADAMTS2	1	0	0	1.0	1.0
ADAMTS19	1	0	0	1.0	1.0
ADAMTS16	2	0	0	1.0	1.0
ACOT12	1	0	0	1.0	1.0
ATP10B	1	0	0	1.0	1.0
CFTR	2	0	0	1.0	1.0
CEP120	1	0	0	1.0	1.0
CHD1	1	0	0	1.0	1.0
GRM6	2	0	0	1.0	1.0
GPR98	2	0	0	1.0	1.0
GFPT2	1	0	0	1.0	1.0
GEMIN5	1	0	0	1.0	1.0
GABRG2	1	0	0	1.0	1.0
FST	1	0	0	1.0	1.0
FOXI1	2	0	0	1.0	1.0
FLT4	2	0	0	1.0	1.0
FBN2	2	0	0	1.0	1.0
FAT2	2	0	0	1.0	1.0
FASTKD3	1	0	0	1.0	1.0
CEP72	1	0	0	1.0	1.0
FAM153B	1	0	0	1.0	1.0
ETF1	1	0	0	1.0	1.0
ELL2	1	0	0	1.0	1.0
EDIL3	1	0	0	1.0	1.0
DNAH5	2	0	0	1.0	1.0
DMXL1	2	0	0	1.0	1.0
DMGDH	1	0	0	1.0	1.0
DBN1	1	0	0	1.0	1.0
DAB2	1	0	0	1.0	1.0
CTNND2	2	0	0	1.0	1.0
CPEB4	1	0	0	1.0	1.0
CLTB	1	0	0	1.0	1.0
FAM153A	1	0	0	1.0	1.0
RANBP3L	1	0	0	1.0	1.0
CDK5	1	0	0	1.0	1.0
CDHR3	2	0	0	1.0	1.0
ESPL1	2	0	0	1.0	1.0
ERGIC2	1	0	0	1.0	1.0
ERBB3	1	0	0	1.0	1.0
EP400	1	0	0	1.0	1.0
EEA1	1	0	0	1.0	1.0
DYRK4	1	0	0	1.0	1.0
DUSP6	2	0	0	1.0	1.0
DPY19L2	1	0	0	1.0	1.0
DNAH10	2	0	0	1.0	1.0
DHH	1	0	0	1.0	1.0
DGKA	1	0	0	1.0	1.0
DENND5B	1	0	0	1.0	1.0
DDX54	2	0	0	1.0	1.0
DDX51	1	0	0	1.0	1.0
DDX23	1	0	0	1.0	1.0
CYP27B1	1	0	0	1.0	1.0
CUX2	1	0	0	1.0	1.0
CSRNP2	1	0	0	1.0	1.0
CREBL2	1	0	0	1.0	1.0
CPSF6	1	0	0	1.0	1.0
CPM	1	0	0	1.0	1.0
COQ10A	1	0	0	1.0	1.0
COPZ1	1	0	0	1.0	1.0
FAM60A	1	0	0	1.0	1.0
FBXW8	1	0	0	1.0	1.0
FICD	1	0	0	1.0	1.0
GCN1L1	1	0	0	1.0	1.0
LPAR5	2	0	0	1.0	1.0
KSR2	2	0	0	1.0	1.0
KRT80	1	0	0	1.0	1.0
KRT6C	1	0	0	1.0	1.0
KRT18	1	0	0	1.0	1.0
KRAS	5	0	0	1.0	1.0
KDM5A	1	0	0	1.0	1.0
KDM2B	2	0	0	1.0	1.0
KCNA5	1	0	0	1.0	1.0
KANSL2	1	0	0	1.0	1.0
ITPR2	2	0	0	1.0	1.0
COL2A1	1	0	0	1.0	1.0
ITGB7	1	0	0	1.0	1.0
HOXC12	1	0	0	1.0	1.0
HOXC11	1	0	0	1.0	1.0
HNF1A	1	0	0	1.0	1.0
HIP1R	2	0	0	1.0	1.0
HELB	1	0	0	1.0	1.0
HECTD4	1	0	0	1.0	1.0
HCAR3	1	0	0	1.0	1.0
GYS2	2	0	0	1.0	1.0
GRIP1	1	0	0	1.0	1.0
GRIN2B	2	0	0	1.0	1.0
GOLGA3	1	0	0	1.0	1.0
IFFO1	1	0	0	1.0	1.0
LRIG3	1	0	0	1.0	1.0
CNTN1	1	0	0	1.0	1.0
CIT	1	0	0	1.0	1.0
ACSS3	1	0	0	1.0	1.0
ACAD10	1	0	0	1.0	1.0
ACACB	1	0	0	1.0	1.0
ABCC9	1	0	0	1.0	1.0
ABCB9	2	0	0	1.0	1.0
AACS	1	0	0	1.0	1.0
A2M	1	0	0	1.0	1.0
ZNF292	2	0	0	1.0	1.0
ZNF165	1	0	0	1.0	1.0
ZKSCAN4	1	0	0	1.0	1.0
ZKSCAN3	1	0	0	1.0	1.0
ZDHHC14	2	0	0	1.0	1.0
ZBTB24	1	0	0	1.0	1.0
ZBTB22	1	0	0	1.0	1.0
ZBTB12	1	0	0	1.0	1.0
XPO5	1	0	0	1.0	1.0
WTAP	1	0	0	1.0	1.0
WDR27	1	0	0	1.0	1.0
VWA7	1	0	0	1.0	1.0
VTA1	2	0	0	1.0	1.0
VPS52	2	0	0	1.0	1.0
VNN2	1	0	0	1.0	1.0
VEGFA	1	0	0	1.0	1.0
ACVR1B	1	0	0	1.0	1.0
ALDH2	1	0	0	1.0	1.0
ANAPC7	1	0	0	1.0	1.0
ANO4	1	0	0	1.0	1.0
CHST11	1	0	0	1.0	1.0
CEP290	2	0	0	1.0	1.0
CELA1	1	0	0	1.0	1.0
CD163	1	0	0	1.0	1.0
CCT2	1	0	0	1.0	1.0
CCNT1	1	0	0	1.0	1.0
CCDC60	1	0	0	1.0	1.0
CACNA1C	1	0	0	1.0	1.0
C1S	1	0	0	1.0	1.0
C1QL4	1	0	0	1.0	1.0
C12orf71	1	0	0	1.0	1.0
CNOT2	1	0	0	1.0	1.0
C12orf56	1	0	0	1.0	1.0
BRAP	1	0	0	1.0	1.0
BICD1	1	0	0	1.0	1.0
BEST3	1	0	0	1.0	1.0
BCL2L14	1	0	0	1.0	1.0
BCAT1	1	0	0	1.0	1.0
ATP2A2	1	0	0	1.0	1.0
ATN1	1	0	0	1.0	1.0
ASUN	1	0	0	1.0	1.0
AQP6	1	0	0	1.0	1.0
APPL2	1	0	0	1.0	1.0
APAF1	2	0	0	1.0	1.0
C12orf10	1	0	0	1.0	1.0
LRP1	2	0	0	1.0	1.0
LRRC43	2	0	0	1.0	1.0
LYZ	1	0	0	1.0	1.0
WNT5B	2	0	0	1.0	1.0
VWF	1	0	0	1.0	1.0
USP5	1	0	0	1.0	1.0
UBC	1	0	0	1.0	1.0
TSPAN8	2	0	0	1.0	1.0
TSFM	1	0	0	1.0	1.0
TRHDE	1	0	0	1.0	1.0
TRAFD1	1	0	0	1.0	1.0
TPCN1	1	0	0	1.0	1.0
TMTC2	1	0	0	1.0	1.0
TMPO	2	0	0	1.0	1.0
TMEM5	1	0	0	1.0	1.0
TMEM194A	1	0	0	1.0	1.0
TMEM132D	3	0	0	1.0	1.0
TIMELESS	1	0	0	1.0	1.0
TESPA1	1	0	0	1.0	1.0
TEAD4	1	0	0	1.0	1.0
TCP11L2	2	0	0	1.0	1.0
TCHP	1	0	0	1.0	1.0
TBK1	1	0	0	1.0	1.0
TAS2R7	1	0	0	1.0	1.0
SUOX	1	0	0	1.0	1.0
STAT2	1	0	0	1.0	1.0
YBX3	1	0	0	1.0	1.0
YEATS4	1	0	0	1.0	1.0
ZBTB39	1	0	0	1.0	1.0
ZFC3H1	1	0	0	1.0	1.0
CCDC129	1	0	0	1.0	1.0
CAMK2B	1	0	0	1.0	1.0
C7orf26	1	0	0	1.0	1.0
BRAF	157	0	0	1.0	1.0
AUTS2	1	0	0	1.0	1.0
ATXN7L1	1	0	0	1.0	1.0
ATG9B	1	0	0	1.0	1.0
ASIC3	1	0	0	1.0	1.0
ASB15	1	0	0	1.0	1.0
ASB10	1	0	0	1.0	1.0
AP5Z1	1	0	0	1.0	1.0
ST8SIA1	2	0	0	1.0	1.0
AP4M1	1	0	0	1.0	1.0
AHR	1	0	0	1.0	1.0
AGR2	1	0	0	1.0	1.0
ADCYAP1R1	1	0	0	1.0	1.0
ADCY1	1	0	0	1.0	1.0
ADCK2	1	0	0	1.0	1.0
ADAP1	1	0	0	1.0	1.0
ACTB	1	0	0	1.0	1.0
AOC1	2	0	0	1.0	1.0
ABCB8	1	0	0	1.0	1.0
ABCA13	1	0	0	1.0	1.0
ZNF384	1	0	0	1.0	1.0
AKR1D1	3	0	0	1.0	1.0
SRRM4	1	0	0	1.0	1.0
SRGAP1	1	0	0	1.0	1.0
SPATS2	1	0	0	1.0	1.0
PDE1B	1	0	0	1.0	1.0
PAWR	1	0	0	1.0	1.0
PARPBP	1	0	0	1.0	1.0
PAN2	1	0	0	1.0	1.0
OVCH1	1	0	0	1.0	1.0
OSBPL8	1	0	0	1.0	1.0
OS9	1	0	0	1.0	1.0
OR6C75	1	0	0	1.0	1.0
OR6C68	2	0	0	1.0	1.0
OGFOD2	1	0	0	1.0	1.0
OAS3	1	0	0	1.0	1.0
PEX5	1	0	0	1.0	1.0
OAS2	2	0	0	1.0	1.0
NUP37	1	0	0	1.0	1.0
NUAK1	1	0	0	1.0	1.0
NTN4	1	0	0	1.0	1.0
NDUFA9	3	0	0	1.0	1.0
NCOR2	3	0	0	1.0	1.0
NCKAP5L	1	0	0	1.0	1.0
NAV3	4	0	0	1.0	1.0
MYF5	3	0	0	1.0	1.0
MSI1	1	0	0	1.0	1.0
KMT2D	3	0	0	1.0	1.0
MBD6	1	0	0	1.0	1.0
NXPH4	1	0	0	1.0	1.0
CDK14	3	0	0	1.0	1.0
PIK3C2G	1	0	0	1.0	1.0
PLXNC1	2	0	0	1.0	1.0
SP1	1	0	0	1.0	1.0
SOAT2	1	0	0	1.0	1.0
SNRNP35	1	0	0	1.0	1.0
SMUG1	1	0	0	1.0	1.0
SMARCC2	2	0	0	1.0	1.0
SLCO1B7	1	0	0	1.0	1.0
SLC4A8	1	0	0	1.0	1.0
SLC38A4	1	0	0	1.0	1.0
SLC26A10	1	0	0	1.0	1.0
SIRT4	1	0	0	1.0	1.0
SH2B3	2	0	0	1.0	1.0
PLCZ1	1	0	0	1.0	1.0
SENP1	1	0	0	1.0	1.0
SBNO1	1	0	0	1.0	1.0
RSRC2	1	0	0	1.0	1.0
RNF34	1	0	0	1.0	1.0
RNF10	1	0	0	1.0	1.0
RBMS2	1	0	0	1.0	1.0
RASAL1	4	0	0	1.0	1.0
RAB3IP	1	0	0	1.0	1.0
PZP	1	0	0	1.0	1.0
PTPRO	1	0	0	1.0	1.0
PRB2	2	0	0	1.0	1.0
PPHLN1	1	0	0	1.0	1.0
SCN8A	1	0	0	1.0	1.0
RASA1	2	0	0	1.0	1.0
RASGRF2	2	0	0	1.0	1.0
RBM22	1	0	0	1.0	1.0
EXD3	2	0	0	1.0	1.0
ENG	1	0	0	1.0	1.0
DNM1	2	0	0	1.0	1.0
DFNB31	1	0	0	1.0	1.0
DENND4C	1	0	0	1.0	1.0
DDX31	1	0	0	1.0	1.0
DCAF12	1	0	0	1.0	1.0
CYLC2	1	0	0	1.0	1.0
CRAT	1	0	0	1.0	1.0
COL5A1	2	0	0	1.0	1.0
COL27A1	1	0	0	1.0	1.0
COL15A1	1	0	0	1.0	1.0
CNTRL	2	0	0	1.0	1.0
CNTLN	2	0	0	1.0	1.0
CDKN2B	1	0	0	1.0	1.0
CCDC180	2	0	0	1.0	1.0
CACNA1B	5	0	0	1.0	1.0
C9orf91	1	0	0	1.0	1.0
C9orf9	1	0	0	1.0	1.0
C9orf72	1	0	0	1.0	1.0
C9orf69	1	0	0	1.0	1.0
C9orf50	1	0	0	1.0	1.0
C9orf172	1	0	0	1.0	1.0
EXOSC2	1	0	0	1.0	1.0
FAM129B	2	0	0	1.0	1.0
FAM78A	2	0	0	1.0	1.0
FBXO10	1	0	0	1.0	1.0
MPDZ	1	0	0	1.0	1.0
MORN5	1	0	0	1.0	1.0
MED22	1	0	0	1.0	1.0
LRSAM1	1	0	0	1.0	1.0
LINGO2	1	0	0	1.0	1.0
KIF27	1	0	0	1.0	1.0
KIF12	1	0	0	1.0	1.0
KIAA1958	1	0	0	1.0	1.0
KCNV2	4	0	0	1.0	1.0
JAK2	1	0	0	1.0	1.0
IPPK	1	0	0	1.0	1.0
C9orf156	1	0	0	1.0	1.0
IFNB1	1	0	0	1.0	1.0
HSPA5	2	0	0	1.0	1.0
HSD17B3	2	0	0	1.0	1.0
HIATL1	1	0	0	1.0	1.0
GLIS3	2	0	0	1.0	1.0
GLE1	2	0	0	1.0	1.0
GAS1	1	0	0	1.0	1.0
GARNL3	1	0	0	1.0	1.0
FRMPD1	1	0	0	1.0	1.0
FREM1	2	0	0	1.0	1.0
FOXE1	2	0	0	1.0	1.0
FCN2	1	0	0	1.0	1.0
IDNK	1	0	0	1.0	1.0
MRPL41	2	0	0	1.0	1.0
TMEM261	1	0	0	1.0	1.0
BNC2	2	0	0	1.0	1.0
STX1B	1	0	0	1.0	1.0
SRRM2	1	0	0	1.0	1.0
SRCAP	1	0	0	1.0	1.0
SPNS1	2	0	0	1.0	1.0
CAPN15	2	0	0	1.0	1.0
SNX29	1	0	0	1.0	1.0
SNTB2	1	0	0	1.0	1.0
SMG1	1	0	0	1.0	1.0
SLX4	3	0	0	1.0	1.0
SLC6A2	1	0	0	1.0	1.0
SLC5A2	2	0	0	1.0	1.0
SLC38A7	1	0	0	1.0	1.0
SLC12A4	2	0	0	1.0	1.0
SHCBP1	1	0	0	1.0	1.0
SEZ6L2	1	0	0	1.0	1.0
SETD1A	2	0	0	1.0	1.0
RRN3	1	0	0	1.0	1.0
RPUSD1	1	0	0	1.0	1.0
RPS2	1	0	0	1.0	1.0
RHOT2	2	0	0	1.0	1.0
RHBDF1	1	0	0	1.0	1.0
RBL2	1	0	0	1.0	1.0
RBBP6	1	0	0	1.0	1.0
SYT17	1	0	0	1.0	1.0
TGFB1I1	1	0	0	1.0	1.0
THOC6	1	0	0	1.0	1.0
TLDC1	1	0	0	1.0	1.0
ASTN2	2	0	0	1.0	1.0
APBA1	3	0	0	1.0	1.0
AKNA	2	0	0	1.0	1.0
AGPAT2	1	0	0	1.0	1.0
ADAMTSL1	1	0	0	1.0	1.0
ABCA2	3	0	0	1.0	1.0
ZNF785	3	0	0	1.0	1.0
ZNF646	2	0	0	1.0	1.0
ZNF629	1	0	0	1.0	1.0
ZNF48	1	0	0	1.0	1.0
ZSCAN32	1	0	0	1.0	1.0
BRD3	1	0	0	1.0	1.0
ZNF263	1	0	0	1.0	1.0
ZFHX3	3	0	0	1.0	1.0
ZDHHC1	1	0	0	1.0	1.0
WFIKKN1	1	0	0	1.0	1.0
VKORC1	1	0	0	1.0	1.0
USP10	2	0	0	1.0	1.0
UQCRC2	1	0	0	1.0	1.0
TSC2	1	0	0	1.0	1.0
TRAF7	1	0	0	1.0	1.0
TNRC6A	1	0	0	1.0	1.0
TMEM8A	2	0	0	1.0	1.0
TMC5	1	0	0	1.0	1.0
ZG16B	1	0	0	1.0	1.0
MRPS2	2	0	0	1.0	1.0
MUSK	1	0	0	1.0	1.0
NAIF1	1	0	0	1.0	1.0
ARSF	2	0	0	1.0	1.0
ARSD	1	0	0	1.0	1.0
ARMCX5	1	0	0	1.0	1.0
ARMCX2	1	0	0	1.0	1.0
ARHGEF6	1	0	0	1.0	1.0
ARHGAP4	4	0	0	1.0	1.0
ARHGAP36	1	0	0	1.0	1.0
ALG13	1	0	0	1.0	1.0
AFF2	1	0	0	1.0	1.0
ABCD1	1	0	0	1.0	1.0
ABCB7	1	0	0	1.0	1.0
ZNF618	1	0	0	1.0	1.0
ZBTB43	1	0	0	1.0	1.0
WNK2	5	0	0	1.0	1.0
WDR38	1	0	0	1.0	1.0
WDR34	1	0	0	1.0	1.0
VLDLR	1	0	0	1.0	1.0
VCP	1	0	0	1.0	1.0
UBAP1	1	0	0	1.0	1.0
TUBB4B	1	0	0	1.0	1.0
TRPM3	1	0	0	1.0	1.0
TRIM32	1	0	0	1.0	1.0
TNFSF15	1	0	0	1.0	1.0
ARSH	1	0	0	1.0	1.0
ARX	1	0	0	1.0	1.0
ATP11C	2	0	0	1.0	1.0
ATP1B4	2	0	0	1.0	1.0
ESX1	2	0	0	1.0	1.0
ENOX2	1	0	0	1.0	1.0
EGFL6	1	0	0	1.0	1.0
DRP2	1	0	0	1.0	1.0
DOCK11	2	0	0	1.0	1.0
DGAT2L6	1	0	0	1.0	1.0
DDX53	1	0	0	1.0	1.0
DCX	1	0	0	1.0	1.0
DCAF8L2	1	0	0	1.0	1.0
DCAF8L1	1	0	0	1.0	1.0
DCAF12L2	2	0	0	1.0	1.0
TNC	2	0	0	1.0	1.0
CXorf65	1	0	0	1.0	1.0
CLCN5	1	0	0	1.0	1.0
CHRDL1	1	0	0	1.0	1.0
CDKL5	2	0	0	1.0	1.0
CD40LG	1	0	0	1.0	1.0
BTK	1	0	0	1.0	1.0
BGN	2	0	0	1.0	1.0
BEX1	1	0	0	1.0	1.0
BCOR	1	0	0	1.0	1.0
ATRX	1	0	0	1.0	1.0
ATP6AP1	1	0	0	1.0	1.0
ATP2B3	1	0	0	1.0	1.0
CXorf58	1	0	0	1.0	1.0
TMEM246	2	0	0	1.0	1.0
TMEM2	1	0	0	1.0	1.0
TLR4	1	0	0	1.0	1.0
RABGAP1	1	0	0	1.0	1.0
PTPRD	1	0	0	1.0	1.0
PTPN3	1	0	0	1.0	1.0
PTGES	1	0	0	1.0	1.0
PTCH1	1	0	0	1.0	1.0
PRUNE2	1	0	0	1.0	1.0
PRRC2B	1	0	0	1.0	1.0
PRDM12	1	0	0	1.0	1.0
PPP3R2	1	0	0	1.0	1.0
PPP1R26	1	0	0	1.0	1.0
PDCD1LG2	1	0	0	1.0	1.0
RABL6	1	0	0	1.0	1.0
PBX3	1	0	0	1.0	1.0
PAPPA	1	0	0	1.0	1.0
ORM1	1	0	0	1.0	1.0
OR1N2	3	0	0	1.0	1.0
OR1L8	1	0	0	1.0	1.0
OR1J2	1	0	0	1.0	1.0
OR13C9	1	0	0	1.0	1.0
NUP214	1	0	0	1.0	1.0
NUP188	1	0	0	1.0	1.0
NOTCH1	1	0	0	1.0	1.0
NMRK1	1	0	0	1.0	1.0
NIPSNAP3A	1	0	0	1.0	1.0
PAX5	1	0	0	1.0	1.0
RANBP10	1	0	0	1.0	1.0
RALGDS	1	0	0	1.0	1.0
RLN1	1	0	0	1.0	1.0
TLE4	1	0	0	1.0	1.0
TLE1	1	0	0	1.0	1.0
TDRD7	2	0	0	1.0	1.0
TBC1D2	1	0	0	1.0	1.0
TAF1L	1	0	0	1.0	1.0
STXBP1	1	0	0	1.0	1.0
STX17	1	0	0	1.0	1.0
ST6GALNAC4	1	0	0	1.0	1.0
SPATA31E1	1	0	0	1.0	1.0
SPATA31D1	1	0	0	1.0	1.0
SOHLH1	1	0	0	1.0	1.0
RAPGEF1	2	0	0	1.0	1.0
SMARCA2	1	0	0	1.0	1.0
SLC35D2	2	0	0	1.0	1.0
SLC27A4	2	0	0	1.0	1.0
SHC3	1	0	0	1.0	1.0
SECISBP2	1	0	0	1.0	1.0
SEC16A	2	0	0	1.0	1.0
SDCCAG3	1	0	0	1.0	1.0
SCAI	1	0	0	1.0	1.0
SARDH	1	0	0	1.0	1.0
RXRA	2	0	0	1.0	1.0
RPL12	1	0	0	1.0	1.0
RMI1	1	0	0	1.0	1.0
SLC44A1	1	0	0	1.0	1.0
RABEP2	1	0	0	1.0	1.0
RAB40C	1	0	0	1.0	1.0
PSMD7	1	0	0	1.0	1.0
NEMF	1	0	0	1.0	1.0
NAA30	1	0	0	1.0	1.0
MYH7	1	0	0	1.0	1.0
MYH6	3	0	0	1.0	1.0
MTHFD1	1	0	0	1.0	1.0
MBIP	1	0	0	1.0	1.0
LTBP2	2	0	0	1.0	1.0
LRP10	1	0	0	1.0	1.0
KTN1	1	0	0	1.0	1.0
KLHDC2	2	0	0	1.0	1.0
CEP170B	2	0	0	1.0	1.0
KHNYN	3	0	0	1.0	1.0
KCNK10	1	0	0	1.0	1.0
JAG2	1	0	0	1.0	1.0
HECTD1	2	0	0	1.0	1.0
GPR132	1	0	0	1.0	1.0
GOLGA5	1	0	0	1.0	1.0
FSCB	1	0	0	1.0	1.0
FLVCR2	1	0	0	1.0	1.0
ELMSAN1	1	0	0	1.0	1.0
EFS	1	0	0	1.0	1.0
DNAAF2	3	0	0	1.0	1.0
DICER1	4	0	0	1.0	1.0
NFATC4	1	0	0	1.0	1.0
NKX2-1	2	0	0	1.0	1.0
OR11G2	1	0	0	1.0	1.0
OR4K17	1	0	0	1.0	1.0
SYNE2	1	0	0	1.0	1.0
STON2	1	0	0	1.0	1.0
SRSF5	1	0	0	1.0	1.0
SNW1	2	0	0	1.0	1.0
SLC8A3	1	0	0	1.0	1.0
SLC39A2	3	0	0	1.0	1.0
SLC25A21	1	0	0	1.0	1.0
SIPA1L1	1	0	0	1.0	1.0
SERPINA9	3	0	0	1.0	1.0
SERPINA3	1	0	0	1.0	1.0
SALL2	2	0	0	1.0	1.0
DEGS2	1	0	0	1.0	1.0
RPL36AL	2	0	0	1.0	1.0
PTPN21	1	0	0	1.0	1.0
PSMA6	1	0	0	1.0	1.0
PRMT5	1	0	0	1.0	1.0
PRKD1	1	0	0	1.0	1.0
POTEG	1	0	0	1.0	1.0
POMT2	2	0	0	1.0	1.0
PGF	1	0	0	1.0	1.0
OR6S1	1	0	0	1.0	1.0
OR4N5	1	0	0	1.0	1.0
OR4L1	1	0	0	1.0	1.0
OR4K2	1	0	0	1.0	1.0
RAD51B	1	0	0	1.0	1.0
DCAF5	1	0	0	1.0	1.0
DAAM1	1	0	0	1.0	1.0
CTAGE5	1	0	0	1.0	1.0
TMEM171	1	0	0	1.0	1.0
TIFAB	1	0	0	1.0	1.0
THBS4	1	0	0	1.0	1.0
TGFBI	1	0	0	1.0	1.0
TERT	2	0	0	1.0	1.0
TENM2	4	0	0	1.0	1.0
TCERG1	1	0	0	1.0	1.0
TBC1D9B	2	0	0	1.0	1.0
TARS	1	0	0	1.0	1.0
STC2	1	0	0	1.0	1.0
SPINK9	1	0	0	1.0	1.0
TRIO	1	0	0	1.0	1.0
SPINK5	1	0	0	1.0	1.0
SLCO6A1	2	0	0	1.0	1.0
SLCO4C1	1	0	0	1.0	1.0
SLC6A3	1	0	0	1.0	1.0
SLC6A19	1	0	0	1.0	1.0
SLC36A2	1	0	0	1.0	1.0
SLC30A5	1	0	0	1.0	1.0
SERINC5	1	0	0	1.0	1.0
SEMA6A	1	0	0	1.0	1.0
RNF44	1	0	0	1.0	1.0
RIOK2	2	0	0	1.0	1.0
RICTOR	1	0	0	1.0	1.0
SPEF2	1	0	0	1.0	1.0
SYNE3	1	0	0	1.0	1.0
TRIP13	1	0	0	1.0	1.0
VCAN	1	0	0	1.0	1.0
COQ6	1	0	0	1.0	1.0
CLMN	1	0	0	1.0	1.0
CHD8	1	0	0	1.0	1.0
CEP128	2	0	0	1.0	1.0
CCDC88C	1	0	0	1.0	1.0
CATSPERB	1	0	0	1.0	1.0
C14orf183	1	0	0	1.0	1.0
C14orf180	1	0	0	1.0	1.0
BTBD7	1	0	0	1.0	1.0
BRMS1L	1	0	0	1.0	1.0
ATG2B	1	0	0	1.0	1.0
UNC5A	1	0	0	1.0	1.0
ATG14	2	0	0	1.0	1.0
ALKBH1	1	0	0	1.0	1.0
AKT1	1	0	0	1.0	1.0
AK7	1	0	0	1.0	1.0
AHNAK2	1	0	0	1.0	1.0
ADSSL1	1	0	0	1.0	1.0
ADCK1	1	0	0	1.0	1.0
ABHD4	2	0	0	1.0	1.0
ABCD4	1	0	0	1.0	1.0
ZNF300	1	0	0	1.0	1.0
ZCCHC10	1	0	0	1.0	1.0
WWC1	1	0	0	1.0	1.0
ASPG	2	0	0	1.0	1.0
F9	1	0	0	1.0	1.0
TDP1	1	0	0	1.0	1.0
TEP1	1	0	0	1.0	1.0
KCTD13	1	0	0	1.0	1.0
KAT8	2	0	0	1.0	1.0
ITGAX	2	0	0	1.0	1.0
ITGAL	1	0	0	1.0	1.0
ITGAD	1	0	0	1.0	1.0
IRX6	1	0	0	1.0	1.0
IRX3	1	0	0	1.0	1.0
IL21R	1	0	0	1.0	1.0
IFT140	1	0	0	1.0	1.0
HS3ST4	1	0	0	1.0	1.0
GTF3C1	1	0	0	1.0	1.0
GRIN2A	3	0	0	1.0	1.0
GPRC5B	2	0	0	1.0	1.0
GPR97	1	0	0	1.0	1.0
GPR139	1	0	0	1.0	1.0
GP2	1	0	0	1.0	1.0
GLG1	1	0	0	1.0	1.0
GAS8	1	0	0	1.0	1.0
FTO	1	0	0	1.0	1.0
FAM65A	1	0	0	1.0	1.0
FA2H	2	0	0	1.0	1.0
EEF2K	1	0	0	1.0	1.0
EDC4	1	0	0	1.0	1.0
KIAA0556	1	0	0	1.0	1.0
KIAA0895L	1	0	0	1.0	1.0
MAPK8IP3	1	0	0	1.0	1.0
MBTPS1	1	0	0	1.0	1.0
PSMB10	1	0	0	1.0	1.0
PRSS21	1	0	0	1.0	1.0
PRR25	1	0	0	1.0	1.0
PRMT7	1	0	0	1.0	1.0
PRM3	1	0	0	1.0	1.0
PPL	3	0	0	1.0	1.0
PLCG2	1	0	0	1.0	1.0
PKD1L2	1	0	0	1.0	1.0
PKD1	2	0	0	1.0	1.0
PHLPP2	2	0	0	1.0	1.0
PDPK1	1	0	0	1.0	1.0
DPEP3	1	0	0	1.0	1.0
PAQR4	1	0	0	1.0	1.0
OSGIN1	1	0	0	1.0	1.0
OR2C1	2	0	0	1.0	1.0
NUDT16L1	1	0	0	1.0	1.0
NUBP1	1	0	0	1.0	1.0
NOXO1	1	0	0	1.0	1.0
NOB1	1	0	0	1.0	1.0
NKD1	1	0	0	1.0	1.0
MYLK3	1	0	0	1.0	1.0
MTSS1L	2	0	0	1.0	1.0
MSLNL	1	0	0	1.0	1.0
MSLN	1	0	0	1.0	1.0
OTOA	1	0	0	1.0	1.0
DNAH3	1	0	0	1.0	1.0
DEF8	2	0	0	1.0	1.0
CYBA	1	0	0	1.0	1.0
BRICD5	3	0	0	1.0	1.0
BCKDK	1	0	0	1.0	1.0
ATMIN	3	0	0	1.0	1.0
ARHGDIG	1	0	0	1.0	1.0
AP1G1	1	0	0	1.0	1.0
ANKRD11	1	0	0	1.0	1.0
ADCY9	2	0	0	1.0	1.0
ACSM5	1	0	0	1.0	1.0
ACSM2B	2	0	0	1.0	1.0
ACD	1	0	0	1.0	1.0
ABCC12	3	0	0	1.0	1.0
C16orf71	1	0	0	1.0	1.0
ABCA3	1	0	0	1.0	1.0
ZNF839	2	0	0	1.0	1.0
ZFYVE26	1	0	0	1.0	1.0
ZC3H14	1	0	0	1.0	1.0
YLPM1	2	0	0	1.0	1.0
TTLL5	1	0	0	1.0	1.0
TSSK4	1	0	0	1.0	1.0
TRMT5	1	0	0	1.0	1.0
TRAV9-2	1	0	0	1.0	1.0
TRAV8-3	1	0	0	1.0	1.0
TRAV36DV7	1	0	0	1.0	1.0
TRAJ46	1	0	0	1.0	1.0
ABAT	2	0	0	1.0	1.0
TECPR2	2	0	0	1.0	1.0
C16orf72	1	0	0	1.0	1.0
CACNA1H	1	0	0	1.0	1.0
CTRL	1	0	0	1.0	1.0
CTCF	2	0	0	1.0	1.0
CORO7	3	0	0	1.0	1.0
COQ7	1	0	0	1.0	1.0
CNTNAP4	1	0	0	1.0	1.0
CNOT1	3	0	0	1.0	1.0
CNGB1	1	0	0	1.0	1.0
CNEP1R1	1	0	0	1.0	1.0
CMTM1	1	0	0	1.0	1.0
CLEC16A	1	0	0	1.0	1.0
CLDN6	1	0	0	1.0	1.0
CA5A	1	0	0	1.0	1.0
CIAPIN1	1	0	0	1.0	1.0
CHD9	2	0	0	1.0	1.0
CES3	1	0	0	1.0	1.0
CES1	1	0	0	1.0	1.0
CENPT	1	0	0	1.0	1.0
CDYL2	1	0	0	1.0	1.0
CDT1	1	0	0	1.0	1.0
CDH8	2	0	0	1.0	1.0
CDH16	1	0	0	1.0	1.0
CDH13	1	0	0	1.0	1.0
CDH11	1	0	0	1.0	1.0
CARHSP1	1	0	0	1.0	1.0
CHST5	2	0	0	1.0	1.0
UNC5CL	1	0	0	1.0	1.0
