Gene	ID	gene length	non-silent snv	silent snv	nonsense	lost stop	splice site	lost start	missense	recurrent missense	normalized missense position entropy	frameshift indel	inframe indel	normalized mutation entropy
ACBD3	NA	1587	1	0	0	0	0	0	1	0	1.0	0.0	0.0	1.0
ADAM15	NA	2592	1	0	1	0	0	0	0	0	1.0	0.0	0.0	1.0
ADAMTSL4	NA	3225	0	1	0	0	0	0	0	0	1.0	0.0	0.0	1.0
ADORA1	NA	981	1	0	1	0	0	0	0	0	1.0	0.0	0.0	1.0
ANKRD34A	NA	1491	1	0	0	0	0	0	1	0	1.0	0.0	0.0	1.0
ARHGEF16	NA	2130	1	0	0	0	0	0	1	0	1.0	0.0	0.0	1.0
ARID1A	NA	6858	0	1	0	0	0	0	0	0	1.0	0.0	0.0	1.0
ASH1L	NA	8895	1	0	0	0	0	0	1	0	1.0	0.0	0.0	1.0
ASTN1	NA	3885	1	0	0	0	0	0	1	0	1.0	0.0	0.0	1.0
ATP13A2	NA	3543	1	0	0	0	0	0	1	0	1.0	0.0	0.0	1.0
ATP2B4	NA	3618	1	0	0	0	0	0	1	0	1.0	0.0	0.0	1.0
AVPR1B	NA	1275	1	0	0	0	0	0	1	0	1.0	0.0	0.0	1.0
BCAR3	NA	2478	1	0	0	0	0	0	1	0	1.0	0.0	0.0	1.0
BCL9	NA	4281	0	1	0	0	0	0	0	0	1.0	0.0	0.0	1.0
BLZF1	NA	1203	1	0	0	0	0	0	1	0	1.0	0.0	0.0	1.0
C1QC	NA	738	1	0	0	0	0	0	1	0	1.0	0.0	0.0	1.0
C1orf167	NA	4422	1	0	0	0	0	0	1	0	1.0	0.0	0.0	1.0
CACNA1S	NA	5622	1	0	0	0	0	0	1	0	1.0	0.0	0.0	1.0
CC2D1B	NA	2577	1	0	0	0	0	0	1	0	1.0	0.0	0.0	1.0
CCT3	NA	1638	0	1	0	0	0	0	0	0	1.0	0.0	0.0	1.0
CD84	NA	1038	1	0	0	0	0	0	1	0	1.0	0.0	0.0	1.0
CEP350	NA	9354	0	1	0	0	0	0	0	0	1.0	0.0	0.0	1.0
CHD5	NA	5865	1	2	0	0	0	0	1	0	1.0	0.0	0.0	1.0
CLCNKA	NA	2064	1	0	0	0	0	0	1	0	1.0	0.0	0.0	1.0
CLDN19	NA	675	0	1	0	0	0	0	0	0	1.0	0.0	0.0	1.0
CLIC4	NA	762	1	0	0	0	0	0	1	0	1.0	0.0	0.0	1.0
CLSTN1	NA	2946	2	0	0	0	0	0	2	0	1.0	0.0	0.0	1.0
CNR2	NA	1083	1	0	0	0	0	0	1	0	1.0	0.0	0.0	1.0
COL11A1	NA	5457	1	0	0	0	0	0	1	0	1.0	0.0	0.0	1.0
CROCC	NA	6054	0	1	0	0	0	0	0	0	1.0	0.0	0.0	1.0
CSMD2	NA	10464	1	0	0	0	0	0	1	0	1.0	0.0	0.0	1.0
CYP4Z1	NA	1518	1	0	0	0	0	0	1	0	1.0	0.0	0.0	1.0
DCAF6	NA	2856	1	0	0	0	0	0	1	0	1.0	0.0	0.0	1.0
DCST1	NA	2121	1	0	0	0	0	0	1	0	1.0	0.0	0.0	1.0
DHDDS	NA	1005	1	0	0	0	0	0	1	0	1.0	0.0	0.0	1.0
DIEXF	NA	2271	1	0	0	0	0	0	1	0	1.0	0.0	0.0	1.0
DMAP1	NA	1404	1	0	0	0	0	0	1	0	1.0	0.0	0.0	1.0
DNAJC6	NA	2913	0	1	0	0	0	0	0	0	1.0	0.0	0.0	1.0
DNM3	NA	2592	1	0	0	0	0	0	1	0	1.0	0.0	0.0	1.0
DTL	NA	2193	1	0	0	0	0	0	1	0	1.0	0.0	0.0	1.0
ECHDC2	NA	879	1	0	0	0	0	0	1	0	1.0	0.0	0.0	1.0
EDN2	NA	537	1	0	0	0	0	0	1	0	1.0	0.0	0.0	1.0
AGO4	NA	2586	1	0	0	0	1	0	0	0	1.0	0.0	0.0	1.0
EIF3I	NA	978	1	0	1	0	0	0	0	0	1.0	0.0	0.0	1.0
EPHA10	NA	3027	0	1	0	0	0	0	0	0	1.0	0.0	0.0	1.0
EXOSC10	NA	2658	1	0	0	0	0	0	1	0	1.0	0.0	0.0	1.0
FAM183A	NA	405	0	1	0	0	0	0	0	0	1.0	0.0	0.0	1.0
BRINP3	NA	2301	1	0	0	0	0	0	1	0	1.0	0.0	0.0	1.0
FCRL3	NA	2205	0	1	0	0	0	0	0	0	1.0	0.0	0.0	1.0
FLG	NA	12186	2	0	0	0	0	0	2	0	1.0	0.0	0.0	1.0
FMN2	NA	5169	0	1	0	0	0	0	0	0	1.0	0.0	0.0	1.0
FMOD	NA	1131	1	0	0	0	0	0	1	0	1.0	0.0	0.0	1.0
FPGT-TNNI3K	NA	2850	0	1	0	0	0	0	0	0	1.0	0.0	0.0	1.0
GADD45A	NA	498	0	1	0	0	0	0	0	0	1.0	0.0	0.0	1.0
GLRX2	NA	498	1	0	0	0	0	0	1	0	1.0	0.0	0.0	1.0
GPR153	NA	1830	0	1	0	0	0	0	0	0	1.0	0.0	0.0	1.0
GRIK3	NA	2760	1	0	0	0	0	0	1	0	1.0	0.0	0.0	1.0
GTF2B	NA	951	1	0	0	0	0	0	1	0	1.0	0.0	0.0	1.0
HAO2	NA	1056	0	1	0	0	0	0	0	0	1.0	0.0	0.0	1.0
HMCN1	NA	16908	1	1	0	0	0	0	1	0	1.0	0.0	0.0	1.0
HSD3B1	NA	1122	1	0	0	0	0	0	1	0	1.0	0.0	0.0	1.0
HSPG2	NA	13176	1	0	0	0	0	0	1	0	1.0	0.0	0.0	1.0
INTS7	NA	2889	1	0	0	0	0	0	1	0	1.0	0.0	0.0	1.0
IPP	NA	1755	0	1	0	0	0	0	0	0	1.0	0.0	0.0	1.0
ITPKB	NA	2841	1	0	0	0	0	0	1	0	1.0	0.0	0.0	1.0
KANK4	NA	2988	1	0	0	0	0	0	1	0	1.0	0.0	0.0	1.0
KCNH1	NA	2970	1	0	0	0	0	0	1	0	1.0	0.0	0.0	1.0
KIAA0040	NA	300	0	1	0	0	0	0	0	0	1.0	0.0	0.0	1.0
KIF14	NA	4947	0	1	0	0	0	0	0	0	1.0	0.0	0.0	1.0
KISS1	NA	417	0	1	0	0	0	0	0	0	1.0	0.0	0.0	1.0
KLHL12	NA	1707	1	0	0	0	0	0	1	0	1.0	0.0	0.0	1.0
KMO	NA	1461	1	0	0	0	0	0	1	0	1.0	0.0	0.0	1.0
LCE3B	NA	288	1	0	0	0	0	0	1	0	1.0	0.0	0.0	1.0
LINGO4	NA	1782	1	0	0	0	0	0	1	0	1.0	0.0	0.0	1.0
LPHN2	NA	4212	1	0	0	0	0	0	1	0	1.0	0.0	0.0	1.0
LRRC52	NA	942	1	0	0	0	0	0	1	0	1.0	0.0	0.0	1.0
LRRN2	NA	2142	0	1	0	0	0	0	0	0	1.0	0.0	0.0	1.0
LUZP1	NA	3231	2	0	1	0	0	0	1	0	1.0	0.0	0.0	1.0
LY9	NA	1968	0	1	0	0	0	0	0	0	1.0	0.0	0.0	1.0
MACF1	NA	16293	2	0	0	0	0	0	2	0	1.0	0.0	0.0	1.0
MAEL	NA	1305	1	0	0	0	0	0	1	0	1.0	0.0	0.0	1.0
MAP1LC3C	NA	444	1	0	0	0	0	0	1	0	1.0	0.0	0.0	1.0
MROH9	NA	2586	1	0	0	0	0	0	1	0	1.0	0.0	0.0	1.0
MRPS15	NA	774	1	0	0	0	0	0	1	0	1.0	0.0	0.0	1.0
MSH4	NA	2811	1	0	0	0	0	0	1	0	1.0	0.0	0.0	1.0
MTOR	NA	7650	2	0	0	0	0	0	2	0	1.0	0.0	0.0	1.0
NBPF1	NA	3425	0	1	0	0	0	0	0	0	1.0	0.0	0.0	1.0
NBPF10	NA	10881	1	0	0	0	0	0	1	0	1.0	0.0	0.0	1.0
NECAP2	NA	822	0	1	0	0	0	0	0	0	1.0	0.0	0.0	1.0
NES	NA	4866	1	0	0	0	0	0	1	0	1.0	0.0	0.0	1.0
NGF	NA	726	1	0	0	0	0	0	1	0	1.0	0.0	0.0	1.0
NPHS2	NA	1152	1	0	0	0	1	0	0	0	1.0	0.0	0.0	1.0
NRAS	NA	570	1	0	0	0	0	0	1	0	1.0	0.0	0.0	1.0
NSUN4	NA	1155	1	0	0	0	0	0	1	0	1.0	0.0	0.0	1.0
OBSCN	NA	26772	0	4	0	0	0	0	0	0	1.0	0.0	0.0	1.0
OR10R2	NA	1008	1	0	0	0	0	0	1	0	1.0	0.0	0.0	1.0
OR14A16	NA	930	1	0	0	0	0	0	1	0	1.0	0.0	0.0	1.0
OR2T2	NA	975	1	0	0	0	0	0	1	0	1.0	0.0	0.0	1.0
OR2T4	NA	1047	1	0	0	0	0	0	1	0	1.0	0.0	0.0	1.0
PABPC4	NA	1983	1	0	0	0	0	0	1	0	1.0	0.0	0.0	1.0
PADI3	NA	1995	1	0	0	0	0	0	1	0	1.0	0.0	0.0	1.0
PAX7	NA	1563	1	0	0	0	0	0	1	0	1.0	0.0	0.0	1.0
PCNXL2	NA	6414	1	0	0	0	0	0	1	0	1.0	0.0	0.0	1.0
PDC	NA	741	0	1	0	0	0	0	0	0	1.0	0.0	0.0	1.0
PDE4DIP	NA	7089	0	2	0	0	0	0	0	0	1.0	0.0	0.0	1.0
PGD	NA	1452	0	1	0	0	0	0	0	0	1.0	0.0	0.0	1.0
PHACTR4	NA	2139	1	0	0	0	0	0	1	0	1.0	0.0	0.0	1.0
PHGDH	NA	1602	0	1	0	0	0	0	0	0	1.0	0.0	0.0	1.0
PIAS3	NA	1887	1	0	0	0	0	0	1	0	1.0	0.0	0.0	1.0
PKLR	NA	1725	1	0	0	0	0	0	1	0	1.0	0.0	0.0	1.0
PLK3	NA	1941	0	1	0	0	0	0	0	0	1.0	0.0	0.0	1.0
PLOD1	NA	2184	0	1	0	0	0	0	0	0	1.0	0.0	0.0	1.0
PLXNA2	NA	5685	2	0	0	0	0	0	2	0	1.0	0.0	0.0	1.0
PPP1R12B	NA	2949	1	0	0	0	0	0	1	0	1.0	0.0	0.0	1.0
PPP1R8	NA	1056	1	0	0	0	0	0	1	0	1.0	0.0	0.0	1.0
PPT1	NA	921	1	0	0	0	0	0	1	0	1.0	0.0	0.0	1.0
PRAMEF2	NA	1425	1	0	0	0	0	0	1	0	1.0	0.0	0.0	1.0
PRG4	NA	4215	1	1	0	0	0	0	1	0	1.0	0.0	0.0	1.0
PSMA5	NA	726	1	0	0	0	0	0	1	0	1.0	0.0	0.0	1.0
PTPN14	NA	3564	1	0	0	0	0	0	1	0	1.0	0.0	0.0	1.0
PTPRU	NA	4341	2	0	0	0	0	0	2	0	1.0	0.0	0.0	1.0
RAB3GAP2	NA	4182	1	0	0	0	0	0	1	0	1.0	0.0	0.0	1.0
RAD54L	NA	2244	1	1	0	0	0	0	1	0	1.0	0.0	0.0	1.0
RBM8A	NA	525	0	1	0	0	0	0	0	0	1.0	0.0	0.0	1.0
RFX5	NA	1851	1	0	0	0	0	0	1	0	1.0	0.0	0.0	1.0
RGL1	NA	2412	1	0	0	0	0	0	1	0	1.0	1.0	0.0	1.0
RHBG	NA	1377	1	0	0	0	0	0	1	0	1.0	0.0	0.0	1.0
RIIAD1	NA	279	1	0	0	0	0	0	1	0	1.0	0.0	0.0	1.0
ROR1	NA	2814	2	0	0	0	0	0	2	0	1.0	0.0	0.0	-0.0
RPL11	NA	537	1	0	0	0	0	0	1	0	1.0	0.0	0.0	1.0
RYR2	NA	14904	3	0	0	0	0	0	3	0	1.0	0.0	0.0	1.0
SCNN1D	NA	2409	1	0	0	0	0	0	1	0	1.0	0.0	0.0	1.0
SDF4	NA	1089	1	0	0	0	0	0	1	0	1.0	0.0	0.0	1.0
SDHB	NA	843	1	0	0	0	0	0	1	0	1.0	0.0	0.0	1.0
SDHC	NA	510	1	0	0	0	0	0	1	0	1.0	0.0	0.0	1.0
SEMA4A	NA	2286	1	0	0	0	0	0	1	0	1.0	0.0	0.0	1.0
SLC16A1	NA	1503	1	0	0	0	0	0	1	0	1.0	0.0	0.0	1.0
SLC27A3	NA	2193	1	0	0	0	0	0	1	0	1.0	0.0	0.0	1.0
SLC2A1	NA	1479	0	1	0	0	0	0	0	0	1.0	0.0	0.0	1.0
SLC2A7	NA	1539	1	0	0	0	0	0	1	0	1.0	0.0	0.0	1.0
SLC30A10	NA	1458	1	0	0	0	0	0	1	0	1.0	0.0	0.0	1.0
SLC39A1	NA	975	0	1	0	0	0	0	0	0	1.0	0.0	0.0	1.0
SLC45A1	NA	2349	2	0	0	0	0	0	2	0	1.0	0.0	0.0	1.0
SMG7	NA	3537	0	1	0	0	0	0	0	0	1.0	0.0	0.0	1.0
SPOCD1	NA	3651	1	0	0	0	0	0	1	0	1.0	0.0	0.0	1.0
SPTA1	NA	7260	1	0	0	0	0	0	1	0	1.0	0.0	0.0	1.0
SRRM1	NA	2715	0	1	0	0	0	0	0	0	1.0	0.0	0.0	1.0
STX6	NA	768	1	0	0	0	0	0	1	0	1.0	0.0	0.0	1.0
SWT1	NA	2703	1	0	0	0	0	0	1	0	1.0	0.0	0.0	1.0
SYTL1	NA	1689	1	0	0	0	0	0	1	0	1.0	0.0	0.0	1.0
SZT2	NA	10128	1	0	0	0	0	0	1	0	1.0	0.0	0.0	1.0
TARBP1	NA	4866	1	0	0	0	0	0	1	0	1.0	0.0	0.0	1.0
TAS1R1	NA	2526	1	1	0	0	0	0	1	0	1.0	0.0	0.0	1.0
TBCE	NA	1584	1	0	0	0	0	0	1	0	1.0	0.0	0.0	1.0
TMCC2	NA	2130	0	1	0	0	0	0	0	0	1.0	0.0	0.0	1.0
TMEM125	NA	660	0	1	0	0	0	0	0	0	1.0	0.0	0.0	1.0
TNN	NA	3900	1	0	0	0	0	0	1	0	1.0	0.0	0.0	1.0
TNR	NA	4077	0	1	0	0	0	0	0	0	1.0	0.0	0.0	1.0
TP53BP2	NA	3405	1	0	0	0	0	0	1	0	1.0	0.0	0.0	1.0
TPM3	NA	858	1	0	0	0	0	0	1	0	1.0	0.0	0.0	1.0
TPR	NA	7092	0	2	0	0	0	0	0	0	1.0	0.0	0.0	1.0
TRIM46	NA	2280	0	1	0	0	0	0	0	0	1.0	0.0	0.0	1.0
TXLNA	NA	1641	1	0	0	0	0	0	1	0	1.0	0.0	0.0	1.0
UBR4	NA	15552	1	0	0	0	0	0	1	0	1.0	0.0	0.0	1.0
URB2	NA	4575	0	1	0	0	0	0	0	0	1.0	0.0	0.0	1.0
USH2A	NA	15609	1	0	0	0	0	0	1	0	1.0	0.0	0.0	1.0
VHLL	NA	420	1	0	0	0	0	0	1	0	1.0	0.0	0.0	1.0
VPS13D	NA	13167	0	1	0	0	0	0	0	0	1.0	0.0	0.0	1.0
VWA5B1	NA	3648	1	0	0	0	0	0	1	0	1.0	0.0	0.0	1.0
WDR3	NA	2832	1	0	1	0	0	0	0	0	1.0	0.0	0.0	1.0
DCAF8	NA	2256	1	0	0	0	0	0	1	0	1.0	0.0	0.0	1.0
WDR77	NA	1029	0	1	0	0	0	0	0	0	1.0	0.0	0.0	1.0
ZFYVE9	NA	4278	1	0	0	0	0	0	1	0	1.0	0.0	0.0	1.0
ZMYM6	NA	3978	1	0	0	0	0	0	1	0	1.0	0.0	0.0	1.0
ZNF648	NA	1707	1	0	0	0	0	0	1	0	1.0	0.0	0.0	1.0
ZNF672	NA	1359	1	0	0	0	0	0	1	0	1.0	0.0	0.0	1.0
ZP4	NA	1623	1	1	0	0	0	0	1	0	1.0	0.0	0.0	1.0
A1BG	NA	1488	1	0	0	0	0	0	1	0	1.0	0.0	0.0	1.0
ADCK4	NA	1635	1	0	0	0	0	0	1	0	1.0	0.0	0.0	1.0
ALDH16A1	NA	2409	0	1	0	0	0	0	0	0	1.0	0.0	0.0	1.0
AMH	NA	1683	1	0	0	0	0	0	1	0	1.0	0.0	0.0	1.0
AP1M1	NA	1308	1	0	0	0	0	0	1	0	1.0	0.0	0.0	1.0
ARHGAP33	NA	3381	1	0	0	0	0	0	1	0	1.0	0.0	0.0	1.0
ATP8B3	NA	3903	1	0	0	0	0	0	1	0	1.0	0.0	0.0	1.0
AXL	NA	2685	1	0	0	0	0	0	1	0	1.0	0.0	0.0	1.0
B3GNT8	NA	1194	0	1	0	0	0	0	0	0	1.0	0.0	0.0	1.0
BRD4	NA	4089	1	0	0	0	0	0	1	0	1.0	1.0	0.0	1.0
C19orf33	NA	321	0	1	0	0	0	0	0	0	1.0	0.0	0.0	1.0
CACNA1A	NA	7534	1	0	0	0	0	0	1	0	1.0	0.0	0.0	1.0
CADM4	NA	1167	0	1	0	0	0	0	0	0	1.0	0.0	0.0	1.0
CALM3	NA	450	1	0	0	0	0	0	1	0	1.0	0.0	0.0	1.0
CAMSAP3	NA	3831	1	0	0	0	0	0	1	0	1.0	0.0	0.0	1.0
CATSPERD	NA	2397	0	1	0	0	0	0	0	0	1.0	0.0	0.0	1.0
CATSPERG	NA	3480	1	0	0	0	0	0	1	0	1.0	0.0	0.0	1.0
CBLC	NA	1425	1	0	0	0	0	0	1	0	1.0	0.0	0.0	1.0
CCDC114	NA	2013	1	0	0	0	0	0	1	0	1.0	0.0	0.0	1.0
CEACAM21	NA	882	0	1	0	0	0	0	0	0	1.0	0.0	0.0	1.0
CEACAM5	NA	2109	0	1	0	0	0	0	0	0	1.0	0.0	0.0	1.0
CILP2	NA	3471	0	1	0	0	0	0	0	0	1.0	0.0	0.0	1.0
CLIP3	NA	1644	1	0	0	0	0	0	1	0	1.0	0.0	0.0	1.0
COPE	NA	927	0	1	0	0	0	0	0	0	1.0	0.0	0.0	1.0
DNM2	NA	2613	1	0	0	0	0	0	1	0	1.0	0.0	0.0	1.0
DOCK6	NA	6144	1	1	0	0	0	0	1	0	1.0	0.0	0.0	1.0
DOT1L	NA	4614	1	0	0	0	0	0	1	0	1.0	0.0	0.0	1.0
DUS3L	NA	1953	1	0	0	0	0	0	1	0	1.0	0.0	0.0	1.0
EMP3	NA	492	1	0	0	0	0	0	1	0	1.0	0.0	0.0	1.0
ERCC1	NA	972	1	0	1	0	0	0	0	0	1.0	0.0	0.0	1.0
EVI5L	NA	2418	1	0	0	0	0	0	1	0	1.0	0.0	0.0	1.0
FAM71E2	NA	2769	1	0	0	0	0	0	1	0	1.0	0.0	0.0	1.0
GMIP	NA	2913	1	0	0	0	0	0	1	0	1.0	0.0	0.0	1.0
GP6	NA	1863	1	0	0	0	0	0	1	0	1.0	0.0	0.0	1.0
GPI	NA	1710	1	0	0	0	0	0	1	0	1.0	0.0	0.0	1.0
GRIK5	NA	2943	0	1	0	0	0	0	0	0	1.0	0.0	0.0	1.0
GRWD1	NA	1341	1	0	0	0	0	0	1	0	1.0	0.0	0.0	1.0
GTF2F1	NA	1554	1	0	0	0	0	0	1	0	1.0	0.0	0.0	1.0
GYS1	NA	2214	1	0	0	0	0	0	1	0	1.0	0.0	0.0	1.0
HAUS8	NA	1233	1	0	0	0	0	0	1	0	1.0	0.0	0.0	1.0
IGFLR1	NA	1068	1	0	0	0	0	0	1	0	1.0	0.0	0.0	1.0
IL12RB1	NA	1989	2	0	0	0	0	0	2	0	1.0	0.0	0.0	1.0
IRF3	NA	1359	1	0	0	0	0	0	1	0	1.0	0.0	0.0	1.0
IZUMO1	NA	1053	1	0	0	0	0	0	1	0	1.0	0.0	0.0	1.0
KDM4B	NA	3291	0	1	0	0	0	0	0	0	1.0	0.0	0.0	1.0
KIR2DL3	NA	1026	0	1	0	0	0	0	0	0	1.0	0.0	0.0	1.0
KIRREL2	NA	2127	1	0	0	0	0	0	1	0	1.0	0.0	0.0	1.0
KLK1	NA	789	1	0	0	0	0	0	1	0	1.0	0.0	0.0	1.0
KLK14	NA	804	1	0	0	0	0	0	1	0	1.0	0.0	0.0	1.0
KLK6	NA	735	1	0	0	0	0	0	1	0	1.0	0.0	0.0	1.0
KLK8	NA	918	0	1	0	0	0	0	0	0	1.0	0.0	0.0	1.0
KPTN	NA	1311	1	0	0	0	0	0	1	0	1.0	0.0	0.0	1.0
LENG8	NA	2403	1	0	0	0	0	0	1	0	1.0	0.0	0.0	1.0
LGI4	NA	1614	1	0	0	0	0	0	1	0	1.0	0.0	0.0	1.0
LRRC8E	NA	2391	0	1	0	0	0	0	0	0	1.0	0.0	0.0	1.0
MAG	NA	1881	0	1	0	0	0	0	0	0	1.0	0.0	0.0	1.0
MAN2B1	NA	3036	0	1	0	0	0	0	0	0	1.0	0.0	0.0	1.0
MLLT1	NA	1680	1	0	0	0	0	0	1	0	1.0	0.0	0.0	1.0
MOB3A	NA	654	0	1	0	0	0	0	0	0	1.0	0.0	0.0	1.0
MUC16	NA	43524	1	0	0	0	0	0	1	0	1.0	0.0	0.0	1.0
MYADM	NA	969	0	1	0	0	0	0	0	0	1.0	0.0	0.0	1.0
MYH14	NA	6111	2	1	0	0	0	0	2	0	1.0	0.0	0.0	1.0
MYO1F	NA	3297	0	1	0	0	0	0	0	0	1.0	0.0	0.0	1.0
MYO9B	NA	6474	1	0	0	0	0	0	1	0	1.0	0.0	0.0	1.0
NCR1	NA	915	1	0	0	0	0	0	1	0	1.0	0.0	0.0	1.0
NLRP12	NA	3189	0	1	0	0	0	0	0	0	1.0	0.0	0.0	1.0
NLRP5	NA	3603	1	0	0	0	0	0	1	0	1.0	0.0	0.0	1.0
NLRP8	NA	3147	0	1	0	0	0	0	0	0	1.0	0.0	0.0	1.0
NPHS1	NA	3726	1	0	0	0	0	0	1	0	1.0	0.0	0.0	1.0
OR1I1	NA	1068	1	0	0	0	0	0	1	0	1.0	0.0	0.0	1.0
OR7C2	NA	960	1	0	0	0	0	0	1	0	1.0	0.0	0.0	1.0
PCP2	NA	411	1	0	0	0	0	0	1	0	1.0	0.0	0.0	1.0
PINLYP	NA	687	1	0	0	0	0	0	1	0	1.0	0.0	0.0	1.0
PLA2G4C	NA	1656	1	0	0	0	0	0	1	0	1.0	0.0	0.0	1.0
PLAUR	NA	1008	1	0	0	0	0	0	1	0	1.0	0.0	0.0	1.0
PLEKHA4	NA	2340	1	0	0	0	0	0	1	0	1.0	0.0	0.0	1.0
PLEKHG2	NA	4161	1	0	0	0	0	0	1	0	1.0	0.0	0.0	1.0
PRX	NA	4386	1	0	0	0	0	0	1	0	1.0	0.0	0.0	1.0
PSPN	NA	471	1	0	0	0	0	0	1	0	1.0	0.0	0.0	1.0
PTPRH	NA	3348	1	0	0	0	0	0	1	0	1.0	0.0	0.0	1.0
PTPRS	NA	5847	1	0	0	0	0	0	1	0	1.0	0.0	0.0	1.0
PVR	NA	1254	2	0	0	0	0	0	2	0	1.0	0.0	0.0	1.0
RBM42	NA	1443	1	0	0	0	0	0	1	0	1.0	0.0	0.0	1.0
REXO1	NA	3666	1	0	0	0	0	0	1	0	1.0	0.0	0.0	1.0
RGL3	NA	2151	1	0	0	0	0	0	1	0	1.0	0.0	0.0	1.0
RLN3	NA	429	1	0	0	0	1	0	0	0	1.0	0.0	0.0	1.0
RPL18	NA	567	0	1	0	0	0	0	0	0	1.0	0.0	0.0	1.0
RYR1	NA	15117	3	1	1	0	0	0	2	0	1.0	0.0	0.0	1.0
SAFB	NA	2754	1	0	0	0	0	0	1	0	1.0	0.0	0.0	1.0
SARS2	NA	1563	1	0	0	0	0	0	1	0	1.0	0.0	0.0	1.0
SBNO2	NA	4101	0	1	0	0	0	0	0	0	1.0	1.0	0.0	1.0
SBSN	NA	1773	1	0	0	0	0	0	1	0	1.0	0.0	0.0	1.0
SELV	NA	1041	1	0	0	0	0	0	1	0	1.0	0.0	0.0	1.0
SIGLEC7	NA	1404	1	0	0	0	0	0	1	0	1.0	0.0	0.0	1.0
SLC8A2	NA	2766	1	0	0	0	0	0	1	0	1.0	0.0	0.0	1.0
SMARCA4	NA	5040	2	0	0	0	0	0	2	0	1.0	0.0	0.0	1.0
SNRPA	NA	849	0	1	0	0	0	0	0	0	1.0	0.0	0.0	1.0
SSC5D	NA	4722	1	0	0	0	0	0	1	0	1.0	0.0	0.0	1.0
TCF3	NA	1965	0	1	0	0	0	0	0	0	1.0	0.0	0.0	1.0
TICAM1	NA	2139	1	0	0	0	0	0	1	0	1.0	0.0	0.0	1.0
TLE6	NA	1719	1	0	0	0	0	0	1	0	1.0	0.0	0.0	1.0
TMEM59L	NA	1029	1	0	0	0	0	0	1	0	1.0	0.0	0.0	1.0
TMPRSS9	NA	3180	1	0	0	0	0	0	1	0	1.0	0.0	0.0	1.0
TRPM4	NA	3645	1	1	0	0	0	0	1	0	1.0	0.0	0.0	1.0
TSHZ3	NA	3246	1	1	0	0	0	0	1	0	1.0	0.0	0.0	1.0
TSKS	NA	1779	1	0	0	0	0	0	1	0	1.0	0.0	0.0	1.0
UBE2S	NA	669	0	1	0	0	0	0	0	0	1.0	0.0	0.0	1.0
UNC13A	NA	5112	1	0	0	0	0	0	1	0	1.0	0.0	0.0	1.0
URI1	NA	1608	1	0	0	0	0	0	1	0	1.0	0.0	0.0	1.0
USP29	NA	2769	1	0	0	0	0	0	1	0	1.0	0.0	0.0	1.0
XAB2	NA	2568	1	0	0	0	0	0	1	0	1.0	0.0	0.0	1.0
ZBTB45	NA	1536	0	1	0	0	0	0	0	0	1.0	0.0	0.0	1.0
ZIM3	NA	1419	1	0	0	0	0	0	1	0	1.0	0.0	0.0	1.0
ZNF177	NA	1446	1	0	0	0	0	0	1	0	1.0	0.0	0.0	1.0
ZNF321P	NA	702	1	0	0	0	0	0	1	0	1.0	0.0	0.0	1.0
ZNF347	NA	2523	1	0	0	0	0	0	1	0	1.0	0.0	0.0	1.0
ZNF419	NA	1536	1	0	0	0	0	0	1	0	1.0	0.0	0.0	1.0
ZNF431	NA	1731	1	0	0	0	0	0	1	0	1.0	0.0	0.0	1.0
ZNF441	NA	2082	1	0	0	0	1	0	0	0	1.0	0.0	0.0	1.0
ZNF536	NA	3903	1	0	0	0	0	0	1	0	1.0	0.0	0.0	1.0
ZNF544	NA	2148	0	1	0	0	0	0	0	0	1.0	0.0	0.0	1.0
ZNF546	NA	2511	1	0	0	0	0	0	1	0	1.0	0.0	0.0	1.0
ZNF585B	NA	2310	1	0	0	0	0	0	1	0	1.0	0.0	0.0	1.0
ZNF587	NA	1728	0	1	0	0	0	0	0	0	1.0	0.0	0.0	1.0
ZNF600	NA	2169	0	1	0	0	0	0	0	0	1.0	0.0	0.0	1.0
ZNF614	NA	1758	1	0	0	0	0	0	1	0	1.0	0.0	0.0	1.0
ZNF615	NA	2229	1	0	0	0	0	0	1	0	1.0	0.0	0.0	1.0
ZNF653	NA	1848	1	0	0	0	0	0	1	0	1.0	0.0	0.0	1.0
ZNF676	NA	1767	1	0	0	0	0	0	1	0	1.0	0.0	0.0	1.0
ZNF791	NA	1731	1	0	0	0	0	0	1	0	1.0	0.0	0.0	1.0
ZNF808	NA	2712	0	1	0	0	0	0	0	0	1.0	0.0	0.0	1.0
ZNF814	NA	2568	1	0	0	0	0	0	1	0	1.0	0.0	1.0	1.0
ZNF835	NA	1614	0	1	0	0	0	0	0	0	1.0	0.0	0.0	1.0
ZNF837	NA	1596	1	0	0	0	0	0	1	0	1.0	0.0	0.0	1.0
ABTB2	NA	3078	1	0	0	0	0	0	1	0	1.0	0.0	0.0	1.0
ALG9	NA	1857	1	0	0	0	0	0	1	0	1.0	0.0	0.0	1.0
AMICA1	NA	1185	0	1	0	0	0	0	0	0	1.0	0.0	0.0	1.0
ANKK1	NA	2298	1	0	0	0	0	0	1	0	1.0	0.0	0.0	1.0
ANO1	NA	2961	1	0	0	0	0	0	1	0	1.0	0.0	0.0	1.0
ARCN1	NA	1536	0	1	0	0	0	0	0	0	1.0	0.0	0.0	1.0
ARHGEF17	NA	6192	1	0	0	0	0	0	1	0	1.0	0.0	0.0	1.0
ART1	NA	984	0	1	0	0	0	0	0	0	1.0	0.0	0.0	1.0
ATG13	NA	1653	1	0	0	0	0	0	1	0	1.0	0.0	0.0	1.0
BSCL2	NA	1389	1	0	0	0	0	0	1	0	1.0	0.0	0.0	1.0
C11orf63	NA	2337	1	0	0	0	0	0	1	0	1.0	0.0	0.0	1.0
C11orf88	NA	591	1	0	0	0	0	0	1	0	1.0	0.0	0.0	1.0
CAPRIN1	NA	2130	1	0	0	0	0	0	1	0	1.0	0.0	0.0	1.0
CARS	NA	2496	1	0	0	0	0	0	1	0	1.0	0.0	0.0	1.0
CATSPER1	NA	2343	1	0	0	0	0	0	1	0	1.0	0.0	0.0	1.0
CDC42BPG	NA	4656	1	0	0	0	0	0	1	0	1.0	0.0	0.0	1.0
CHEK1	NA	1431	1	0	0	0	0	0	1	0	1.0	0.0	0.0	1.0
CST6	NA	450	1	0	0	0	0	0	1	0	1.0	0.0	0.0	1.0
CTR9	NA	3522	1	0	0	0	0	0	1	0	1.0	0.0	0.0	1.0
CTSC	NA	1392	1	0	0	0	0	0	1	0	1.0	0.0	0.0	1.0
CWF19L2	NA	2685	1	0	0	0	0	0	1	0	1.0	0.0	0.0	1.0
DCHS1	NA	9897	1	0	0	0	0	0	1	0	1.0	0.0	0.0	1.0
DDX10	NA	2628	1	0	0	0	0	0	1	0	1.0	0.0	0.0	1.0
DIXDC1	NA	2051	1	0	0	0	0	0	1	0	1.0	0.0	0.0	1.0
DNHD1	NA	14262	1	0	0	0	0	0	1	0	1.0	0.0	0.0	1.0
EED	NA	1326	1	0	0	0	0	0	1	0	1.0	0.0	0.0	1.0
EPS8L2	NA	2148	1	0	0	0	0	0	1	0	1.0	0.0	0.0	1.0
FAM111B	NA	2205	1	0	0	0	0	0	1	0	1.0	0.0	0.0	1.0
FGF3	NA	720	2	0	0	0	0	0	2	0	1.0	0.0	0.0	1.0
FLI1	NA	1359	1	0	0	0	0	0	1	0	1.0	0.0	0.0	1.0
GLB1L2	NA	1911	1	0	0	0	0	0	1	0	1.0	0.0	0.0	1.0
GPR83	NA	1272	1	1	0	0	0	0	1	0	1.0	0.0	0.0	1.0
GRIA4	NA	2709	1	0	0	0	0	0	1	0	1.0	0.0	0.0	1.0
GRIK4	NA	2871	1	0	0	0	0	0	1	0	1.0	0.0	0.0	1.0
HRAS	NA	570	2	0	0	0	0	0	2	0	1.0	0.0	1.0	1.0
HYOU1	NA	3000	1	0	0	0	0	0	1	0	1.0	0.0	0.0	1.0
IGF2	NA	711	1	0	0	0	0	0	1	0	1.0	0.0	0.0	1.0
IGHMBP2	NA	2982	0	1	0	0	0	0	0	0	1.0	0.0	0.0	1.0
IGSF9B	NA	4050	1	1	0	0	0	0	1	0	1.0	0.0	0.0	1.0
IL18	NA	582	1	0	0	0	0	0	1	0	1.0	0.0	0.0	1.0
INTS5	NA	3060	1	0	0	0	0	0	1	0	1.0	0.0	0.0	1.0
KCNC1	NA	1758	1	1	0	0	0	0	1	0	1.0	0.0	0.0	1.0
KIRREL3	NA	2337	0	1	0	0	0	0	0	0	1.0	0.0	0.0	1.0
MARK2	NA	2367	1	0	0	0	0	0	1	0	1.0	0.0	0.0	1.0
METTL15	NA	1224	1	0	0	0	0	0	1	0	1.0	0.0	0.0	1.0
MOB2	NA	807	1	0	0	0	0	0	1	0	1.0	0.0	0.0	1.0
MRGPRF	NA	1032	1	0	0	0	0	0	1	0	1.0	0.0	0.0	1.0
MRGPRX3	NA	969	0	1	0	0	0	0	0	0	1.0	1.0	0.0	1.0
MUC2	NA	8442	0	1	0	0	0	0	0	0	1.0	0.0	0.0	1.0
MUC5B	NA	17289	1	0	0	0	0	0	1	0	1.0	0.0	0.0	1.0
MUS81	NA	1656	1	0	0	0	0	0	1	0	1.0	0.0	0.0	1.0
MYOD1	NA	963	0	1	0	0	0	0	0	0	1.0	0.0	0.0	1.0
NCAPD3	NA	4497	0	1	0	0	0	0	0	0	1.0	0.0	0.0	1.0
NPAT	NA	4284	0	1	0	0	0	0	0	0	1.0	0.0	0.0	1.0
NUP160	NA	4311	0	1	0	0	0	0	0	0	1.0	0.0	0.0	1.0
NXF1	NA	1860	1	0	0	0	0	0	1	0	1.0	0.0	0.0	1.0
OPCML	NA	1038	1	0	0	0	0	0	1	0	1.0	0.0	0.0	1.0
OR10G8	NA	936	1	0	0	0	0	0	1	0	1.0	0.0	0.0	1.0
OR2D2	NA	927	1	0	0	0	0	0	1	0	1.0	0.0	0.0	1.0
OR51V1	NA	966	1	0	0	0	0	0	1	0	1.0	0.0	0.0	1.0
OR52A5	NA	951	1	0	0	0	0	0	1	0	1.0	0.0	0.0	1.0
OR52J3	NA	936	1	0	0	0	0	0	1	0	1.0	0.0	0.0	1.0
OR5M9	NA	933	0	1	0	0	0	0	0	0	1.0	0.0	0.0	1.0
OR6M1	NA	942	1	0	0	0	0	0	1	0	1.0	0.0	0.0	1.0
OR6X1	NA	939	1	0	0	0	0	0	1	0	1.0	0.0	0.0	1.0
OR8B3	NA	942	1	0	0	0	0	0	1	0	1.0	0.0	0.0	1.0
OR8J3	NA	948	1	0	0	0	0	0	1	0	1.0	0.0	0.0	1.0
P2RY2	NA	1134	1	0	0	0	0	0	1	0	1.0	0.0	0.0	1.0
PC	NA	3537	1	0	0	0	0	0	1	0	1.0	0.0	0.0	1.0
PCNXL3	NA	6105	1	0	1	0	0	0	0	0	1.0	0.0	0.0	1.0
PCSK7	NA	2358	1	0	0	0	0	0	1	0	1.0	0.0	0.0	1.0
PHRF1	NA	4947	0	1	0	0	0	0	0	0	1.0	0.0	0.0	1.0
PIK3C2A	NA	5061	1	0	0	0	0	0	1	0	1.0	0.0	0.0	1.0
PLA2G16	NA	489	1	0	0	0	0	0	1	0	1.0	0.0	0.0	1.0
PLEKHB1	NA	732	1	0	0	0	0	0	1	0	1.0	0.0	0.0	1.0
POU2F3	NA	1317	1	0	0	0	0	0	1	0	1.0	0.0	0.0	1.0
PRDM10	NA	3483	0	1	0	0	0	0	0	0	1.0	0.0	0.0	1.0
PRG2	NA	669	1	0	0	0	0	0	1	0	1.0	0.0	0.0	1.0
PTDSS2	NA	1464	1	0	0	0	0	0	1	0	1.0	0.0	0.0	1.0
RIN1	NA	2352	0	1	0	0	0	0	0	0	1.0	0.0	0.0	1.0
RNF121	NA	984	0	1	0	0	0	0	0	0	1.0	0.0	0.0	1.0
RNF169	NA	2127	1	0	0	0	0	0	1	0	1.0	0.0	0.0	1.0
SCT	NA	366	1	0	0	0	0	0	1	0	1.0	0.0	0.0	1.0
SHANK2	NA	5359	1	0	0	0	0	0	1	0	1.0	0.0	0.0	1.0
SIAE	NA	1572	0	1	0	0	0	0	0	0	1.0	0.0	0.0	1.0
SIK3	NA	3966	1	0	0	0	0	0	1	0	1.0	0.0	0.0	1.0
SLC1A2	NA	1725	1	0	0	0	0	0	1	0	1.0	0.0	0.0	1.0
SLC22A6	NA	1692	1	0	0	0	0	0	1	0	1.0	0.0	0.0	1.0
SLC22A9	NA	1662	1	0	0	0	0	0	1	0	1.0	0.0	0.0	1.0
SLC39A13	NA	1116	2	0	0	0	0	0	2	0	1.0	0.0	0.0	1.0
SNX15	NA	1029	1	0	0	0	0	0	1	0	1.0	0.0	0.0	1.0
SOX6	NA	2526	0	1	0	0	0	0	0	0	1.0	0.0	0.0	1.0
SRPR	NA	1917	1	0	0	0	0	0	1	0	1.0	0.0	0.0	1.0
SSRP1	NA	2130	0	1	0	0	0	0	0	0	1.0	0.0	0.0	1.0
STK33	NA	1545	1	0	1	0	0	0	0	0	1.0	0.0	0.0	1.0
SUV420H1	NA	2658	0	1	0	0	0	0	0	0	1.0	0.0	0.0	1.0
SWAP70	NA	1758	1	0	1	0	0	0	0	0	1.0	0.0	0.0	1.0
SYT7	NA	1437	1	0	0	0	0	0	1	0	1.0	0.0	0.0	1.0
TAF6L	NA	1869	2	0	0	0	0	0	2	0	1.0	0.0	0.0	1.0
TECTA	NA	6468	1	0	0	0	0	0	1	0	1.0	0.0	0.0	1.0
TENM4	NA	8310	1	1	0	0	0	0	1	0	1.0	0.0	0.0	1.0
TMEM223	NA	609	1	0	0	0	0	0	1	0	1.0	0.0	0.0	1.0
TMEM225	NA	678	1	0	0	0	0	0	1	0	1.0	0.0	0.0	1.0
TNKS1BP1	NA	5190	1	0	0	0	0	0	1	0	1.0	0.0	0.0	1.0
TRIM3	NA	2235	1	0	0	0	0	0	1	0	1.0	0.0	0.0	1.0
TRIM66	NA	3651	0	1	0	0	0	0	0	0	1.0	0.0	0.0	1.0
TRPM5	NA	3498	2	0	0	0	0	0	2	0	1.0	0.0	0.0	1.0
UEVLD	NA	1416	1	0	1	0	0	0	0	0	1.0	0.0	0.0	1.0
USH1C	NA	2700	1	0	0	0	0	0	1	0	1.0	0.0	0.0	1.0
ZNF143	NA	1917	0	1	0	0	0	0	0	0	1.0	0.0	0.0	1.0
ZNF195	NA	1890	1	0	0	0	0	0	1	0	1.0	0.0	0.0	1.0
ADAM23	NA	2499	1	0	0	0	0	0	1	0	1.0	0.0	0.0	1.0
AGAP1	NA	2574	2	1	0	0	0	0	2	0	1.0	0.0	0.0	1.0
AGBL5	NA	2661	1	0	0	0	0	0	1	0	1.0	0.0	0.0	1.0
AGPS	NA	1977	1	0	0	0	0	0	1	0	1.0	0.0	0.0	1.0
ALMS1	NA	12504	2	0	0	0	0	0	2	0	1.0	0.0	0.0	1.0
ALPP	NA	1608	1	0	0	0	0	0	1	0	1.0	0.0	0.0	1.0
ALPPL2	NA	1599	0	1	0	0	0	0	0	0	1.0	0.0	0.0	1.0
APOB	NA	13692	0	1	0	0	0	0	0	0	1.0	0.0	0.0	1.0
ASTL	NA	1296	0	1	0	0	0	0	0	0	1.0	0.0	0.0	1.0
ATG9A	NA	2520	1	1	0	0	0	0	1	0	1.0	0.0	0.0	1.0
BUB1	NA	3258	1	0	0	0	0	0	1	0	1.0	0.0	0.0	1.0
CAPN13	NA	2010	1	0	0	0	0	0	1	0	1.0	0.0	0.0	1.0
CCDC108	NA	5778	0	1	0	0	0	0	0	0	1.0	0.0	0.0	1.0
CCDC121	NA	1323	1	0	0	0	0	0	1	0	1.0	0.0	0.0	1.0
CCDC148	NA	1776	0	1	0	0	0	0	0	0	1.0	1.0	0.0	1.0
CCDC150	NA	3306	1	0	0	0	0	0	1	0	1.0	0.0	0.0	1.0
CERKL	NA	1677	1	0	0	0	1	0	0	0	1.0	0.0	0.0	1.0
CLASP1	NA	4617	1	0	0	0	0	0	1	0	1.0	0.0	0.0	1.0
CNTNAP5	NA	3921	1	0	0	0	0	0	1	0	1.0	0.0	0.0	1.0
COL3A1	NA	4401	1	0	0	0	0	0	1	0	1.0	0.0	0.0	1.0
COL5A2	NA	4500	2	0	0	0	0	0	2	0	1.0	0.0	0.0	1.0
CRIPT	NA	306	0	1	0	0	0	0	0	0	1.0	0.0	0.0	1.0
CRYGC	NA	525	1	0	0	0	0	0	1	0	1.0	0.0	0.0	1.0
DNAH7	NA	12075	0	1	0	0	0	0	0	0	1.0	0.0	0.0	1.0
DNAJC27	NA	822	2	0	0	0	0	0	2	0	1.0	0.0	0.0	1.0
DYSF	NA	6360	0	2	0	0	0	0	0	0	1.0	0.0	0.0	1.0
EIF5B	NA	3663	1	0	0	0	0	0	1	0	1.0	0.0	0.0	1.0
EMILIN1	NA	3051	1	0	0	0	0	0	1	0	1.0	0.0	0.0	1.0
EML4	NA	2946	1	0	0	0	0	0	1	0	1.0	0.0	0.0	1.0
EPB41L5	NA	2202	1	0	0	0	0	0	1	0	1.0	0.0	0.0	1.0
EVX2	NA	1431	0	1	0	0	0	0	0	0	1.0	0.0	0.0	1.0
FAM98A	NA	1557	1	0	0	0	0	0	1	0	1.0	0.0	0.0	1.0
FMNL2	NA	3279	1	0	0	0	0	0	1	0	1.0	0.0	0.0	1.0
FSIP2	NA	20991	1	0	0	0	0	0	1	0	1.0	0.0	0.0	1.0
GALNT14	NA	1674	1	0	0	0	0	0	1	0	1.0	0.0	0.0	1.0
GAREML	NA	2625	1	0	0	0	0	0	1	0	1.0	0.0	0.0	1.0
GCKR	NA	1878	1	0	0	0	0	0	1	0	1.0	0.0	0.0	1.0
GLI2	NA	4761	1	0	0	0	0	0	1	0	1.0	0.0	0.0	1.0
GPC1	NA	1677	0	1	0	0	0	0	0	0	1.0	0.0	0.0	1.0
GPD2	NA	2184	1	0	0	0	0	0	1	0	1.0	0.0	0.0	1.0
HDAC4	NA	3255	2	0	0	0	0	0	2	0	1.0	0.0	0.0	-0.0
IDH1	NA	1245	1	0	0	0	0	0	1	0	1.0	0.0	0.0	1.0
IGKV2D-24	NA	360	0	1	0	0	0	0	0	0	1.0	0.0	0.0	1.0
IMP4	NA	876	1	0	0	0	0	0	1	0	1.0	0.0	0.0	1.0
ING5	NA	723	1	0	0	0	0	0	1	0	1.0	0.0	0.0	1.0
IQCA1	NA	2493	1	0	0	0	0	0	1	0	1.0	0.0	0.0	1.0
ITM2C	NA	804	1	0	0	0	0	0	1	0	1.0	0.0	0.0	1.0
KCNK3	NA	1185	1	0	0	0	0	0	1	0	1.0	0.0	0.0	1.0
MAP3K19	NA	3987	1	0	0	0	0	0	1	0	1.0	0.0	0.0	1.0
MARCH7	NA	2115	1	0	0	0	0	0	1	0	1.0	0.0	0.0	1.0
MERTK	NA	3000	2	0	0	0	0	0	2	0	1.0	0.0	0.0	1.0
MYT1L	NA	3555	1	1	0	0	0	0	1	0	1.0	0.0	0.0	1.0
NBAS	NA	7116	1	0	0	0	0	0	1	0	1.0	0.0	0.0	1.0
NEB	NA	25683	1	0	0	0	0	0	1	0	1.0	0.0	0.0	1.0
NRXN1	NA	4644	1	0	0	0	0	0	1	0	1.0	0.0	0.0	1.0
NT5C1B	NA	1884	1	1	0	0	0	0	1	0	1.0	0.0	0.0	1.0
OTOF	NA	5994	1	0	0	0	0	0	1	0	1.0	0.0	0.0	1.0
PGAP1	NA	2769	0	1	0	0	0	0	0	0	1.0	0.0	0.0	1.0
POLR1A	NA	5163	1	0	0	0	0	0	1	0	1.0	0.0	0.0	1.0
POTEE	NA	3228	0	1	0	0	0	0	0	0	1.0	0.0	0.0	1.0
PRKRA	NA	942	1	0	0	0	0	0	1	0	1.0	0.0	0.0	1.0
PSME4	NA	5532	0	1	0	0	0	0	0	0	1.0	0.0	0.0	1.0
PTH2R	NA	1653	1	0	0	0	0	0	1	0	1.0	0.0	0.0	1.0
PTPRN	NA	2940	1	0	0	0	0	0	1	0	1.0	0.0	0.0	1.0
REG1A	NA	501	1	0	0	0	0	0	1	0	1.0	0.0	0.0	1.0
REV1	NA	3756	0	1	0	0	0	0	0	0	1.0	0.0	0.0	1.0
RGPD3	NA	5277	0	1	0	0	0	0	0	0	1.0	0.0	0.0	1.0
RGPD4	NA	5277	1	0	0	0	0	0	1	0	1.0	0.0	0.0	1.0
ROCK2	NA	4167	1	0	0	0	0	0	1	0	1.0	0.0	0.0	1.0
SCN2A	NA	6018	0	1	0	0	0	0	0	0	1.0	0.0	0.0	1.0
SCN3A	NA	6003	0	1	0	0	0	0	0	0	1.0	0.0	0.0	1.0
SCTR	NA	1323	1	0	0	0	0	0	1	0	1.0	0.0	0.0	1.0
SF3B1	NA	3915	0	1	0	0	0	0	0	0	1.0	0.0	0.0	1.0
SH3YL1	NA	1029	1	0	0	0	0	0	1	0	1.0	0.0	0.0	1.0
SLC3A1	NA	2058	0	1	0	0	0	0	0	0	1.0	0.0	0.0	1.0
SLC4A5	NA	3414	0	2	0	0	0	0	0	0	1.0	0.0	0.0	1.0
SLC9A2	NA	2439	0	1	0	0	0	0	0	0	1.0	0.0	0.0	1.0
SNRNP200	NA	6411	1	0	0	0	0	0	1	0	1.0	0.0	0.0	1.0
SNTG2	NA	1620	1	0	0	0	0	0	1	0	1.0	0.0	0.0	1.0
SP3	NA	2346	0	1	0	0	0	0	0	0	1.0	0.0	0.0	1.0
SPEG	NA	9804	1	0	0	0	0	0	1	0	1.0	1.0	0.0	1.0
TCF7L1	NA	1767	0	1	0	0	0	0	0	0	1.0	0.0	0.0	1.0
TGOLN2	NA	1443	0	2	0	0	0	0	0	0	1.0	0.0	1.0	1.0
THNSL2	NA	1455	1	0	0	0	0	0	1	0	1.0	0.0	0.0	1.0
THSD7B	NA	4733	1	0	0	0	0	0	1	0	1.0	0.0	0.0	1.0
TMEM87B	NA	1668	0	1	0	0	0	0	0	0	1.0	0.0	0.0	1.0
TPO	NA	2802	1	0	0	0	0	0	1	0	1.0	0.0	0.0	1.0
TTN	NA	107976	2	0	0	0	0	0	2	0	1.0	0.0	0.0	1.0
WDR33	NA	4011	1	0	0	0	0	0	1	0	1.0	0.0	0.0	1.0
XPO1	NA	3216	0	1	0	0	0	0	0	0	1.0	0.0	0.0	1.0
ZNF638	NA	5937	1	0	0	0	0	0	1	0	1.0	0.0	0.0	1.0
AFMID	NA	927	1	1	0	0	0	0	1	0	1.0	0.0	0.0	1.0
ALOX12	NA	1992	1	0	1	0	0	0	0	0	1.0	0.0	0.0	1.0
AOC3	NA	2292	1	0	0	0	0	0	1	0	1.0	0.0	0.0	1.0
C17orf62	NA	564	0	1	0	0	0	0	0	0	1.0	0.0	0.0	1.0
C17orf85	NA	1863	1	0	0	0	0	0	1	0	1.0	0.0	0.0	1.0
CCDC144A	NA	4284	1	0	0	0	0	0	1	0	1.0	0.0	0.0	1.0
CCDC40	NA	3429	0	1	0	0	0	0	0	0	1.0	0.0	0.0	1.0
CCDC43	NA	675	1	0	0	0	0	0	1	0	1.0	0.0	0.0	1.0
CDC27	NA	2493	1	0	0	0	0	0	1	0	1.0	0.0	0.0	1.0
CHD3	NA	6180	2	0	1	0	0	0	1	0	1.0	0.0	0.0	1.0
CLTC	NA	5028	1	0	0	0	0	0	1	0	1.0	0.0	0.0	1.0
CPD	NA	4143	1	0	1	0	0	0	0	0	1.0	0.0	0.0	1.0
CRHR1	NA	1335	1	0	0	0	0	0	1	0	1.0	0.0	0.0	1.0
CRYBA1	NA	648	1	0	0	0	0	0	1	0	1.0	0.0	0.0	1.0
DDX5	NA	1845	1	0	0	0	0	0	1	0	1.0	0.0	0.0	1.0
DHX58	NA	2037	1	0	0	0	0	0	1	0	1.0	0.0	0.0	1.0
DNAH17	NA	13389	3	0	0	0	0	0	3	0	1.0	0.0	0.0	1.0
DNAH2	NA	13284	1	1	0	0	0	0	1	0	1.0	0.0	0.0	1.0
DNAH9	NA	13461	1	0	0	0	0	0	1	0	1.0	0.0	0.0	1.0
DNAJC7	NA	1485	2	0	1	0	0	0	1	0	1.0	0.0	0.0	1.0
EFCAB5	NA	4512	1	0	0	0	0	0	1	0	1.0	0.0	0.0	1.0
EPN3	NA	1899	2	0	0	0	0	1	1	0	1.0	0.0	0.0	1.0
ERBB2	NA	3768	1	0	0	0	0	0	1	0	1.0	0.0	0.0	1.0
FAM187A	NA	1242	0	1	0	0	0	0	0	0	1.0	0.0	0.0	1.0
FBF1	NA	3402	0	2	0	0	0	0	0	0	1.0	0.0	0.0	1.0
FDXR	NA	1605	1	0	0	0	0	0	1	0	1.0	0.0	0.0	1.0
FLII	NA	3810	1	0	1	0	0	0	0	0	1.0	0.0	0.0	1.0
FOXN1	NA	1947	1	0	0	0	0	0	1	0	1.0	0.0	0.0	1.0
GABARAP	NA	354	1	0	0	0	0	0	1	0	1.0	0.0	0.0	1.0
GAS2L2	NA	2643	1	0	0	0	0	0	1	0	1.0	0.0	0.0	1.0
GDPD1	NA	945	1	0	0	0	0	0	1	0	1.0	0.0	0.0	1.0
GPS1	NA	1584	1	0	0	0	0	0	1	0	1.0	0.0	0.0	1.0
HLF	NA	888	1	0	0	0	0	0	1	0	1.0	0.0	0.0	1.0
HOXB5	NA	810	1	0	0	0	0	0	1	0	1.0	0.0	0.0	1.0
IGF2BP1	NA	1734	1	0	0	0	0	0	1	0	1.0	0.0	0.0	1.0
ITGB3	NA	2367	1	0	0	0	0	0	1	0	1.0	0.0	0.0	1.0
KIAA0100	NA	6708	0	1	0	0	0	0	0	0	1.0	0.0	0.0	1.0
KIF19	NA	2997	0	1	0	0	0	0	0	0	1.0	0.0	0.0	1.0
KPNB1	NA	2631	1	0	0	0	0	0	1	0	1.0	0.0	0.0	1.0
KRT17	NA	1299	1	0	0	0	0	0	1	0	1.0	0.0	0.0	1.0
KRT23	NA	1269	0	1	0	0	0	0	0	0	1.0	0.0	0.0	1.0
KRT26	NA	1407	1	0	0	0	0	0	1	0	1.0	0.0	0.0	1.0
LGALS3BP	NA	1758	1	0	0	0	0	0	1	0	1.0	0.0	0.0	1.0
LGALS9C	NA	1071	1	0	0	0	0	0	1	0	1.0	0.0	0.0	1.0
LPO	NA	2139	0	1	0	0	0	0	0	0	1.0	0.0	0.0	1.0
LRRC48	NA	1572	1	0	0	0	0	1	0	0	1.0	0.0	0.0	1.0
LUC7L3	NA	1299	1	0	1	0	0	0	0	0	1.0	0.0	0.0	1.0
MARCH10	NA	2427	1	0	0	0	0	0	1	0	1.0	0.0	0.0	1.0
MBTD1	NA	1887	1	0	0	0	0	0	1	0	1.0	0.0	0.0	1.0
MED13	NA	6525	1	0	0	0	0	0	1	0	1.0	0.0	0.0	1.0
MEOX1	NA	765	1	0	0	0	0	0	1	0	1.0	0.0	0.0	1.0
MFAP4	NA	840	1	0	0	0	0	0	1	0	1.0	0.0	0.0	1.0
MRC2	NA	4440	0	1	0	0	0	0	0	0	1.0	0.0	0.0	1.0
MRPS7	NA	729	1	0	0	0	0	0	1	0	1.0	0.0	0.0	1.0
MYH1	NA	5820	0	1	0	0	0	0	0	0	1.0	0.0	0.0	1.0
MYH13	NA	5817	1	1	0	0	0	0	1	0	1.0	0.0	0.0	1.0
MYH2	NA	5826	1	0	0	0	0	0	1	0	1.0	0.0	0.0	1.0
MYO15A	NA	10593	2	0	0	0	0	0	2	0	1.0	0.0	0.0	1.0
NF1	NA	8520	2	0	1	0	0	0	1	0	1.0	0.0	0.0	1.0
NKIRAS2	NA	576	1	0	0	0	0	0	1	0	1.0	0.0	0.0	1.0
NLK	NA	1584	0	1	0	0	0	0	0	0	1.0	1.0	0.0	1.0
OR1E1	NA	945	1	0	0	0	0	0	1	0	1.0	0.0	0.0	1.0
OR3A1	NA	948	1	0	0	0	0	0	1	0	1.0	0.0	0.0	1.0
OR4D2	NA	924	1	0	0	0	0	0	1	0	1.0	0.0	0.0	1.0
OSBPL7	NA	2529	1	0	0	0	0	0	1	0	1.0	0.0	0.0	1.0
PER1	NA	3873	1	0	1	0	0	0	0	0	1.0	0.0	0.0	1.0
PIK3R5	NA	2643	1	0	0	0	0	0	1	0	1.0	0.0	0.0	1.0
RAD51C	NA	1131	1	0	0	0	0	0	1	0	1.0	0.0	0.0	1.0
RAI1	NA	5721	1	0	1	0	0	0	0	0	1.0	0.0	0.0	1.0
RBFOX3	NA	939	1	0	0	0	0	0	1	0	1.0	0.0	0.0	1.0
RNF213	NA	15624	0	1	0	0	0	0	0	0	1.0	0.0	0.0	1.0
SCO1	NA	906	1	0	0	0	0	0	1	0	1.0	0.0	0.0	1.0
SDK2	NA	6519	1	1	0	0	1	0	0	0	1.0	0.0	0.0	1.0
SGSH	NA	1509	1	0	0	0	0	0	1	0	1.0	0.0	0.0	1.0
SLC16A3	NA	1398	1	0	0	0	0	0	1	0	1.0	0.0	0.0	1.0
SLC16A5	NA	1518	1	0	0	0	0	0	1	0	1.0	0.0	0.0	1.0
SLC25A11	NA	945	1	0	0	0	0	0	1	0	1.0	0.0	0.0	1.0
SLC47A1	NA	1713	0	1	0	0	0	0	0	0	1.0	1.0	0.0	1.0
SLC47A2	NA	1809	1	0	0	0	0	0	1	0	1.0	0.0	0.0	1.0
SNX11	NA	813	0	1	0	0	0	0	0	0	1.0	0.0	0.0	1.0
SPECC1	NA	3207	1	0	0	0	0	0	1	0	1.0	0.0	0.0	1.0
SREBF1	NA	3534	1	0	0	0	0	0	1	0	1.0	0.0	0.0	1.0
STAT5B	NA	2364	1	0	0	0	0	0	1	0	1.0	0.0	0.0	1.0
STX8	NA	711	0	1	0	0	0	0	0	0	1.0	0.0	0.0	1.0
SUPT6H	NA	5181	1	0	0	0	0	0	1	0	1.0	0.0	0.0	1.0
TMEM132E	NA	2955	1	0	0	0	0	0	1	0	1.0	0.0	0.0	1.0
TP53	NA	1182	2	0	0	0	0	0	2	0	1.0	0.0	0.0	1.0
TRIM16L	NA	1047	1	0	0	0	0	0	1	0	1.0	0.0	0.0	1.0
TRIM47	NA	1917	1	0	0	0	0	0	1	0	1.0	0.0	0.0	1.0
TRIM65	NA	1554	1	0	0	0	0	0	1	0	1.0	0.0	0.0	1.0
TTLL6	NA	2676	1	0	0	0	0	0	1	0	1.0	0.0	0.0	1.0
TUBG2	NA	1356	1	0	0	0	0	0	1	0	1.0	0.0	0.0	1.0
WDR81	NA	5826	2	0	0	0	0	0	2	0	1.0	0.0	0.0	1.0
WRAP53	NA	1647	1	0	1	0	0	0	0	0	1.0	0.0	0.0	1.0
WSCD1	NA	1728	0	1	0	0	0	0	0	0	1.0	0.0	0.0	1.0
ZBTB4	NA	3042	1	0	0	0	0	0	1	0	1.0	0.0	0.0	1.0
ZNF286A	NA	1566	0	1	0	0	0	0	0	0	1.0	0.0	0.0	1.0
AADACL2	NA	1206	0	1	0	0	0	0	0	0	1.0	0.0	0.0	1.0
ADAMTS9	NA	5808	1	1	1	0	0	0	0	0	1.0	0.0	0.0	1.0
ADCY5	NA	3786	1	0	0	0	0	0	1	0	1.0	0.0	0.0	1.0
APPL1	NA	2130	0	1	0	0	0	0	0	0	1.0	0.0	0.0	1.0
ARHGAP31	NA	4335	1	0	0	0	0	0	1	0	1.0	0.0	0.0	1.0
ARHGEF26	NA	2616	1	0	0	0	0	0	1	0	1.0	0.0	0.0	1.0
ATG7	NA	2112	1	1	0	0	0	0	1	0	1.0	0.0	0.0	1.0
ATP6V1A	NA	1854	0	1	0	0	0	0	0	0	1.0	0.0	0.0	1.0
ATR	NA	7935	0	1	0	0	0	0	0	0	1.0	0.0	0.0	1.0
BAP1	NA	2190	1	0	0	0	0	0	1	0	1.0	0.0	0.0	1.0
BFSP2	NA	1248	1	0	0	0	0	0	1	0	1.0	0.0	0.0	1.0
BOC	NA	3345	1	0	0	0	0	0	1	0	1.0	0.0	0.0	1.0
HMCES	NA	1065	1	0	0	0	0	0	1	0	1.0	0.0	0.0	1.0
CAMK2N2	NA	240	1	0	0	0	0	0	1	0	1.0	0.0	0.0	1.0
CAMKV	NA	1506	1	0	0	0	0	0	1	0	1.0	0.0	0.0	1.0
CCDC174	NA	1404	0	1	0	0	0	0	0	0	1.0	0.0	0.0	1.0
CD200R1	NA	1047	1	0	0	0	0	0	1	0	1.0	0.0	0.0	1.0
CLSTN2	NA	2868	1	0	0	0	0	0	1	0	1.0	0.0	0.0	1.0
COL6A5	NA	7581	2	0	0	0	0	0	2	0	1.0	0.0	0.0	1.0
DNAH1	NA	12798	0	1	0	0	0	0	0	0	1.0	1.0	0.0	1.0
DNAJC13	NA	6732	0	1	0	0	0	0	0	0	1.0	0.0	0.0	1.0
DPPA2	NA	897	0	1	0	0	0	0	0	0	1.0	0.0	0.0	1.0
DZIP3	NA	3627	1	0	0	0	1	0	0	0	1.0	0.0	0.0	1.0
ECE2	NA	2652	1	0	0	0	0	0	1	0	1.0	0.0	0.0	1.0
EFHB	NA	2502	1	0	0	0	0	0	1	0	1.0	0.0	0.0	1.0
EPHB3	NA	2997	1	0	0	0	0	0	1	0	1.0	0.0	0.0	1.0
ESYT3	NA	2661	1	0	1	0	0	0	0	0	1.0	0.0	0.0	1.0
FLNB	NA	7902	0	1	0	0	0	0	0	0	1.0	0.0	0.0	1.0
GFM1	NA	2256	1	0	1	0	0	0	0	0	1.0	0.0	0.0	1.0
GOLGB1	NA	9810	1	0	0	0	0	0	1	0	1.0	0.0	0.0	1.0
GPR128	NA	2394	1	0	0	0	0	0	1	0	1.0	0.0	0.0	1.0
GRAMD1C	NA	1989	1	0	0	0	0	0	1	0	1.0	0.0	0.0	1.0
H1FOO	NA	1041	1	0	0	0	0	0	1	0	1.0	0.0	0.0	1.0
HES1	NA	843	1	0	0	0	0	0	1	0	1.0	0.0	0.0	1.0
IQCB1	NA	1797	0	1	0	0	0	0	0	0	1.0	0.0	0.0	1.0
ITIH1	NA	2736	1	0	0	0	0	0	1	0	1.0	0.0	0.0	1.0
KCNAB1	NA	1260	1	0	0	0	0	0	1	0	1.0	0.0	0.0	1.0
KLF15	NA	1251	1	0	0	0	0	0	1	0	1.0	0.0	0.0	1.0
KLHL24	NA	1803	1	0	0	0	0	0	1	0	1.0	0.0	0.0	1.0
KLHL6	NA	1866	1	0	0	0	0	0	1	0	1.0	0.0	0.0	1.0
LRRC34	NA	1395	1	0	0	0	0	0	1	0	1.0	0.0	0.0	1.0
LRRFIP2	NA	2166	0	1	0	0	0	0	0	0	1.0	0.0	0.0	1.0
LRRN1	NA	2151	1	0	1	0	0	0	0	0	1.0	0.0	0.0	1.0
MAP3K13	NA	2901	1	0	0	0	0	0	1	0	1.0	0.0	0.0	1.0
MLH1	NA	2271	1	0	1	0	0	0	0	0	1.0	0.0	0.0	1.0
MME	NA	2253	0	1	0	0	0	0	0	0	1.0	0.0	0.0	1.0
MRPL3	NA	1047	0	1	0	0	0	0	0	0	1.0	0.0	0.0	1.0
MST1R	NA	4203	1	0	0	0	0	0	1	0	1.0	0.0	0.0	1.0
MTMR14	NA	1953	0	1	0	0	0	0	0	0	1.0	0.0	0.0	1.0
NISCH	NA	4515	1	0	0	0	1	0	0	0	1.0	0.0	0.0	1.0
NME9	NA	792	1	0	0	0	0	0	1	0	1.0	0.0	0.0	1.0
NR1D2	NA	1740	0	1	0	0	0	0	0	0	1.0	0.0	0.0	1.0
NR1I2	NA	1422	0	1	0	0	0	0	0	0	1.0	0.0	0.0	1.0
NR2C2	NA	1848	1	0	0	1	0	0	0	0	1.0	0.0	0.0	1.0
NUP210	NA	5664	0	1	0	0	0	0	0	0	1.0	0.0	0.0	1.0
PARP15	NA	2037	1	0	0	0	0	0	1	0	1.0	1.0	0.0	1.0
PHLDB2	NA	3762	0	1	0	0	0	0	0	0	1.0	0.0	0.0	1.0
PLCH1	NA	5082	1	0	0	0	0	0	1	0	1.0	0.0	0.0	1.0
PLXNA1	NA	5691	1	1	0	0	0	0	1	0	1.0	1.0	0.0	1.0
PLXNB1	NA	6408	1	0	1	0	0	0	0	0	1.0	0.0	0.0	1.0
POLQ	NA	7773	2	0	0	0	0	0	2	0	1.0	0.0	0.0	1.0
RAD18	NA	1488	1	0	0	0	0	0	1	0	1.0	0.0	0.0	1.0
RASSF1	NA	1035	1	0	0	0	0	0	1	0	1.0	0.0	0.0	1.0
RBM5	NA	2448	0	1	0	0	0	0	0	0	1.0	0.0	0.0	1.0
RPN1	NA	1824	1	0	0	0	0	0	1	0	1.0	0.0	0.0	1.0
SATB1	NA	2388	0	1	0	0	0	0	0	0	1.0	0.0	0.0	1.0
SCN11A	NA	5376	1	0	0	0	0	0	1	0	1.0	0.0	0.0	1.0
SCN5A	NA	6051	1	0	0	0	0	0	1	0	1.0	0.0	0.0	1.0
SEMA5B	NA	3618	1	1	0	0	0	0	1	0	1.0	0.0	0.0	1.0
SETD2	NA	7695	1	0	0	0	0	0	1	0	1.0	0.0	0.0	1.0
SETMAR	NA	2055	1	0	0	0	0	0	1	0	1.0	0.0	0.0	1.0
SLC22A13	NA	1656	1	0	0	0	0	0	1	0	1.0	0.0	0.0	1.0
SLC9C1	NA	3534	0	1	0	0	0	0	0	0	1.0	0.0	0.0	1.0
SLITRK3	NA	2934	0	1	0	0	0	0	0	0	1.0	0.0	0.0	1.0
SPATA16	NA	1710	0	1	0	0	0	0	0	0	1.0	0.0	0.0	1.0
SPICE1	NA	2568	0	1	0	0	0	0	0	0	1.0	0.0	0.0	1.0
STAG1	NA	3777	0	1	0	0	0	0	0	0	1.0	0.0	0.0	1.0
STT3B	NA	2481	1	0	0	0	0	0	1	0	1.0	0.0	0.0	1.0
TGFBR2	NA	1779	0	1	0	0	0	0	0	0	1.0	0.0	0.0	1.0
TGM4	NA	2055	1	0	0	0	0	0	1	0	1.0	0.0	0.0	1.0
TLR9	NA	3099	1	0	0	0	0	0	1	0	1.0	0.0	0.0	1.0
TMEM43	NA	1203	1	0	0	0	0	0	1	0	1.0	0.0	0.0	1.0
TRANK1	NA	8778	1	0	0	0	0	0	1	0	1.0	0.0	0.0	1.0
TRH	NA	729	1	0	0	0	0	0	1	0	1.0	0.0	0.0	1.0
U2SURP	NA	3090	1	0	0	0	0	0	1	0	1.0	0.0	0.0	1.0
UBA5	NA	1215	1	0	0	0	0	0	1	0	1.0	0.0	0.0	1.0
USP13	NA	2592	1	0	0	0	0	0	1	0	1.0	0.0	0.0	1.0
VHL	NA	642	2	0	0	0	0	0	2	0	1.0	0.0	0.0	1.0
WDR48	NA	2034	1	0	0	0	0	0	1	0	1.0	0.0	0.0	1.0
ZBBX	NA	2520	1	0	0	0	0	0	1	0	1.0	0.0	0.0	1.0
ACOT13	NA	423	1	0	0	0	0	0	1	0	1.0	0.0	0.0	1.0
ADGB	NA	5004	0	1	0	0	0	0	0	0	1.0	0.0	0.0	1.0
AIM1	NA	5172	1	0	0	0	0	0	1	0	1.0	0.0	0.0	1.0
ALDH5A1	NA	1647	1	0	0	0	0	0	1	0	1.0	0.0	0.0	1.0
ANKS1A	NA	3405	1	0	0	0	0	0	1	0	1.0	0.0	0.0	1.0
ARMC2	NA	2604	1	0	0	0	0	0	1	0	1.0	0.0	0.0	1.0
BAG6	NA	3399	1	0	0	0	0	0	1	0	1.0	0.0	0.0	1.0
BAI3	NA	4569	0	1	0	0	0	0	0	0	1.0	0.0	0.0	1.0
BMP5	NA	1365	1	0	1	0	0	0	0	0	1.0	0.0	0.0	1.0
BRD2	NA	2511	1	0	0	0	0	0	1	0	1.0	0.0	0.0	1.0
BTN3A1	NA	1542	1	0	0	0	0	0	1	0	1.0	0.0	0.0	1.0
CCDC167	NA	294	1	0	0	0	0	0	1	0	1.0	0.0	0.0	1.0
CD109	NA	4338	1	0	0	0	0	0	1	0	1.0	0.0	0.0	1.0
CNKSR3	NA	1668	1	0	0	0	0	0	1	0	1.0	0.0	0.0	1.0
COL9A1	NA	2766	0	1	0	0	0	0	0	0	1.0	0.0	0.0	1.0
COQ3	NA	1110	0	1	0	0	0	0	0	0	1.0	0.0	0.0	1.0
CPNE5	NA	1782	0	1	0	0	0	0	0	0	1.0	0.0	0.0	1.0
CUTA	NA	597	0	1	0	0	0	0	0	0	1.0	0.0	0.0	1.0
DAAM2	NA	3207	1	0	0	0	0	0	1	0	1.0	0.0	0.0	1.0
DNAH8	NA	14124	1	0	0	0	0	0	1	0	1.0	0.0	0.0	1.0
DPCR1	NA	4182	0	1	0	0	0	0	0	0	1.0	0.0	0.0	1.0
ECT2L	NA	2715	1	0	0	0	0	0	1	0	1.0	0.0	0.0	1.0
EEF1A1	NA	1389	1	0	0	0	0	0	1	0	1.0	1.0	0.0	1.0
EXOC2	NA	2775	1	0	0	0	0	0	1	0	1.0	0.0	0.0	1.0
FAM217A	NA	1527	1	0	0	0	0	0	1	0	1.0	0.0	0.0	1.0
FILIP1	NA	3642	2	0	0	0	0	0	2	0	1.0	0.0	0.0	1.0
FRS3	NA	1479	1	0	0	0	0	0	1	0	1.0	0.0	0.0	1.0
FYN	NA	1614	0	1	0	0	0	0	0	0	1.0	0.0	0.0	1.0
GABRR1	NA	1440	0	1	0	0	0	0	0	0	1.0	0.0	0.0	1.0
GLP1R	NA	1392	0	1	0	0	0	0	0	0	1.0	0.0	0.0	1.0
GPANK1	NA	1071	1	0	0	0	0	0	1	0	1.0	0.0	0.0	1.0
GPR115	NA	2088	1	0	0	0	0	0	1	0	1.0	0.0	0.0	1.0
GPR116	NA	4041	1	0	0	0	0	0	1	0	1.0	0.0	0.0	1.0
GSTA2	NA	669	1	0	0	0	0	0	1	0	1.0	0.0	0.0	1.0
HCRTR2	NA	1335	1	0	0	0	0	0	1	0	1.0	0.0	0.0	1.0
HEBP2	NA	618	1	0	0	0	0	0	1	0	1.0	0.0	0.0	1.0
HIST1H2AC	NA	393	0	1	0	0	0	0	0	0	1.0	0.0	0.0	1.0
HIST1H2AD	NA	393	1	0	0	0	0	0	1	0	1.0	0.0	0.0	1.0
HIST1H2BJ	NA	381	1	0	0	0	0	0	1	0	1.0	0.0	0.0	1.0
HIST1H4K	NA	312	1	0	0	0	0	0	1	0	1.0	0.0	0.0	1.0
HIVEP1	NA	8157	1	0	0	0	0	0	1	0	1.0	0.0	0.0	1.0
HIVEP2	NA	7341	1	0	1	0	0	0	0	0	1.0	0.0	0.0	1.0
ICK	NA	1899	1	0	0	0	0	0	1	0	1.0	0.0	0.0	1.0
ID4	NA	486	1	0	0	0	0	0	1	0	1.0	0.0	0.0	1.0
KLC4	NA	1914	1	0	1	0	0	0	0	0	1.0	0.0	0.0	1.0
L3MBTL3	NA	2343	1	0	0	0	0	0	1	0	1.0	0.0	0.0	1.0
LAMA2	NA	9369	1	0	1	0	0	0	0	0	1.0	0.0	0.0	1.0
LRFN2	NA	2370	1	0	0	0	0	0	1	0	1.0	0.0	0.0	1.0
LRRC1	NA	1575	1	0	0	0	0	0	1	0	1.0	0.0	0.0	1.0
MAP3K5	NA	4125	0	1	0	0	0	0	0	0	1.0	0.0	0.0	1.0
MDGA1	NA	2868	1	0	0	0	0	0	1	0	1.0	0.0	0.0	1.0
MDN1	NA	16791	1	1	1	0	0	0	0	0	1.0	0.0	0.0	1.0
MTCH1	NA	1170	0	1	0	0	0	0	0	0	1.0	0.0	0.0	1.0
NUP43	NA	1143	1	0	0	0	0	0	1	0	1.0	0.0	0.0	1.0
OR11A1	NA	948	1	0	0	0	0	0	1	0	1.0	0.0	0.0	1.0
PAQR8	NA	1065	1	0	0	0	0	0	1	0	1.0	0.0	0.0	1.0
PDE7B	NA	1353	1	0	0	0	0	0	1	0	1.0	0.0	0.0	1.0
PGC	NA	1167	1	1	0	0	0	0	1	0	1.0	0.0	0.0	1.0
PHF10	NA	1497	1	0	0	0	0	0	1	0	1.0	0.0	0.0	1.0
PHF3	NA	6120	1	0	0	0	0	0	1	0	1.0	0.0	0.0	1.0
PHIP	NA	5466	1	0	0	0	0	0	1	0	1.0	0.0	0.0	1.0
PI16	NA	1392	1	0	0	0	0	0	1	0	1.0	0.0	0.0	1.0
PLEKHG1	NA	4158	1	0	0	0	0	0	1	0	1.0	0.0	0.0	1.0
POLH	NA	2142	0	1	0	0	0	0	0	0	1.0	0.0	0.0	1.0
PPP1R10	NA	2823	2	0	0	0	0	0	2	0	1.0	0.0	0.0	1.0
PRICKLE4	NA	1155	1	0	0	0	1	0	0	0	1.0	0.0	0.0	1.0
RAB32	NA	678	1	0	0	0	0	0	1	0	1.0	0.0	0.0	1.0
RNF146	NA	1080	1	0	0	0	0	0	1	0	1.0	0.0	0.0	1.0
RREB1	NA	5229	0	1	0	0	0	0	0	0	1.0	0.0	0.0	1.0
SCAF8	NA	3816	1	0	0	0	0	0	1	0	1.0	0.0	0.0	1.0
SENP6	NA	3339	0	1	0	0	0	0	0	0	1.0	0.0	0.0	1.0
SERPINB1	NA	1140	0	1	0	0	0	0	0	0	1.0	0.0	0.0	1.0
SIM1	NA	2301	1	0	0	0	0	0	1	0	1.0	0.0	0.0	1.0
SLC29A1	NA	1371	1	0	0	0	0	0	1	0	1.0	0.0	0.0	1.0
SOX4	NA	1425	0	1	0	0	0	0	0	0	1.0	0.0	0.0	1.0
SYNE1	NA	26394	2	0	0	0	0	0	2	0	1.0	0.0	0.0	1.0
TAP1	NA	2427	1	0	0	0	0	0	1	0	1.0	0.0	0.0	1.0
TAPBP	NA	1515	1	0	0	0	0	0	1	0	1.0	0.0	0.0	1.0
TDRD6	NA	6291	1	0	1	0	0	0	0	0	1.0	1.0	0.0	-0.0
TNXB	NA	12729	1	1	0	0	0	0	1	0	1.0	0.0	0.0	1.0
TRERF1	NA	3603	0	1	0	0	0	0	0	0	1.0	0.0	0.0	1.0
TUBE1	NA	1428	1	0	0	0	0	0	1	0	1.0	0.0	0.0	1.0
UHRF1BP1	NA	4323	1	0	1	0	0	0	0	0	1.0	0.0	0.0	1.0
UTRN	NA	10302	1	0	0	0	0	0	1	0	1.0	0.0	0.0	1.0
VARS	NA	3795	1	0	0	0	0	0	1	0	1.0	0.0	0.0	1.0
ZBTB9	NA	1422	1	0	0	0	0	0	1	0	1.0	0.0	0.0	1.0
ZNF318	NA	6840	1	0	0	0	0	0	1	0	1.0	0.0	0.0	1.0
ZNF76	NA	1713	1	0	0	0	0	0	1	0	1.0	0.0	0.0	1.0
ZSCAN12	NA	1836	0	1	0	0	0	0	0	0	1.0	0.0	0.0	1.0
ZSCAN16	NA	1047	1	1	0	0	0	0	1	0	1.0	0.0	0.0	1.0
A2ML1	NA	4365	1	0	0	0	0	0	1	0	1.0	0.0	0.0	1.0
ACSS3	NA	2061	1	0	0	0	0	0	1	0	1.0	0.0	0.0	1.0
AMHR2	NA	1722	0	1	0	0	0	0	0	0	1.0	0.0	0.0	1.0
ANAPC5	NA	2268	0	1	0	0	0	0	0	0	1.0	0.0	0.0	1.0
ANKS1B	NA	3747	1	0	0	0	1	0	0	0	1.0	0.0	0.0	1.0
ARID2	NA	5508	1	0	0	0	0	0	1	0	1.0	0.0	0.0	1.0
B3GNT4	NA	1137	0	1	0	0	0	0	0	0	1.0	0.0	0.0	1.0
BBS10	NA	2172	1	0	0	0	0	0	1	0	1.0	0.0	0.0	1.0
BHLHE41	NA	1449	0	1	0	0	0	0	0	0	1.0	0.0	0.0	1.0
C12orf74	NA	573	1	0	0	0	0	0	1	0	1.0	0.0	0.0	1.0
CAPS2	NA	1674	1	0	0	0	0	0	1	0	1.0	0.0	0.0	1.0
CCDC63	NA	1692	1	0	0	0	0	0	1	0	1.0	0.0	0.0	1.0
CIT	NA	6210	0	1	0	0	0	0	0	0	1.0	0.0	0.0	1.0
CLEC9A	NA	726	1	0	0	0	0	0	1	0	1.0	0.0	0.0	1.0
CLIP1	NA	4317	1	0	0	0	0	0	1	0	1.0	0.0	0.0	1.0
COL2A1	NA	4464	1	0	0	0	0	0	1	0	1.0	0.0	0.0	1.0
DBX2	NA	1020	1	0	0	0	0	0	1	0	1.0	0.0	0.0	1.0
DCN	NA	1080	1	0	0	0	0	0	1	0	1.0	0.0	0.0	1.0
DDX51	NA	2001	1	0	0	0	0	0	1	0	1.0	0.0	0.0	1.0
DERA	NA	957	1	0	0	0	0	0	1	0	1.0	0.0	0.0	1.0
DHX37	NA	3474	1	0	0	0	0	0	1	0	1.0	0.0	0.0	1.0
DNAH10	NA	13416	1	1	0	0	0	0	1	0	1.0	0.0	0.0	1.0
DRAM1	NA	717	1	0	0	0	0	0	1	0	1.0	0.0	0.0	1.0
DYRK4	NA	1563	1	0	1	0	0	0	0	0	1.0	0.0	0.0	1.0
EP400	NA	9372	1	0	0	0	0	0	1	0	1.0	0.0	0.0	1.0
ERC1	NA	3351	1	0	0	0	0	0	1	0	1.0	0.0	0.0	1.0
FBXL14	NA	1257	1	0	0	0	0	0	1	0	1.0	0.0	0.0	1.0
FGD4	NA	2301	1	0	0	0	0	0	1	0	1.0	0.0	0.0	1.0
GALNT8	NA	1914	0	1	0	0	0	0	0	0	1.0	0.0	0.0	1.0
GCN1L1	NA	8016	1	0	0	0	0	0	1	0	1.0	0.0	0.0	1.0
GNB3	NA	1023	1	0	0	0	0	0	1	0	1.0	0.0	0.0	1.0
GPR182	NA	1215	1	0	0	0	0	0	1	0	1.0	0.0	0.0	1.0
GPR84	NA	1191	1	0	0	0	0	0	1	0	1.0	0.0	0.0	1.0
GRIP1	NA	3231	2	0	0	0	0	0	2	0	1.0	0.0	0.0	1.0
HCAR2	NA	1092	1	0	0	0	0	0	1	0	1.0	0.0	0.0	1.0
IFNG	NA	501	1	0	1	0	0	0	0	0	1.0	0.0	0.0	1.0
INHBC	NA	1059	0	1	0	0	0	0	0	0	1.0	0.0	0.0	1.0
IQSEC3	NA	3549	1	0	0	0	0	0	1	0	1.0	0.0	0.0	1.0
ITPR2	NA	8106	1	0	0	0	0	0	1	0	1.0	0.0	0.0	1.0
KIF21A	NA	5025	1	0	0	0	0	0	1	0	1.0	0.0	0.0	1.0
LMBR1L	NA	1470	0	1	0	0	0	0	0	0	1.0	0.0	0.0	1.0
LRIG3	NA	3360	0	1	0	0	0	0	0	0	1.0	0.0	0.0	1.0
LRMP	NA	1500	0	1	0	0	0	0	0	0	1.0	0.0	0.0	1.0
LTA4H	NA	1836	0	1	0	0	0	0	0	0	1.0	0.0	0.0	1.0
KMT2D	NA	16614	0	1	0	0	0	0	0	0	1.0	0.0	0.0	1.0
MLXIP	NA	2760	1	0	0	0	0	0	1	0	1.0	0.0	0.0	1.0
MYBPC1	NA	3522	0	1	0	0	0	0	0	0	1.0	0.0	0.0	1.0
NAA25	NA	2919	1	0	0	0	0	0	1	0	1.0	0.0	0.0	1.0
NEUROD4	NA	996	0	1	0	0	0	0	0	0	1.0	0.0	0.0	1.0
NR1H4	NA	1461	0	1	0	0	0	0	0	0	1.0	0.0	0.0	1.0
NRIP2	NA	846	1	0	0	0	0	0	1	0	1.0	0.0	0.0	1.0
OR10A7	NA	951	1	0	0	0	0	0	1	0	1.0	0.0	0.0	1.0
OR6C1	NA	939	0	1	0	0	0	0	0	0	1.0	0.0	0.0	1.0
OR6C2	NA	939	1	0	0	0	0	0	1	0	1.0	0.0	0.0	1.0
OR6C65	NA	939	0	1	0	0	0	0	0	0	1.0	0.0	0.0	1.0
OR6C76	NA	939	1	0	0	0	0	0	1	0	1.0	0.0	0.0	1.0
ORAI1	NA	912	0	1	0	0	0	0	0	0	1.0	0.0	0.0	1.0
OTOGL	NA	7035	2	0	0	0	0	0	2	0	1.0	0.0	0.0	1.0
PCBP2	NA	1101	1	0	0	0	0	0	1	0	1.0	0.0	0.0	1.0
PEX5	NA	1965	1	0	0	0	0	0	1	0	1.0	0.0	0.0	1.0
PFKM	NA	2556	1	0	0	0	0	0	1	0	1.0	0.0	0.0	1.0
PHLDA1	NA	1206	1	0	0	0	0	0	1	0	1.0	0.0	0.0	1.0
PLEKHA5	NA	3849	1	0	0	0	0	0	1	0	1.0	0.0	0.0	1.0
PLEKHG7	NA	1140	0	1	0	0	0	0	0	0	1.0	0.0	0.0	1.0
PPFIA2	NA	3774	1	1	0	0	0	0	1	0	1.0	0.0	0.0	1.0
PPFIBP1	NA	3036	1	0	1	0	0	0	0	0	1.0	0.0	0.0	1.0
PRDM4	NA	2406	1	0	0	0	0	0	1	0	1.0	0.0	0.0	1.0
PTPN11	NA	1782	1	0	0	0	0	0	1	0	1.0	0.0	0.0	1.0
PTPRB	NA	6648	2	0	0	0	0	0	2	0	1.0	0.0	0.0	1.0
PUS1	NA	1284	1	0	0	0	0	0	1	0	1.0	0.0	0.0	1.0
RAB35	NA	606	1	0	0	0	0	0	1	0	1.0	0.0	0.0	1.0
RAB3IP	NA	1431	1	0	0	0	0	0	1	0	1.0	0.0	0.0	1.0
RDH5	NA	957	1	0	0	0	0	0	1	0	1.0	0.0	0.0	1.0
RNF10	NA	2436	1	0	0	0	0	0	1	0	1.0	0.0	0.0	1.0
SCARB1	NA	1530	1	0	0	0	0	0	1	0	1.0	0.0	0.0	1.0
SCNN1A	NA	2187	0	1	0	0	0	0	0	0	1.0	1.0	0.0	1.0
SCYL2	NA	2790	0	1	0	0	0	0	0	0	1.0	0.0	0.0	1.0
SMCO2	NA	1032	1	0	0	0	0	0	1	0	1.0	0.0	0.0	1.0
SNRNP35	NA	756	1	0	0	0	0	0	1	0	1.0	0.0	0.0	1.0
STAB2	NA	7656	1	0	0	0	0	0	1	0	1.0	0.0	0.0	1.0
STAT6	NA	2544	1	0	0	0	0	0	1	0	1.0	0.0	0.0	1.0
TBK1	NA	2190	0	1	0	0	0	0	0	0	1.0	0.0	0.0	1.0
TCHP	NA	1497	0	1	0	0	0	0	0	0	1.0	0.0	0.0	1.0
TCTN2	NA	2094	1	0	0	0	0	0	1	0	1.0	0.0	0.0	1.0
TMEM132C	NA	3327	2	0	0	0	0	0	2	0	1.0	0.0	0.0	1.0
UBE3B	NA	3207	1	0	0	0	0	0	1	0	1.0	0.0	0.0	1.0
VWF	NA	8442	0	1	0	0	0	0	0	0	1.0	0.0	0.0	1.0
WBP11	NA	1926	1	0	0	0	0	0	1	0	1.0	0.0	0.0	1.0
WIF1	NA	1140	1	0	0	0	0	0	1	0	1.0	0.0	0.0	1.0
WNK1	NA	7929	1	0	0	0	0	0	1	0	1.0	0.0	0.0	1.0
WNT5B	NA	1080	0	1	0	0	0	0	0	0	1.0	0.0	0.0	1.0
WSB2	NA	1215	0	1	0	0	0	0	0	0	1.0	0.0	0.0	1.0
YARS2	NA	1434	0	1	0	0	0	0	0	0	1.0	0.0	0.0	1.0
ABCB4	NA	3861	1	0	0	0	0	0	1	0	1.0	0.0	0.0	1.0
ABCB5	NA	3774	1	0	0	0	0	0	1	0	1.0	0.0	0.0	1.0
ACN9	NA	378	0	1	0	0	0	0	0	0	1.0	0.0	0.0	1.0
AIMP2	NA	963	1	0	0	0	0	0	1	0	1.0	0.0	0.0	1.0
ARPC1A	NA	1113	1	0	0	0	0	0	1	0	1.0	0.0	0.0	1.0
ZBED6CL	NA	711	1	0	1	0	0	0	0	0	1.0	0.0	0.0	1.0
C7orf50	NA	585	1	0	0	0	0	0	1	0	1.0	0.0	0.0	1.0
CALD1	NA	2382	1	0	0	0	0	0	1	0	1.0	0.0	0.0	1.0
CLIP2	NA	3141	1	0	0	0	0	0	1	0	1.0	0.0	0.0	1.0
CNTNAP2	NA	3996	2	0	0	0	0	0	2	0	1.0	0.0	0.0	1.0
CRHR2	NA	1317	1	0	0	0	0	0	1	0	1.0	0.0	0.0	1.0
DOCK4	NA	5901	1	0	0	0	0	0	1	0	1.0	1.0	0.0	1.0
FKBP6	NA	984	1	0	0	0	0	0	1	0	1.0	0.0	0.0	1.0
FOXK1	NA	2202	0	1	0	0	0	0	0	0	1.0	0.0	0.0	1.0
FSCN3	NA	1497	0	1	0	0	0	0	0	0	1.0	0.0	0.0	1.0
GIGYF1	NA	3108	1	0	0	0	0	0	1	0	1.0	0.0	0.0	1.0
GIMAP8	NA	1998	2	0	0	0	0	0	2	0	1.0	0.0	0.0	1.0
GLI3	NA	4743	0	1	0	0	0	0	0	0	1.0	0.0	0.0	1.0
GRM8	NA	2727	1	0	0	0	0	0	1	0	1.0	0.0	0.0	1.0
GTF2I	NA	2997	29	0	0	0	0	0	29	28	0.044544623099247435	0.0	0.0	0.04454462309924742
HECW1	NA	4821	1	0	0	0	0	0	1	0	1.0	0.0	0.0	1.0
HOXA1	NA	1008	0	1	0	0	0	0	0	0	1.0	0.0	0.0	1.0
HTR5A	NA	1074	1	0	0	0	0	0	1	0	1.0	0.0	0.0	1.0
INTS1	NA	6573	0	1	0	0	0	0	0	0	1.0	0.0	0.0	1.0
KCND2	NA	1893	1	0	0	0	0	0	1	0	1.0	0.0	0.0	1.0
KIAA1549	NA	5853	1	0	0	0	0	0	1	0	1.0	0.0	0.0	1.0
KPNA7	NA	1551	1	0	0	0	0	0	1	0	1.0	0.0	0.0	1.0
LFNG	NA	1140	1	0	0	0	0	0	1	0	1.0	0.0	0.0	1.0
LRCH4	NA	2052	1	0	0	0	0	0	1	0	1.0	0.0	0.0	1.0
KMT2C	NA	14736	1	0	0	0	0	0	1	0	1.0	0.0	0.0	1.0
MLXIPL	NA	2559	0	1	0	0	0	0	0	0	1.0	0.0	0.0	1.0
MYO1G	NA	3057	0	1	0	0	0	0	0	0	1.0	0.0	0.0	1.0
NOD1	NA	2862	2	0	1	0	0	0	1	0	1.0	0.0	0.0	1.0
NOS3	NA	3612	1	0	0	0	0	0	1	0	1.0	0.0	0.0	1.0
NRCAM	NA	3915	1	0	0	0	0	0	1	0	1.0	0.0	0.0	1.0
PCLO	NA	15429	3	0	0	0	0	0	3	0	1.0	0.0	0.0	1.0
PCOLCE	NA	1350	1	0	0	0	0	0	1	0	1.0	0.0	0.0	1.0
PDK4	NA	1236	0	1	0	0	0	0	0	0	1.0	0.0	0.0	1.0
PEG10	NA	2354	0	1	0	0	0	0	0	0	1.0	0.0	0.0	1.0
PODXL	NA	1677	1	0	1	0	0	0	0	0	1.0	0.0	0.0	1.0
PRKAR2B	NA	1257	1	0	0	0	0	0	1	0	1.0	0.0	0.0	1.0
PRSS1	NA	744	1	0	0	0	0	0	1	0	1.0	0.0	0.0	1.0
PSMC2	NA	1302	1	0	0	0	0	0	1	0	1.0	0.0	0.0	1.0
RADIL	NA	3228	2	0	0	0	0	0	2	0	1.0	0.0	0.0	1.0
RELN	NA	10383	1	0	0	0	0	0	1	0	1.0	0.0	0.0	1.0
RHBDD2	NA	1095	0	1	0	0	0	0	0	0	1.0	0.0	0.0	1.0
RNF133	NA	1131	1	0	0	0	0	0	1	0	1.0	0.0	0.0	1.0
SLC13A1	NA	1788	1	0	0	0	0	0	1	0	1.0	0.0	0.0	1.0
SLC26A3	NA	2295	1	0	0	0	0	0	1	0	1.0	0.0	0.0	1.0
SND1	NA	2733	1	0	0	0	0	0	1	0	1.0	0.0	0.0	1.0
SP8	NA	1527	0	1	0	0	0	0	0	0	1.0	0.0	0.0	1.0
SPDYE3	NA	1650	1	0	0	0	0	0	1	0	1.0	0.0	0.0	1.0
STRIP2	NA	2505	1	0	0	0	0	0	1	0	1.0	0.0	0.0	1.0
TRBC2	NA	539	1	0	0	0	0	0	1	0	1.0	0.0	0.0	1.0
TRRAP	NA	11580	1	1	0	0	0	0	1	0	1.0	0.0	0.0	1.0
UBN2	NA	4044	0	1	0	0	0	0	0	0	1.0	0.0	0.0	1.0
VIPR2	NA	1317	1	0	0	0	0	0	1	0	1.0	0.0	0.0	1.0
WBSCR17	NA	1797	1	0	0	0	0	0	1	0	1.0	0.0	0.0	1.0
ZAN	NA	8438	0	1	0	0	0	0	0	0	1.0	0.0	0.0	1.0
ZKSCAN1	NA	1692	1	0	0	0	0	0	1	0	1.0	0.0	0.0	1.0
ZNF394	NA	1686	1	0	0	0	0	0	1	0	1.0	0.0	0.0	1.0
ZNF713	NA	1293	1	0	0	0	0	0	1	0	1.0	0.0	0.0	1.0
ZNF736	NA	1284	1	0	0	0	0	0	1	0	1.0	0.0	0.0	1.0
ZNF783	NA	1641	1	0	0	0	0	0	1	0	1.0	0.0	0.0	1.0
ABLIM3	NA	2052	3	0	0	0	0	0	3	0	1.0	0.0	0.0	1.0
ADAMTS16	NA	3675	0	1	0	0	0	0	0	0	1.0	0.0	0.0	1.0
ADCY2	NA	3276	0	1	0	0	0	0	0	0	1.0	0.0	0.0	1.0
ANKRD32	NA	3177	1	0	0	0	0	0	1	0	1.0	0.0	0.0	1.0
ARAP3	NA	4635	1	0	1	0	0	0	0	0	1.0	0.0	0.0	1.0
ARHGEF28	NA	5196	1	0	0	0	0	0	1	0	1.0	0.0	0.0	1.0
ATP10B	NA	4386	1	0	0	0	0	0	1	0	1.0	0.0	0.0	1.0
BHMT	NA	1221	0	1	0	0	0	0	0	0	1.0	0.0	0.0	1.0
C5orf47	NA	531	1	0	1	0	0	0	0	0	1.0	0.0	0.0	1.0
C5orf60	NA	834	0	1	0	0	0	0	0	0	1.0	0.0	0.0	1.0
C9	NA	1680	1	0	1	0	0	0	0	0	1.0	0.0	0.0	1.0
CCNJL	NA	1308	0	1	0	0	0	0	0	0	1.0	0.0	0.0	1.0
CCT5	NA	1626	1	0	0	0	0	0	1	0	1.0	0.0	0.0	1.0
CDHR2	NA	3933	1	0	0	0	0	0	1	0	1.0	0.0	0.0	1.0
CSF1R	NA	2919	2	0	1	0	0	0	1	0	1.0	0.0	0.0	1.0
CTNND2	NA	3678	1	0	0	0	0	0	1	0	1.0	0.0	0.0	1.0
DAB2	NA	2313	1	0	0	0	0	0	1	0	1.0	0.0	0.0	1.0
DMXL1	NA	9084	1	0	0	0	0	0	1	0	1.0	1.0	0.0	1.0
DOCK2	NA	5493	2	0	0	0	0	0	2	0	1.0	0.0	0.0	1.0
EGFLAM	NA	3054	1	1	0	0	0	0	1	0	1.0	0.0	0.0	1.0
FAM105A	NA	1071	1	0	0	0	0	0	1	0	1.0	0.0	0.0	1.0
FLT4	NA	4092	1	0	0	0	0	0	1	0	1.0	0.0	0.0	1.0
FNIP1	NA	3501	1	0	0	0	0	0	1	0	1.0	0.0	0.0	1.0
FST	NA	1035	0	1	0	0	0	0	0	0	1.0	0.0	0.0	1.0
FSTL4	NA	2529	1	0	1	0	0	0	0	0	1.0	0.0	0.0	1.0
GFPT2	NA	2049	1	0	0	0	0	0	1	0	1.0	0.0	0.0	1.0
GPR98	NA	18921	2	0	0	0	0	0	2	0	1.0	0.0	0.0	1.0
HARS2	NA	1521	0	1	0	0	0	0	0	0	1.0	0.0	0.0	1.0
HBEGF	NA	627	0	1	0	0	0	0	0	0	1.0	0.0	0.0	1.0
HTR1A	NA	1269	1	0	0	0	0	0	1	0	1.0	0.0	0.0	1.0
HTR4	NA	1287	1	0	0	0	0	0	1	0	1.0	0.0	0.0	1.0
KIAA0825	NA	3828	1	0	0	0	0	0	1	0	1.0	0.0	0.0	1.0
KIF3A	NA	2100	1	0	0	0	0	0	1	0	1.0	0.0	0.0	1.0
LPCAT1	NA	1605	2	0	0	0	0	0	2	0	1.0	0.0	0.0	1.0
MCC	NA	3060	1	0	0	0	0	0	1	0	1.0	0.0	0.0	1.0
MSH3	NA	3414	1	0	0	0	0	0	1	0	1.0	0.0	0.0	1.0
MYO10	NA	6177	1	0	0	0	0	0	1	0	1.0	0.0	0.0	1.0
NIPBL	NA	8415	2	0	0	0	0	0	2	0	1.0	1.0	0.0	1.0
NLN	NA	2115	1	0	0	0	0	0	1	0	1.0	0.0	0.0	1.0
NPR3	NA	1626	1	0	0	0	0	0	1	0	1.0	0.0	0.0	1.0
NSD1	NA	8091	1	0	0	0	0	0	1	0	1.0	0.0	0.0	1.0
PCDHA12	NA	2826	0	1	0	0	0	0	0	0	1.0	0.0	0.0	1.0
PCDHA13	NA	2853	0	1	0	0	0	0	0	0	1.0	0.0	0.0	1.0
PCDHA4	NA	2844	1	0	0	0	0	0	1	0	1.0	0.0	0.0	1.0
PCDHA5	NA	2811	0	2	0	0	0	0	0	0	1.0	0.0	0.0	1.0
PCDHA7	NA	2814	0	1	0	0	0	0	0	0	1.0	0.0	0.0	1.0
PCDHB10	NA	2403	1	0	0	0	0	0	1	0	1.0	0.0	0.0	1.0
PCDHB2	NA	2397	1	0	0	0	0	0	1	0	1.0	0.0	0.0	1.0
PCDHB3	NA	2391	0	1	0	0	0	0	0	0	1.0	0.0	0.0	1.0
PCDHB6	NA	2385	1	0	0	0	0	0	1	0	1.0	0.0	0.0	1.0
PCDHGA1	NA	2796	1	0	0	0	0	0	1	0	1.0	0.0	0.0	1.0
PCDHGA4	NA	2889	0	1	0	0	0	0	0	0	1.0	0.0	0.0	1.0
PCDHGA8	NA	2799	0	1	0	0	0	0	0	0	1.0	0.0	0.0	1.0
PCDHGB1	NA	2784	0	1	0	0	0	0	0	0	1.0	0.0	0.0	1.0
PLEKHG4B	NA	3816	1	0	1	0	0	0	0	0	1.0	1.0	0.0	-0.0
RAPGEF6	NA	4830	1	0	0	0	0	0	1	0	1.0	0.0	0.0	1.0
REEP5	NA	570	1	0	0	0	0	0	1	0	1.0	0.0	0.0	1.0
RPL26L1	NA	438	1	0	0	0	0	0	1	0	1.0	0.0	0.0	1.0
RUFY1	NA	2127	1	1	0	0	0	0	1	0	1.0	0.0	0.0	1.0
SLC6A19	NA	1905	1	0	0	0	0	0	1	0	1.0	0.0	0.0	1.0
TCOF1	NA	4467	1	0	0	0	0	0	1	0	1.0	0.0	0.0	1.0
TENM2	NA	8298	0	1	0	0	0	0	0	0	1.0	0.0	0.0	1.0
THOC3	NA	1056	1	0	0	0	0	0	1	0	1.0	0.0	0.0	1.0
TPPP	NA	660	1	0	0	0	0	0	1	0	1.0	0.0	0.0	1.0
TRIM7	NA	1536	1	0	0	0	0	0	1	0	1.0	0.0	0.0	1.0
TRIO	NA	9294	1	0	0	0	0	0	1	0	1.0	0.0	0.0	1.0
TRPC7	NA	2589	1	1	0	0	0	0	1	0	1.0	0.0	0.0	1.0
TSSK1B	NA	1104	1	0	0	0	0	0	1	0	1.0	0.0	0.0	1.0
UBLCP1	NA	957	1	0	0	0	0	0	1	0	1.0	0.0	0.0	1.0
WDR41	NA	1380	1	0	0	0	0	0	1	0	1.0	0.0	0.0	1.0
AHNAK2	NA	17388	0	1	0	0	0	0	0	0	1.0	0.0	0.0	1.0
AKAP6	NA	6960	1	0	0	0	0	0	1	0	1.0	0.0	0.0	1.0
ARID4A	NA	3774	1	0	0	0	0	0	1	0	1.0	0.0	0.0	1.0
BAG5	NA	1467	0	1	0	0	0	0	0	0	1.0	0.0	0.0	1.0
BRF1	NA	2034	0	1	0	0	0	0	0	0	1.0	0.0	0.0	1.0
CATSPERB	NA	3351	1	0	0	0	0	0	1	0	1.0	0.0	0.0	1.0
CEBPE	NA	846	0	1	0	0	0	0	0	0	1.0	0.0	0.0	1.0
CMTM5	NA	471	1	0	0	0	0	0	1	0	1.0	0.0	0.0	1.0
EXOC3L4	NA	2169	1	0	0	0	0	0	1	0	1.0	0.0	0.0	1.0
GALC	NA	2058	1	0	0	0	0	0	1	0	1.0	0.0	0.0	1.0
HECTD1	NA	7833	1	0	0	0	0	0	1	0	1.0	0.0	0.0	1.0
IGHA2	NA	1023	1	0	0	0	0	0	1	0	1.0	0.0	0.0	1.0
IGHD	NA	1292	1	0	0	0	0	0	1	0	1.0	0.0	0.0	1.0
IGHG4	NA	984	1	0	0	0	0	0	1	0	1.0	0.0	0.0	1.0
IGHJ6	NA	61	0	1	0	0	0	0	0	0	1.0	0.0	0.0	1.0
IGHV3-72	NA	357	1	0	0	0	0	0	1	0	1.0	0.0	0.0	1.0
IRF2BPL	NA	2391	1	0	0	0	0	0	1	0	1.0	0.0	0.0	1.0
LGMN	NA	1302	0	1	0	0	0	0	0	0	1.0	0.0	0.0	1.0
LTBP2	NA	5466	1	0	0	0	0	0	1	0	1.0	1.0	0.0	1.0
METTL17	NA	1437	1	0	0	0	0	0	1	0	1.0	0.0	0.0	1.0
MGAT2	NA	1344	0	1	0	0	0	0	0	0	1.0	0.0	0.0	1.0
MLH3	NA	4362	2	0	1	0	0	0	1	0	1.0	0.0	0.0	1.0
NOVA1	NA	1524	1	0	0	0	0	0	1	0	1.0	0.0	0.0	1.0
OR4N2	NA	924	1	0	0	0	0	0	1	0	1.0	0.0	0.0	1.0
PAPLN	NA	3756	0	1	0	0	0	0	0	0	1.0	0.0	0.0	1.0
PCK2	NA	1923	1	1	0	0	0	0	1	0	1.0	0.0	0.0	1.0
PLEK2	NA	1062	1	0	0	0	0	0	1	0	1.0	0.0	0.0	1.0
POMT2	NA	2253	1	0	0	0	0	0	1	0	1.0	0.0	0.0	1.0
PPP4R4	NA	2622	2	0	0	0	0	0	2	0	1.0	0.0	0.0	1.0
PRMT5	NA	1914	0	1	0	0	0	0	0	0	1.0	0.0	0.0	1.0
PSME1	NA	753	1	0	0	0	0	0	1	0	1.0	0.0	0.0	1.0
RABGGTA	NA	1704	1	0	0	0	0	0	1	0	1.0	0.0	0.0	1.0
RPS6KA5	NA	2409	1	0	0	0	0	0	1	0	1.0	0.0	0.0	1.0
SIPA1L1	NA	5415	1	0	1	0	0	0	0	0	1.0	0.0	0.0	1.0
SLC22A17	NA	1617	1	0	0	0	1	0	0	0	1.0	0.0	0.0	1.0
SLC24A4	NA	1869	1	0	0	0	0	0	1	0	1.0	0.0	0.0	1.0
SYNE2	NA	20724	1	1	0	0	0	0	1	0	1.0	0.0	0.0	1.0
TGM1	NA	2454	0	1	0	0	0	0	0	0	1.0	0.0	0.0	1.0
TRAJ47	NA	57	1	0	0	0	0	0	1	0	1.0	0.0	0.0	1.0
TRAV35	NA	330	1	0	0	0	0	0	1	0	1.0	0.0	0.0	1.0
TRIM9	NA	2133	1	0	0	0	0	0	1	0	1.0	0.0	0.0	1.0
TTC6	NA	5661	1	0	0	0	0	0	1	0	1.0	0.0	0.0	1.0
WDR25	NA	1635	1	0	0	0	0	0	1	0	1.0	0.0	0.0	1.0
ABCC1	NA	4596	1	0	0	0	0	0	1	0	1.0	0.0	0.0	1.0
ABCC11	NA	4149	1	0	0	0	0	0	1	0	1.0	0.0	0.0	1.0
ABCC12	NA	4080	1	0	0	0	0	0	1	0	1.0	0.0	0.0	1.0
ADCY7	NA	3243	1	0	0	0	0	0	1	0	1.0	0.0	0.0	1.0
AMDHD2	NA	1785	1	0	0	0	0	0	1	0	1.0	0.0	0.0	1.0
ARMC5	NA	2808	1	0	0	0	0	0	1	0	1.0	0.0	0.0	1.0
ATP2C2	NA	2841	2	0	1	0	0	0	1	0	1.0	0.0	0.0	1.0
C16orf96	NA	3426	0	1	0	0	0	0	0	0	1.0	0.0	0.0	1.0
CCDC102A	NA	1653	1	0	0	0	0	0	1	0	1.0	0.0	0.0	1.0
CCNF	NA	2361	0	1	0	0	0	0	0	0	1.0	0.0	0.0	1.0
CDH11	NA	2391	1	0	0	0	0	0	1	0	1.0	0.0	0.0	1.0
CDH15	NA	2445	0	1	0	0	0	0	0	0	1.0	0.0	0.0	1.0
CDYL2	NA	1521	1	0	0	0	0	0	1	0	1.0	0.0	0.0	1.0
CES2	NA	1872	0	1	0	0	0	0	0	0	1.0	0.0	0.0	1.0
CHST5	NA	1236	0	1	0	0	0	0	0	0	1.0	0.0	0.0	1.0
CIRH1A	NA	2061	1	0	1	0	0	0	0	0	1.0	0.0	0.0	1.0
CLCN7	NA	2418	1	0	0	0	0	0	1	0	1.0	0.0	0.0	1.0
CLEC16A	NA	3162	1	0	0	0	0	0	1	0	1.0	0.0	0.0	1.0
CNGB1	NA	3756	1	0	0	0	0	0	1	0	1.0	0.0	0.0	1.0
CNOT1	NA	7131	1	0	0	0	0	0	1	0	1.0	0.0	0.0	1.0
CNTNAP4	NA	3926	1	0	0	0	0	0	1	0	1.0	0.0	0.0	1.0
CPNE7	NA	1902	0	1	0	0	0	0	0	0	1.0	0.0	0.0	1.0
CTCF	NA	2184	1	0	0	0	1	0	0	0	1.0	0.0	0.0	1.0
CYLD	NA	2871	1	0	1	0	0	0	0	0	1.0	1.0	0.0	-0.0
DOC2A	NA	1203	1	0	0	0	0	0	1	0	1.0	0.0	0.0	1.0
FAM65A	NA	3720	1	0	0	0	0	0	1	0	1.0	0.0	0.0	1.0
FLYWCH1	NA	2148	1	0	0	0	0	0	1	0	1.0	0.0	0.0	1.0
FOXF1	NA	1140	1	0	0	0	0	0	1	0	1.0	0.0	0.0	1.0
GALNS	NA	1569	1	0	0	0	0	0	1	0	1.0	0.0	0.0	1.0
GLIS2	NA	1575	1	0	0	0	0	0	1	0	1.0	0.0	0.0	1.0
GPRC5B	NA	1212	0	1	0	0	0	0	0	0	1.0	0.0	0.0	1.0
GTF3C1	NA	6330	1	0	0	0	0	0	1	0	1.0	0.0	0.0	1.0
HP	NA	1221	1	0	0	0	0	0	1	0	1.0	0.0	0.0	1.0
ITGAD	NA	3486	1	0	0	0	0	0	1	0	1.0	0.0	0.0	1.0
KIAA0430	NA	5229	1	1	1	0	0	0	0	0	1.0	0.0	0.0	1.0
KLHDC4	NA	1563	0	1	0	0	0	0	0	0	1.0	0.0	0.0	1.0
MAPK8IP3	NA	4011	1	0	0	0	0	0	1	0	1.0	0.0	0.0	1.0
MEIOB	NA	1416	1	0	0	0	0	0	1	0	1.0	0.0	0.0	1.0
MRPL28	NA	771	1	1	0	0	0	0	1	0	1.0	0.0	0.0	1.0
MVP	NA	2682	0	1	0	0	0	0	0	0	1.0	0.0	0.0	1.0
NETO2	NA	1578	0	1	0	0	0	0	0	0	1.0	0.0	0.0	1.0
NKD1	NA	1413	0	1	0	0	0	0	0	0	1.0	0.0	0.0	1.0
NLRC5	NA	5601	2	0	0	0	0	0	2	0	1.0	0.0	0.0	1.0
NOMO3	NA	3669	1	0	0	0	0	0	1	0	1.0	0.0	0.0	1.0
PABPN1L	NA	837	1	0	0	0	0	0	1	0	1.0	0.0	0.0	1.0
PDILT	NA	1755	1	0	1	0	0	0	0	0	1.0	0.0	0.0	1.0
PIEZO1	NA	7566	0	1	0	0	0	0	0	0	1.0	0.0	0.0	1.0
PKD1	NA	12912	2	0	0	0	0	0	2	0	1.0	0.0	0.0	1.0
PLCG2	NA	3798	1	0	0	0	0	0	1	0	1.0	0.0	0.0	1.0
RABEP2	NA	1710	1	0	1	0	0	0	0	0	1.0	0.0	0.0	1.0
RRAD	NA	927	1	0	0	0	0	0	1	0	1.0	0.0	0.0	1.0
SETD1A	NA	5124	1	0	0	0	0	0	1	0	1.0	0.0	0.0	1.0
SH2B1	NA	2271	0	1	0	0	0	0	0	0	1.0	0.0	0.0	1.0
SLC9A5	NA	2691	1	0	1	0	0	0	0	0	1.0	0.0	0.0	1.0
SMG1	NA	10986	1	0	0	0	0	0	1	0	1.0	0.0	0.0	1.0
SPG7	NA	2388	1	0	0	0	0	0	1	0	1.0	0.0	0.0	1.0
SPIRE2	NA	2145	1	0	1	0	0	0	0	0	1.0	0.0	0.0	1.0
SPSB3	NA	1068	0	1	0	0	0	0	0	0	1.0	0.0	0.0	1.0
SRRM2	NA	8259	1	0	0	0	0	0	1	0	1.0	0.0	0.0	1.0
TPSG1	NA	966	0	1	0	0	0	0	0	0	1.0	0.0	0.0	1.0
TSC2	NA	5424	1	0	1	0	0	0	0	0	1.0	0.0	0.0	1.0
ZFHX3	NA	11112	1	0	0	0	0	0	1	0	1.0	0.0	0.0	1.0
ZNF205	NA	1665	1	0	0	0	0	0	1	0	1.0	0.0	0.0	1.0
ZNF629	NA	2610	0	1	0	0	0	0	0	0	1.0	0.0	0.0	1.0
ZNF764	NA	1227	1	0	0	0	0	0	1	0	1.0	0.0	0.0	1.0
ZSCAN10	NA	2178	1	0	0	0	0	0	1	0	1.0	0.0	0.0	1.0
ABCA1	NA	6786	2	0	0	0	0	0	2	0	1.0	0.0	0.0	1.0
ABCA2	NA	7401	1	0	0	0	0	0	1	0	1.0	0.0	0.0	1.0
ACO1	NA	2670	1	0	0	0	0	0	1	0	1.0	0.0	0.0	1.0
ADAMTS13	NA	4284	1	1	0	0	0	0	1	0	1.0	0.0	0.0	1.0
AGTPBP1	NA	3561	1	0	0	0	0	0	1	0	1.0	0.0	0.0	1.0
AKNA	NA	4320	1	0	0	0	0	0	1	0	1.0	0.0	0.0	1.0
AMBP	NA	1059	1	0	0	0	0	0	1	0	1.0	0.0	0.0	1.0
ANKRD20A4	NA	2472	1	0	1	0	0	0	0	0	1.0	0.0	0.0	1.0
BNC2	NA	3300	1	0	0	0	0	0	1	0	1.0	0.0	0.0	1.0
C9orf84	NA	4335	0	1	0	0	0	0	0	0	1.0	0.0	0.0	1.0
C9orf89	NA	552	1	0	0	0	0	0	1	0	1.0	0.0	0.0	1.0
CDK5RAP2	NA	5682	1	0	1	0	0	0	0	0	1.0	0.0	0.0	1.0
CER1	NA	804	1	0	0	0	0	0	1	0	1.0	0.0	0.0	1.0
CRAT	NA	1881	0	1	0	0	0	0	0	0	1.0	0.0	0.0	1.0
CTSL	NA	1002	1	0	0	0	0	0	1	0	1.0	0.0	0.0	1.0
DAB2IP	NA	3399	0	1	0	0	0	0	0	0	1.0	0.0	0.0	1.0
DCAF12	NA	1362	0	1	0	0	0	0	0	0	1.0	0.0	0.0	1.0
ENG	NA	1977	1	0	0	0	0	0	1	0	1.0	0.0	0.0	1.0
ABHD17B	NA	882	1	0	0	0	0	0	1	0	1.0	0.0	0.0	1.0
FANCG	NA	1869	1	0	1	0	0	0	0	0	1.0	0.0	0.0	1.0
FOXD4	NA	1320	0	1	0	0	0	0	0	0	1.0	0.0	0.0	1.0
GARNL3	NA	3042	1	0	0	0	0	0	1	0	1.0	0.0	0.0	1.0
GBA2	NA	2784	1	0	0	0	0	0	1	0	1.0	0.0	0.0	1.0
GRIN3A	NA	3348	1	0	0	0	0	0	1	0	1.0	0.0	0.0	1.0
KCNV2	NA	1638	1	0	0	0	0	0	1	0	1.0	0.0	0.0	1.0
KIF24	NA	4107	0	1	0	0	0	0	0	0	1.0	0.0	0.0	1.0
LAMC3	NA	4728	1	0	0	0	0	0	1	0	1.0	0.0	0.0	1.0
LCN12	NA	579	1	0	0	0	0	0	1	0	1.0	0.0	0.0	1.0
LCNL1	NA	495	1	0	0	0	0	0	1	0	1.0	0.0	0.0	1.0
MAMDC4	NA	3414	0	1	0	0	0	0	0	0	1.0	0.0	0.0	1.0
MAPKAP1	NA	1569	1	0	0	0	0	0	1	0	1.0	0.0	0.0	1.0
NIPSNAP3A	NA	744	1	0	0	0	0	0	1	0	1.0	0.0	0.0	1.0
NOL8	NA	3504	1	0	0	0	0	0	1	0	1.0	0.0	0.0	1.0
NOTCH1	NA	7668	1	0	0	0	0	0	1	0	1.0	0.0	0.0	1.0
NTNG2	NA	1593	1	0	0	0	0	0	1	0	1.0	0.0	0.0	1.0
NTRK2	NA	2517	0	1	0	0	0	0	0	0	1.0	0.0	0.0	1.0
OLFM1	NA	1404	1	0	0	0	0	0	1	0	1.0	0.0	0.0	1.0
OLFML2A	NA	1959	1	0	0	0	0	0	1	0	1.0	0.0	0.0	1.0
OR1J2	NA	942	0	1	0	0	0	0	0	0	1.0	0.0	0.0	1.0
PALM2-AKAP2	NA	3312	1	0	0	0	0	0	1	0	1.0	0.0	0.0	1.0
PCSK5	NA	5583	1	0	0	0	0	0	1	0	1.0	0.0	0.0	1.0
PIP5K1B	NA	1623	1	0	0	0	0	0	1	0	1.0	0.0	0.0	1.0
PPP1R26	NA	3630	0	1	0	0	0	0	0	0	1.0	0.0	0.0	1.0
PRRC2B	NA	6690	1	0	0	0	0	0	1	0	1.0	0.0	0.0	1.0
PTPRD	NA	5739	0	1	0	0	0	0	0	0	1.0	0.0	0.0	1.0
RALGPS1	NA	1674	0	1	0	0	0	0	0	0	1.0	0.0	0.0	1.0
RC3H2	NA	3576	1	0	0	0	0	0	1	0	1.0	0.0	0.0	1.0
RGS3	NA	3597	0	1	0	0	0	0	0	0	1.0	0.0	0.0	1.0
SEC16A	NA	7074	1	0	0	0	0	0	1	0	1.0	0.0	0.0	1.0
SEMA4D	NA	2589	2	0	0	0	0	0	2	0	1.0	0.0	0.0	1.0
SLC27A4	NA	1932	1	0	0	0	0	0	1	0	1.0	0.0	0.0	1.0
SLC35D2	NA	1014	0	1	0	0	0	0	0	0	1.0	0.0	0.0	1.0
SLC44A1	NA	1974	1	0	0	0	0	0	1	0	1.0	0.0	0.0	1.0
SLC46A2	NA	1428	1	0	0	0	0	0	1	0	1.0	0.0	0.0	1.0
SNAPC4	NA	4410	1	1	0	0	0	0	1	0	1.0	0.0	0.0	1.0
SOHLH1	NA	1164	1	0	1	0	0	0	0	0	1.0	0.0	0.0	1.0
SPTAN1	NA	7434	0	1	0	0	0	0	0	0	1.0	0.0	0.0	1.0
SVEP1	NA	10716	0	1	0	0	0	0	0	0	1.0	0.0	0.0	1.0
SYK	NA	1908	1	0	0	0	0	0	1	0	1.0	0.0	0.0	1.0
TAF1L	NA	5481	2	0	0	0	0	0	2	0	1.0	0.0	0.0	1.0
TLE1	NA	2313	1	0	0	0	0	0	1	0	1.0	0.0	0.0	1.0
TLN1	NA	7626	1	0	0	0	0	0	1	0	1.0	0.0	0.0	1.0
TRAF2	NA	1506	1	0	0	0	0	0	1	0	1.0	0.0	0.0	1.0
WNK2	NA	6654	0	1	0	0	0	0	0	0	1.0	0.0	0.0	1.0
ZDHHC12	NA	804	1	0	0	0	0	0	1	0	1.0	0.0	0.0	1.0
AMOT	NA	3255	1	0	0	0	0	0	1	0	1.0	0.0	0.0	1.0
ARHGAP36	NA	1644	0	1	0	0	0	0	0	0	1.0	0.0	0.0	1.0
ARHGAP4	NA	2961	0	1	0	0	0	0	0	0	1.0	0.0	0.0	1.0
ATP11C	NA	3399	1	0	0	0	0	0	1	0	1.0	0.0	0.0	1.0
AWAT2	NA	1002	0	1	0	0	0	0	0	0	1.0	0.0	0.0	1.0
BCORL1	NA	5136	1	0	0	0	0	0	1	0	1.0	0.0	0.0	1.0
BRWD3	NA	5409	1	0	0	0	0	0	1	0	1.0	0.0	0.0	1.0
CA5B	NA	954	1	0	0	0	0	0	1	0	1.0	0.0	0.0	1.0
CCDC22	NA	1884	2	0	0	0	0	0	2	0	1.0	0.0	0.0	1.0
CCNB3	NA	4188	1	0	0	0	0	0	1	0	1.0	0.0	0.0	1.0
CDR1	NA	789	1	0	0	0	0	0	1	0	1.0	0.0	0.0	1.0
CENPI	NA	2271	1	0	0	0	0	0	1	0	1.0	0.0	0.0	1.0
CFP	NA	1410	0	1	0	0	0	0	0	0	1.0	0.0	0.0	1.0
CITED1	NA	660	1	0	0	0	0	0	1	0	1.0	0.0	0.0	1.0
CTPS2	NA	1761	1	0	0	0	0	0	1	0	1.0	0.0	0.0	1.0
CXorf23	NA	2049	1	0	0	0	0	0	1	0	1.0	0.0	0.0	1.0
CXorf67	NA	1512	0	1	0	0	0	0	0	0	1.0	0.0	0.0	1.0
DDX26B	NA	2586	1	0	0	0	0	0	1	0	1.0	0.0	0.0	1.0
DLG3	NA	2454	1	0	0	0	0	0	1	0	1.0	0.0	0.0	1.0
DMD	NA	11058	2	0	0	0	0	0	2	0	1.0	0.0	0.0	1.0
EIF1AX	NA	435	1	0	0	0	0	0	1	0	1.0	0.0	0.0	1.0
ESX1	NA	1221	1	1	0	0	0	0	1	0	1.0	0.0	0.0	1.0
F8	NA	7056	1	0	0	0	0	0	1	0	1.0	0.0	0.0	1.0
FAM127A	NA	342	1	0	0	0	0	0	1	0	1.0	0.0	0.0	1.0
FAM127B	NA	342	0	1	0	0	0	0	0	0	1.0	0.0	0.0	1.0
FAM3A	NA	693	1	0	0	0	0	0	1	0	1.0	0.0	0.0	1.0
FRMPD3	NA	5433	1	0	1	0	0	0	0	0	1.0	0.0	0.0	1.0
GDPD2	NA	1773	1	0	0	0	0	0	1	0	1.0	0.0	0.0	1.0
GPR112	NA	9243	0	1	0	0	0	0	0	0	1.0	0.0	0.0	1.0
GPR173	NA	1122	1	0	0	0	0	0	1	0	1.0	0.0	0.0	1.0
GPR64	NA	3054	0	1	0	0	0	0	0	0	1.0	0.0	0.0	1.0
GRIPAP1	NA	2526	1	0	1	0	0	0	0	0	1.0	0.0	0.0	1.0
HDX	NA	2073	1	0	0	0	0	0	1	0	1.0	0.0	0.0	1.0
HTATSF1	NA	2268	1	0	0	0	0	0	1	0	1.0	0.0	0.0	1.0
HUWE1	NA	13125	1	0	0	0	0	0	1	0	1.0	0.0	0.0	1.0
IGSF1	NA	4026	1	0	0	0	0	0	1	0	1.0	0.0	0.0	1.0
IRS4	NA	3774	1	0	0	0	0	0	1	0	1.0	0.0	0.0	1.0
KAL1	NA	2043	1	0	0	0	0	0	1	0	1.0	0.0	0.0	1.0
KIAA1210	NA	5130	1	0	0	0	0	0	1	0	1.0	0.0	0.0	1.0
KIAA2022	NA	4551	0	1	0	0	0	0	0	0	1.0	0.0	0.0	1.0
KIF4A	NA	3699	1	0	0	0	0	0	1	0	1.0	0.0	0.0	1.0
MAGEA3	NA	945	1	0	0	0	0	0	1	0	1.0	0.0	0.0	1.0
MAGEB10	NA	1044	0	1	0	0	0	0	0	0	1.0	0.0	0.0	1.0
MAGEB18	NA	1032	1	0	0	0	0	0	1	0	1.0	0.0	0.0	1.0
MAGT1	NA	1104	1	0	0	0	0	0	1	0	1.0	0.0	0.0	1.0
MECP2	NA	1497	1	0	0	0	0	0	1	0	1.0	0.0	0.0	1.0
MED14	NA	4365	1	0	0	0	0	0	1	0	1.0	0.0	0.0	1.0
MORC4	NA	2814	0	1	0	0	0	0	0	0	1.0	0.0	0.0	1.0
MPP1	NA	1401	1	0	0	0	0	0	1	0	1.0	0.0	0.0	1.0
MXRA5	NA	8487	1	1	0	0	0	0	1	0	1.0	0.0	0.0	1.0
NAA10	NA	708	1	0	0	0	0	0	1	0	1.0	0.0	0.0	1.0
NHS	NA	4893	1	0	0	0	0	0	1	0	1.0	0.0	0.0	1.0
NR0B1	NA	1413	1	0	0	0	0	0	1	0	1.0	0.0	0.0	1.0
OCRL	NA	2706	0	1	0	0	0	0	0	0	1.0	0.0	0.0	1.0
PHEX	NA	2250	1	0	0	0	0	0	1	0	1.0	0.0	0.0	1.0
PHKA2	NA	3708	1	0	0	0	0	0	1	0	1.0	0.0	0.0	1.0
PIGA	NA	1455	1	0	0	0	0	0	1	0	1.0	0.0	0.0	1.0
PRAF2	NA	537	1	0	0	0	0	0	1	0	1.0	0.0	0.0	1.0
RAB33A	NA	714	0	1	0	0	0	0	0	0	1.0	0.0	0.0	1.0
RBMXL3	NA	3204	0	1	0	0	0	0	0	0	1.0	0.0	0.0	1.0
REPS2	NA	1983	1	0	0	0	0	0	1	0	1.0	0.0	0.0	1.0
RGAG1	NA	4167	0	1	0	0	0	0	0	0	1.0	0.0	0.0	1.0
RIPPLY1	NA	456	1	0	0	0	0	0	1	0	1.0	0.0	0.0	1.0
RNF128	NA	1287	1	0	0	0	0	0	1	0	1.0	0.0	0.0	1.0
RPGR	NA	3459	1	0	0	0	0	0	1	0	1.0	0.0	0.0	1.0
SHROOM4	NA	4482	1	0	0	0	0	0	1	0	1.0	0.0	0.0	1.0
SLC10A3	NA	1434	0	1	0	0	0	0	0	0	1.0	0.0	0.0	1.0
SLC6A14	NA	1929	0	1	0	0	0	0	0	0	1.0	0.0	0.0	1.0
SRPX2	NA	1398	1	0	0	0	0	0	1	0	1.0	0.0	0.0	1.0
TBC1D8B	NA	3363	1	0	0	0	0	0	1	0	1.0	0.0	0.0	1.0
TMEM185A	NA	1053	1	0	0	0	0	0	1	0	1.0	0.0	0.0	1.0
TMEM47	NA	546	1	0	0	0	0	0	1	0	1.0	0.0	0.0	1.0
TRPC5	NA	2922	1	0	0	0	0	0	1	0	1.0	0.0	0.0	1.0
UBQLN2	NA	1875	2	0	0	0	0	0	2	0	1.0	0.0	0.0	1.0
USP9X	NA	7713	1	0	0	0	0	0	1	0	1.0	1.0	0.0	1.0
WWC3	NA	3279	0	2	0	0	0	0	0	0	1.0	0.0	0.0	1.0
ZFP92	NA	1251	1	0	0	0	0	0	1	0	1.0	0.0	0.0	1.0
ZMYM3	NA	4113	3	0	1	0	0	0	2	0	1.0	0.0	0.0	1.0
ZNF275	NA	990	0	1	0	0	0	0	0	0	1.0	0.0	0.0	1.0
ZNF645	NA	1278	1	0	0	0	0	0	1	0	1.0	0.0	0.0	1.0
ABCC2	NA	4638	1	0	0	0	0	0	1	0	1.0	0.0	0.0	1.0
ACBD5	NA	1578	1	0	0	0	0	0	1	0	1.0	0.0	0.0	1.0
ALOX5	NA	2025	1	0	0	0	0	0	1	0	1.0	0.0	0.0	1.0
ANK3	NA	13134	1	2	1	0	0	0	0	0	1.0	0.0	0.0	1.0
ANTXRL	NA	1896	1	0	0	0	0	0	1	0	1.0	0.0	0.0	1.0
ARMC4	NA	3135	1	0	0	0	0	0	1	0	1.0	0.0	0.0	1.0
C10orf71	NA	4308	0	1	0	0	0	0	0	0	1.0	0.0	0.0	1.0
C10orf90	NA	2100	1	0	0	0	0	0	1	0	1.0	0.0	0.0	1.0
CCDC172	NA	777	1	0	0	0	0	0	1	0	1.0	0.0	0.0	1.0
CCDC3	NA	813	1	0	0	0	0	0	1	0	1.0	0.0	0.0	1.0
COL17A1	NA	4494	2	1	0	0	0	0	2	0	1.0	1.0	0.0	1.0
CYP26A1	NA	1494	0	1	0	0	0	0	0	0	1.0	0.0	0.0	1.0
CYP2C18	NA	1473	0	1	0	0	0	0	0	0	1.0	0.0	0.0	1.0
CYP2E1	NA	1482	0	1	0	0	0	0	0	0	1.0	0.0	0.0	1.0
DIP2C	NA	4671	1	0	0	0	0	0	1	0	1.0	0.0	0.0	1.0
DNA2	NA	3183	1	0	0	0	0	0	1	0	1.0	0.0	0.0	1.0
DNMBP	NA	4734	1	0	0	0	0	0	1	0	1.0	0.0	0.0	1.0
ENKUR	NA	771	1	0	0	0	0	0	1	0	1.0	0.0	0.0	1.0
EXOC6	NA	2415	1	0	0	0	0	0	1	0	1.0	0.0	0.0	1.0
FAM178A	NA	3561	1	0	0	0	0	1	0	0	1.0	1.0	0.0	0.579380164285695
FRA10AC1	NA	948	0	1	0	0	0	0	0	0	1.0	0.0	0.0	1.0
FRMPD2	NA	3930	0	1	0	0	0	0	0	0	1.0	0.0	0.0	1.0
GPR123	NA	1683	0	1	0	0	0	0	0	0	1.0	0.0	0.0	1.0
GTPBP4	NA	1905	1	0	0	0	0	0	1	0	1.0	0.0	0.0	1.0
HSPA14	NA	1530	1	0	0	0	0	0	1	0	1.0	0.0	0.0	1.0
HTR7	NA	1440	0	1	0	0	0	0	0	0	1.0	0.0	0.0	1.0
KIAA1462	NA	4080	1	0	0	0	0	0	1	0	1.0	0.0	0.0	1.0
LOXL4	NA	2271	1	0	0	0	0	0	1	0	1.0	0.0	0.0	1.0
LRRC27	NA	1593	1	0	0	0	0	0	1	0	1.0	0.0	0.0	1.0
MCM10	NA	2628	0	1	0	0	0	0	0	0	1.0	0.0	0.0	1.0
NEUROG3	NA	645	1	0	0	0	0	0	1	0	1.0	0.0	0.0	1.0
NKX2-3	NA	1095	1	0	0	0	0	0	1	0	1.0	0.0	0.0	1.0
NRAP	NA	5196	0	1	0	0	0	0	0	0	1.0	0.0	0.0	1.0
NRG3	NA	2091	1	0	1	0	0	0	0	0	1.0	0.0	0.0	1.0
OGDHL	NA	3033	1	0	0	0	0	0	1	0	1.0	0.0	0.0	1.0
PLAC9	NA	294	1	0	0	0	0	0	1	0	1.0	0.0	0.0	1.0
PTCHD3	NA	2304	1	0	0	0	0	0	1	0	1.0	0.0	0.0	1.0
PTPRE	NA	2103	1	0	1	0	0	0	0	0	1.0	0.0	0.0	1.0
RBP3	NA	3744	1	0	0	0	0	0	1	0	1.0	0.0	0.0	1.0
RGR	NA	888	0	1	0	0	0	0	0	0	1.0	0.0	0.0	1.0
SIRT1	NA	2244	0	1	0	0	0	0	0	0	1.0	0.0	0.0	1.0
TACC2	NA	8847	0	1	0	0	0	0	0	0	1.0	0.0	0.0	1.0
TET1	NA	6411	1	1	0	0	0	0	1	0	1.0	0.0	0.0	1.0
TLL2	NA	3048	1	0	0	0	0	0	1	0	1.0	0.0	0.0	1.0
TNKS2	NA	3501	1	0	0	0	0	0	1	0	1.0	0.0	0.0	1.0
WDFY4	NA	9555	1	0	0	0	0	0	1	0	1.0	0.0	0.0	1.0
WNT8B	NA	1056	1	0	0	0	0	0	1	0	1.0	0.0	0.0	1.0
ZNF438	NA	2487	1	0	0	0	0	0	1	0	1.0	0.0	0.0	1.0
ZNF487	NA	1347	2	0	0	0	0	0	2	0	1.0	0.0	0.0	1.0
ZRANB1	NA	2127	1	0	0	0	0	0	1	0	1.0	0.0	0.0	1.0
ZSWIM8	NA	5679	1	0	0	0	0	0	1	0	1.0	0.0	0.0	1.0
ADAM29	NA	2463	1	0	1	0	0	0	0	0	1.0	0.0	0.0	1.0
BMPR1B	NA	1599	1	0	0	0	0	0	1	0	1.0	0.0	0.0	1.0
CCDC158	NA	3342	1	0	0	0	0	0	1	0	1.0	0.0	0.0	1.0
CCNA2	NA	1299	1	0	0	0	0	0	1	0	1.0	0.0	0.0	1.0
CLOCK	NA	2541	1	0	0	0	0	0	1	0	1.0	1.0	0.0	1.0
CCSER1	NA	2703	1	0	0	0	0	0	1	0	1.0	0.0	0.0	1.0
FGA	NA	2601	1	0	0	0	0	0	1	0	1.0	0.0	0.0	1.0
FGFR3	NA	2427	0	1	0	0	0	0	0	0	1.0	0.0	0.0	1.0
FRAS1	NA	12039	1	0	0	0	0	0	1	0	1.0	0.0	0.0	1.0
GAK	NA	3936	1	0	0	0	0	0	1	0	1.0	0.0	0.0	1.0
GLRA3	NA	1395	1	0	0	0	0	0	1	0	1.0	0.0	0.0	1.0
GPR125	NA	3966	0	2	0	0	0	0	0	0	1.0	0.0	0.0	1.0
GRIA2	NA	2652	1	0	0	0	0	0	1	0	1.0	0.0	0.0	1.0
HELT	NA	984	1	0	0	0	0	0	1	0	1.0	0.0	0.0	1.0
KIAA1109	NA	15018	0	1	0	0	0	0	0	0	1.0	0.0	0.0	1.0
KLF3	NA	1038	1	0	0	0	0	0	1	0	1.0	0.0	0.0	1.0
MAN2B2	NA	3030	1	1	0	0	0	0	1	0	1.0	0.0	0.0	1.0
MMRN1	NA	3687	1	0	1	0	0	0	0	0	1.0	0.0	0.0	1.0
MYL5	NA	522	0	1	0	0	0	0	0	0	1.0	0.0	0.0	1.0
NAF1	NA	1485	1	0	1	0	0	0	0	0	1.0	0.0	0.0	1.0
NUP54	NA	1524	1	0	0	0	0	0	1	0	1.0	0.0	0.0	1.0
OTOP1	NA	1839	1	0	0	0	0	0	1	0	1.0	0.0	0.0	1.0
OTUD4	NA	3150	1	0	0	0	0	0	1	0	1.0	0.0	0.0	1.0
PDS5A	NA	4014	1	0	0	0	0	0	1	0	1.0	0.0	0.0	1.0
PROM1	NA	2598	0	1	0	0	0	0	0	0	1.0	0.0	0.0	1.0
REST	NA	3294	1	0	0	0	0	0	1	0	1.0	0.0	0.0	1.0
RGS12	NA	4344	1	0	0	0	0	0	1	0	1.0	0.0	0.0	1.0
RWDD4	NA	567	0	1	0	0	0	0	0	0	1.0	0.0	0.0	1.0
SCARB2	NA	1437	1	0	0	0	0	0	1	0	1.0	0.0	0.0	1.0
SCFD2	NA	2055	1	0	0	0	0	0	1	0	1.0	0.0	0.0	1.0
SEL1L3	NA	3399	1	0	1	0	0	0	0	0	1.0	0.0	0.0	1.0
SLC10A4	NA	1314	1	0	0	0	0	0	1	0	1.0	0.0	0.0	1.0
SLC34A2	NA	2073	1	0	0	0	0	0	1	0	1.0	0.0	0.0	1.0
SLC4A4	NA	3285	1	0	0	0	0	0	1	0	1.0	0.0	0.0	1.0
SLIT2	NA	4590	0	1	0	0	0	0	0	0	1.0	0.0	0.0	1.0
SPATA5	NA	2682	1	0	0	0	0	0	1	0	1.0	0.0	0.0	1.0
SPOCK3	NA	1311	0	1	0	0	0	0	0	0	1.0	0.0	0.0	1.0
SYNPO2	NA	3786	0	1	0	0	0	0	0	0	1.0	0.0	0.0	1.0
TACC3	NA	2517	1	0	0	0	0	0	1	0	1.0	0.0	0.0	1.0
TACR3	NA	1398	1	0	0	0	0	0	1	0	1.0	0.0	0.0	1.0
TKTL2	NA	1881	2	0	0	0	0	0	2	0	1.0	0.0	0.0	1.0
TLR2	NA	2355	1	0	0	0	0	0	1	0	1.0	0.0	0.0	1.0
TLR3	NA	2715	1	1	0	0	0	0	1	0	1.0	0.0	0.0	1.0
TMEM175	NA	1515	0	1	0	0	0	0	0	0	1.0	0.0	0.0	1.0
TRMT10A	NA	1020	1	0	0	0	0	0	1	0	1.0	0.0	0.0	1.0
UCP1	NA	924	0	1	0	0	0	0	0	0	1.0	0.0	0.0	1.0
USP38	NA	3129	0	1	0	0	0	0	0	0	1.0	0.0	0.0	1.0
WDR1	NA	1821	1	0	0	0	0	0	1	0	1.0	0.0	0.0	1.0
ZNF518B	NA	3225	1	0	0	0	0	0	1	0	1.0	0.0	0.0	1.0
ZNF827	NA	3234	0	1	0	0	0	0	0	0	1.0	0.0	0.0	1.0
ADHFE1	NA	1404	1	0	0	0	0	0	1	0	1.0	0.0	0.0	1.0
BAG4	NA	1374	1	0	0	0	0	0	1	0	1.0	0.0	0.0	1.0
BAI1	NA	4755	1	0	0	0	0	0	1	0	1.0	0.0	0.0	1.0
C8orf44	NA	480	0	1	0	0	0	0	0	0	1.0	0.0	0.0	1.0
C8orf46	NA	624	0	1	0	0	0	0	0	0	1.0	0.0	0.0	1.0
CHD7	NA	8994	1	0	0	0	0	0	1	0	1.0	0.0	0.0	1.0
COL14A1	NA	5391	1	0	0	0	0	0	1	0	1.0	0.0	0.0	1.0
COL22A1	NA	4881	1	0	0	0	0	0	1	0	1.0	0.0	0.0	1.0
CPA6	NA	1314	1	0	0	0	0	0	1	0	1.0	0.0	0.0	1.0
CSGALNACT1	NA	1599	1	0	0	0	0	0	1	0	1.0	0.0	0.0	1.0
CSMD1	NA	10695	0	1	0	0	0	0	0	0	1.0	0.0	0.0	1.0
CTSB	NA	1020	1	0	0	0	0	0	1	0	1.0	0.0	0.0	1.0
CYP11B2	NA	1512	1	0	0	0	0	0	1	0	1.0	0.0	0.0	1.0
EEF1D	NA	1944	1	0	0	0	0	0	1	0	1.0	0.0	0.0	1.0
ESCO2	NA	1806	1	0	0	0	0	0	1	0	1.0	0.0	0.0	1.0
EXT1	NA	2241	1	0	0	0	0	0	1	0	1.0	0.0	0.0	1.0
FAM83A	NA	1305	1	0	0	0	0	0	1	0	1.0	0.0	0.0	1.0
FBXO43	NA	2127	1	0	0	0	0	0	1	0	1.0	0.0	0.0	1.0
GSDMC	NA	1527	1	0	0	0	0	0	1	0	1.0	0.0	0.0	1.0
HGSNAT	NA	1908	2	0	0	0	0	0	2	0	1.0	0.0	0.0	-0.0
IDO2	NA	1263	1	0	1	0	0	0	0	0	1.0	0.0	0.0	1.0
KAT6A	NA	6015	1	0	0	0	0	0	1	0	1.0	0.0	0.0	1.0
KCNS2	NA	1434	1	0	0	0	0	0	1	0	1.0	0.0	0.0	1.0
KHDRBS3	NA	1041	1	0	0	0	0	0	1	0	1.0	0.0	0.0	1.0
KLF10	NA	1443	1	0	0	0	0	0	1	0	1.0	0.0	0.0	1.0
LRRC24	NA	1542	1	0	0	0	0	0	1	0	1.0	0.0	0.0	1.0
LY6K	NA	498	1	0	0	0	0	0	1	0	1.0	0.0	0.0	1.0
MMP16	NA	1824	1	0	0	0	0	0	1	0	1.0	0.0	0.0	1.0
MTMR7	NA	1983	1	0	1	0	0	0	0	0	1.0	0.0	0.0	1.0
NDRG1	NA	1185	1	1	0	0	0	0	1	0	1.0	0.0	0.0	1.0
NRG1	NA	1938	1	1	0	0	0	0	1	0	1.0	0.0	0.0	1.0
OPLAH	NA	3867	1	0	0	0	0	0	1	0	1.0	0.0	0.0	1.0
PI15	NA	777	1	0	0	0	0	0	1	0	1.0	0.0	0.0	1.0
PLAG1	NA	1503	1	0	0	0	0	0	1	0	1.0	0.0	0.0	1.0
PLEC	NA	14055	0	1	0	0	0	0	0	0	1.0	0.0	0.0	1.0
PPP2R2A	NA	1374	2	0	1	0	0	0	1	0	1.0	0.0	0.0	1.0
PRKDC	NA	12386	1	1	0	0	0	0	1	0	1.0	0.0	0.0	1.0
PTK2B	NA	3030	1	0	0	0	1	0	0	0	1.0	0.0	0.0	1.0
RHPN1	NA	2013	1	0	0	0	0	0	1	0	1.0	0.0	0.0	1.0
SPAG1	NA	2781	1	0	0	0	0	0	1	0	1.0	0.0	0.0	1.0
ST3GAL1	NA	1023	0	1	0	0	0	0	0	0	1.0	0.0	0.0	1.0
STAU2	NA	1713	1	0	0	0	0	0	1	0	1.0	0.0	0.0	1.0
TACC1	NA	2418	1	0	0	0	0	0	1	0	1.0	0.0	0.0	1.0
TRPS1	NA	3885	0	1	0	0	0	0	0	0	1.0	0.0	0.0	1.0
TSNARE1	NA	1542	2	0	0	0	0	0	2	0	1.0	0.0	0.0	1.0
UNC5D	NA	2862	1	0	0	0	0	0	1	0	1.0	0.0	0.0	1.0
UTP23	NA	750	1	0	1	0	0	0	0	0	1.0	0.0	0.0	1.0
VPS13B	NA	12069	1	0	0	0	0	0	1	0	1.0	0.0	0.0	1.0
XKR6	NA	1926	1	0	0	0	0	0	1	0	1.0	0.0	0.0	1.0
ZFAT	NA	3732	1	0	0	0	0	0	1	0	1.0	0.0	0.0	1.0
ZFHX4	NA	10851	0	1	0	0	0	0	0	0	1.0	0.0	0.0	1.0
ACAN	NA	7593	1	0	0	0	0	0	1	0	1.0	0.0	0.0	1.0
ACSBG1	NA	2175	1	0	0	0	0	0	1	0	1.0	0.0	0.0	1.0
ADAMTSL3	NA	5076	0	1	0	0	0	0	0	0	1.0	0.0	0.0	1.0
ANPEP	NA	2904	1	0	0	0	0	0	1	0	1.0	0.0	0.0	1.0
BAHD1	NA	2343	1	0	0	0	0	0	1	0	1.0	0.0	0.0	1.0
C15orf39	NA	3144	1	0	0	0	0	0	1	0	1.0	0.0	0.0	1.0
C15orf40	NA	504	0	1	0	0	0	0	0	0	1.0	0.0	0.0	1.0
CEP152	NA	5133	1	0	0	0	0	0	1	0	1.0	0.0	0.0	1.0
CGNL1	NA	3909	2	0	0	0	0	0	2	0	1.0	0.0	0.0	1.0
CHD2	NA	5487	1	0	0	0	0	0	1	0	1.0	0.0	0.0	1.0
DYX1C1	NA	1263	1	0	0	0	0	0	1	0	1.0	0.0	0.0	1.0
FAM169B	NA	579	1	0	0	0	0	0	1	0	1.0	0.0	0.0	1.0
FAM189A1	NA	1620	1	0	0	0	0	0	1	0	1.0	0.0	0.0	1.0
FAN1	NA	3054	1	0	0	0	0	0	1	0	1.0	0.0	0.0	1.0
FANCI	NA	3987	1	0	0	0	0	0	1	0	1.0	0.0	0.0	1.0
FMN1	NA	3591	2	0	1	0	0	0	1	0	1.0	0.0	0.0	1.0
GOLGA6B	NA	2082	1	0	0	0	0	0	1	0	1.0	0.0	0.0	1.0
GOLGA6C	NA	2082	1	0	0	0	0	0	1	0	1.0	0.0	0.0	1.0
HCN4	NA	3612	0	1	0	0	0	0	0	0	1.0	0.0	0.0	1.0
HERC1	NA	14586	1	0	1	0	0	0	0	0	1.0	0.0	0.0	1.0
HERC2	NA	14505	2	0	1	0	0	0	1	0	1.0	0.0	0.0	1.0
HYPK	NA	390	1	0	0	0	0	0	1	0	1.0	0.0	0.0	1.0
IGDCC4	NA	3753	1	0	0	0	0	0	1	0	1.0	0.0	0.0	1.0
IGF1R	NA	4104	1	0	0	0	0	0	1	0	1.0	0.0	0.0	1.0
LDHAL6B	NA	1146	0	1	0	0	0	0	0	0	1.0	0.0	0.0	1.0
LIPC	NA	1500	1	0	0	0	0	0	1	0	1.0	0.0	0.0	1.0
MAP2K1	NA	1182	1	0	0	0	0	0	1	0	1.0	0.0	0.0	1.0
MGA	NA	9198	1	0	1	0	0	0	0	0	1.0	0.0	0.0	1.0
MYO1E	NA	3327	0	1	0	0	0	0	0	0	1.0	0.0	0.0	1.0
NDN	NA	966	1	0	0	0	0	0	1	0	1.0	0.0	0.0	1.0
NEDD4	NA	3744	1	0	0	0	0	0	1	0	1.0	0.0	0.0	1.0
NR2F2	NA	1245	1	0	0	0	0	0	1	0	1.0	0.0	0.0	1.0
OCA2	NA	2517	1	0	0	0	0	0	1	0	1.0	0.0	0.0	1.0
PARP6	NA	1893	0	1	0	0	0	0	0	0	1.0	0.0	0.0	1.0
PLA2G4E	NA	2607	0	1	0	0	0	0	0	0	1.0	0.0	0.0	1.0
RLBP1	NA	954	1	0	0	0	0	0	1	0	1.0	0.0	0.0	1.0
RTF1	NA	2133	1	0	0	0	0	0	1	0	1.0	0.0	0.0	1.0
SCAMP2	NA	990	1	0	0	0	0	0	1	0	1.0	0.0	0.0	1.0
SIN3A	NA	3822	3	0	0	0	0	0	3	0	1.0	0.0	0.0	1.0
SNX1	NA	1674	1	0	0	0	0	0	1	0	1.0	0.0	0.0	1.0
SPTBN5	NA	11025	1	0	0	0	0	0	1	0	1.0	0.0	0.0	1.0
TGM5	NA	2163	1	1	0	0	0	0	1	0	1.0	0.0	0.0	1.0
TIPIN	NA	906	1	0	0	0	0	0	1	0	1.0	0.0	0.0	1.0
TP53BP1	NA	5934	0	1	0	0	0	0	0	0	1.0	0.0	0.0	1.0
VPS13C	NA	11262	0	1	0	0	0	0	0	0	1.0	0.0	0.0	1.0
WHAMM	NA	2430	0	1	0	0	0	0	0	0	1.0	0.0	0.0	1.0
ATP9A	NA	3144	1	1	0	0	0	0	1	0	1.0	0.0	0.0	1.0
BPIFB1	NA	1455	0	1	0	0	0	0	0	0	1.0	0.0	0.0	1.0
C20orf194	NA	3534	1	0	0	0	0	0	1	0	1.0	0.0	0.0	1.0
CEP250	NA	7329	1	0	0	0	0	0	1	0	1.0	0.0	0.0	1.0
CHD6	NA	8148	0	1	0	0	0	0	0	0	1.0	0.0	0.0	1.0
CPXM1	NA	2205	1	0	0	0	0	0	1	0	1.0	0.0	0.0	1.0
CST9	NA	480	1	0	0	0	0	0	1	0	1.0	0.0	0.0	1.0
DNMT3B	NA	2562	1	0	0	0	0	0	1	0	1.0	0.0	0.0	1.0
EBF4	NA	1797	1	0	0	0	0	0	1	0	1.0	0.0	0.0	1.0
FOXA2	NA	1392	1	0	0	0	0	0	1	0	1.0	0.0	0.0	1.0
GDF5	NA	1506	1	0	0	0	0	0	1	0	1.0	0.0	0.0	1.0
HM13	NA	1281	1	0	0	0	0	0	1	0	1.0	0.0	0.0	1.0
IDH3B	NA	1158	1	0	0	1	0	0	0	0	1.0	0.0	0.0	1.0
IFT52	NA	1314	1	0	0	0	0	0	1	0	1.0	0.0	0.0	1.0
JAG1	NA	3657	1	0	0	0	0	0	1	0	1.0	0.0	0.0	1.0
KIF3B	NA	2244	1	0	0	0	0	0	1	0	1.0	0.0	0.0	1.0
LAMA5	NA	11088	0	1	0	0	0	0	0	0	1.0	0.0	0.0	1.0
NCOA3	NA	4275	0	1	0	0	0	0	0	0	1.0	0.0	0.0	1.0
NCOA6	NA	6192	0	1	0	0	0	0	0	0	1.0	0.0	0.0	1.0
PLCB1	NA	3651	1	0	0	0	0	0	1	0	1.0	0.0	0.0	1.0
PREX1	NA	4980	4	0	0	0	0	0	4	0	1.0	0.0	0.0	0.75
RBM39	NA	1593	1	0	0	0	0	0	1	0	1.0	0.0	0.0	1.0
RIN2	NA	2835	1	0	0	0	0	0	1	0	1.0	0.0	0.0	1.0
RRBP1	NA	2934	2	0	0	0	0	0	2	0	1.0	0.0	0.0	1.0
SLC9A8	NA	1794	1	0	0	0	0	0	1	0	1.0	0.0	0.0	1.0
SOGA1	NA	4986	2	0	0	0	0	0	2	0	1.0	0.0	0.0	1.0
SSTR4	NA	1167	0	1	0	0	0	0	0	0	1.0	0.0	0.0	1.0
TFAP2C	NA	1353	1	0	0	0	0	0	1	0	1.0	0.0	0.0	1.0
TLDC2	NA	648	1	0	0	0	0	0	1	0	1.0	0.0	0.0	1.0
TMC2	NA	2721	0	1	0	0	0	0	0	0	1.0	0.0	0.0	1.0
TMEM189-UBE2V1	NA	1113	1	0	0	0	0	0	1	0	1.0	0.0	0.0	1.0
TSHZ2	NA	3105	1	0	0	0	0	0	1	0	1.0	0.0	0.0	1.0
TTI1	NA	3270	0	1	0	0	0	0	0	0	1.0	0.0	0.0	1.0
VPS16	NA	2520	1	0	0	0	0	0	1	0	1.0	0.0	0.0	1.0
ZNF341	NA	2544	1	0	0	0	0	0	1	0	1.0	0.0	0.0	1.0
ZNF343	NA	1800	1	0	1	0	0	0	0	0	1.0	0.0	0.0	1.0
ZNFX1	NA	5757	0	1	0	0	0	0	0	0	1.0	0.0	0.0	1.0
ZSWIM1	NA	1458	1	0	0	0	0	0	1	0	1.0	0.0	0.0	1.0
APOL5	NA	1302	1	0	0	0	0	0	1	0	1.0	0.0	0.0	1.0
ARVCF	NA	2889	0	1	0	0	0	0	0	0	1.0	0.0	0.0	1.0
BRD1	NA	3177	1	0	0	0	0	0	1	0	1.0	0.0	0.0	1.0
CELSR1	NA	9045	1	0	0	0	1	0	0	0	1.0	0.0	0.0	1.0
CHEK2	NA	1761	1	0	1	0	0	0	0	0	1.0	0.0	0.0	1.0
CLDN5	NA	912	1	0	0	0	0	0	1	0	1.0	0.0	0.0	1.0
CYTH4	NA	1185	0	1	0	0	0	0	0	0	1.0	0.0	0.0	1.0
DDX17	NA	2196	1	0	0	0	0	0	1	0	1.0	0.0	0.0	1.0
ENTHD1	NA	1824	1	0	0	0	0	0	1	0	1.0	0.0	0.0	1.0
EP300	NA	7245	1	0	0	0	0	0	1	0	1.0	0.0	0.0	1.0
GAS2L1	NA	2045	0	1	0	0	0	0	0	0	1.0	0.0	0.0	1.0
GGA1	NA	1920	1	0	1	0	0	0	0	0	1.0	0.0	0.0	1.0
GNAZ	NA	1068	0	1	0	0	0	0	0	0	1.0	0.0	0.0	1.0
IGLV1-36	NA	352	1	0	1	0	0	0	0	0	1.0	0.0	0.0	1.0
LDOC1L	NA	720	1	0	0	0	0	0	1	0	1.0	0.0	0.0	1.0
LIMK2	NA	2061	1	0	0	0	0	0	1	0	1.0	0.0	0.0	1.0
MAPK8IP2	NA	2474	1	0	0	0	0	0	1	0	1.0	0.0	0.0	1.0
MORC2	NA	2913	2	0	0	0	0	0	2	0	1.0	0.0	0.0	1.0
MPST	NA	954	1	0	0	0	0	0	1	0	1.0	0.0	0.0	1.0
PLXNB2	NA	5517	0	1	0	0	0	0	0	0	1.0	0.0	1.0	1.0
PRODH	NA	1803	1	0	0	0	0	0	1	0	1.0	0.0	0.0	1.0
SEPT3	NA	1077	1	0	0	0	1	0	0	0	1.0	0.0	0.0	1.0
SHANK3	NA	5154	0	1	0	0	0	0	0	0	1.0	0.0	0.0	1.0
SLC25A17	NA	924	1	0	0	0	0	0	1	0	1.0	0.0	0.0	1.0
SOX10	NA	1401	1	0	0	0	0	0	1	0	1.0	0.0	0.0	1.0
TIMP3	NA	636	1	0	1	0	0	0	0	0	1.0	0.0	0.0	1.0
TPST2	NA	1134	1	0	0	0	0	0	1	0	1.0	0.0	0.0	1.0
TRIOBP	NA	7098	1	0	0	0	0	0	1	0	1.0	0.0	0.0	1.0
TTC28	NA	7446	1	0	0	0	0	0	1	0	1.0	0.0	0.0	1.0
TXNRD2	NA	1575	1	0	0	0	0	0	1	0	1.0	0.0	0.0	1.0
TYMP	NA	1464	0	1	0	0	0	0	0	0	1.0	0.0	0.0	1.0
ABCC4	NA	3978	1	0	0	0	0	0	1	0	1.0	0.0	0.0	1.0
ARGLU1	NA	822	1	0	0	0	0	0	1	0	1.0	0.0	0.0	1.0
ATP11A	NA	3576	0	1	0	0	0	0	0	0	1.0	0.0	0.0	1.0
ATP12A	NA	3138	0	2	0	0	0	0	0	0	1.0	0.0	0.0	1.0
ATP4B	NA	876	1	0	0	0	0	0	1	0	1.0	0.0	0.0	1.0
BRCA2	NA	10257	1	0	0	0	0	0	1	0	1.0	0.0	0.0	1.0
CAB39L	NA	1014	1	0	0	0	0	0	1	0	1.0	0.0	0.0	1.0
CCDC168	NA	21246	0	1	0	0	0	0	0	0	1.0	0.0	0.0	1.0
CENPJ	NA	4017	0	1	0	0	0	0	0	0	1.0	0.0	0.0	1.0
CHAMP1	NA	2439	0	1	0	0	0	0	0	0	1.0	0.0	0.0	1.0
CLDN10	NA	687	1	0	0	0	0	0	1	0	1.0	0.0	0.0	1.0
COL4A1	NA	5010	1	0	0	0	0	0	1	0	1.0	0.0	0.0	1.0
COL4A2	NA	5139	2	0	0	0	0	0	2	0	1.0	0.0	0.0	1.0
CUL4A	NA	2280	1	0	0	0	0	0	1	0	1.0	0.0	0.0	1.0
CYSLTR2	NA	1041	1	0	0	0	0	0	1	0	1.0	0.0	0.0	1.0
ELF1	NA	1860	0	1	0	0	0	0	0	0	1.0	0.0	0.0	1.0
FREM2	NA	9510	2	0	0	0	0	0	2	0	1.0	0.0	0.0	1.0
GPC6	NA	1668	1	0	0	0	0	0	1	0	1.0	0.0	0.0	1.0
GRK1	NA	1692	1	0	0	0	0	0	1	0	1.0	0.0	0.0	1.0
IFT88	NA	2502	1	0	1	0	0	0	0	0	1.0	0.0	0.0	1.0
IRS2	NA	4017	0	1	0	0	0	0	0	0	1.0	0.0	0.0	1.0
MPHOSPH8	NA	2583	1	0	0	0	0	0	1	0	1.0	0.0	0.0	1.0
NAA16	NA	2595	1	0	1	0	0	0	0	0	1.0	0.0	0.0	1.0
NALCN	NA	5217	1	0	0	0	0	0	1	0	1.0	0.0	0.0	1.0
NBEA	NA	8841	0	2	0	0	0	0	0	0	1.0	0.0	0.0	1.0
OLFM4	NA	1533	1	0	0	0	0	0	1	0	1.0	0.0	0.0	1.0
PARP4	NA	5175	1	0	0	0	0	0	1	0	1.0	0.0	0.0	1.0
PCID2	NA	1362	1	0	0	0	0	0	1	0	1.0	0.0	0.0	1.0
POSTN	NA	2511	1	0	0	0	0	0	1	0	1.0	0.0	0.0	1.0
SACS	NA	13740	2	0	0	0	0	0	2	0	1.0	0.0	0.0	1.0
SERP2	NA	198	1	0	0	0	0	0	1	0	1.0	0.0	0.0	1.0
SETDB2	NA	2160	0	1	0	0	0	0	0	0	1.0	0.0	0.0	1.0
SLC25A30	NA	876	1	0	0	0	0	0	1	0	1.0	0.0	0.0	1.0
STARD13	NA	3342	1	0	0	0	0	0	1	0	1.0	0.0	0.0	1.0
TMCO3	NA	2034	1	0	0	0	0	0	1	0	1.0	0.0	0.0	1.0
TUBGCP3	NA	2724	1	0	0	0	0	0	1	0	1.0	0.0	0.0	1.0
VWA8	NA	5718	1	0	0	0	1	0	0	0	1.0	0.0	0.0	1.0
XPO4	NA	3456	1	0	0	0	0	0	1	0	1.0	0.0	0.0	1.0
ZC3H13	NA	4695	1	0	0	0	0	0	1	0	1.0	0.0	0.0	1.0
ADNP2	NA	3396	1	0	0	0	0	0	1	0	1.0	0.0	0.0	1.0
APCDD1	NA	1545	1	0	0	0	0	0	1	0	1.0	0.0	0.0	1.0
ATP8B1	NA	3756	1	0	0	0	0	0	1	0	1.0	0.0	0.0	1.0
C18orf8	NA	1974	0	1	0	0	0	0	0	0	1.0	0.0	0.0	1.0
CXXC1	NA	1983	1	0	0	0	1	0	0	0	1.0	0.0	0.0	1.0
DLGAP1	NA	2934	1	0	0	0	0	0	1	0	1.0	0.0	0.0	1.0
DSC1	NA	2685	0	1	0	0	0	0	0	0	1.0	0.0	0.0	1.0
DSEL	NA	3669	1	0	0	0	0	0	1	0	1.0	0.0	0.0	1.0
DSG1	NA	3150	0	1	0	0	0	0	0	0	1.0	0.0	0.0	1.0
ELAC1	NA	1092	1	0	0	0	0	0	1	0	1.0	0.0	0.0	1.0
EMILIN2	NA	3162	0	1	0	0	0	0	0	0	1.0	0.0	0.0	1.0
KATNAL2	NA	1401	1	0	0	0	0	0	1	0	1.0	0.0	0.0	1.0
LAMA1	NA	9228	1	0	0	0	0	0	1	0	1.0	0.0	0.0	1.0
MOCOS	NA	2667	1	0	0	0	0	0	1	0	1.0	0.0	0.0	1.0
RBBP8	NA	2694	2	0	0	0	0	0	2	0	1.0	0.0	0.0	1.0
RTTN	NA	6681	1	1	1	0	0	0	0	0	1.0	0.0	0.0	1.0
SALL3	NA	3903	1	0	0	0	0	0	1	0	1.0	0.0	0.0	1.0
SKA1	NA	768	1	0	0	0	0	0	1	0	1.0	0.0	0.0	1.0
SLC14A1	NA	1338	1	0	0	0	0	0	1	0	1.0	0.0	0.0	1.0
STARD6	NA	663	0	1	0	0	0	0	0	0	1.0	0.0	0.0	1.0
TMEM241	NA	891	1	0	0	0	0	0	1	0	1.0	0.0	0.0	1.0
TSHZ1	NA	3099	1	0	0	0	0	0	1	0	1.0	0.0	0.0	1.0
ZNF519	NA	1623	1	0	0	0	0	0	1	0	1.0	0.0	0.0	1.0
ABCG1	NA	2037	1	0	0	0	0	0	1	0	1.0	0.0	0.0	1.0
COL18A1	NA	4551	1	0	0	0	0	0	1	0	1.0	0.0	0.0	1.0
COL6A1	NA	3087	1	1	1	0	0	0	0	0	1.0	0.0	0.0	1.0
DSCAM	NA	6039	0	2	0	0	0	0	0	0	1.0	0.0	0.0	1.0
DSCR3	NA	894	1	0	0	0	0	0	1	0	1.0	0.0	0.0	1.0
JAM2	NA	939	1	0	0	0	0	0	1	0	1.0	0.0	0.0	1.0
KRTAP19-2	NA	159	0	1	0	0	0	0	0	0	1.0	0.0	0.0	1.0
MCM3AP	NA	5943	1	0	0	0	0	0	1	0	1.0	0.0	0.0	1.0
MORC3	NA	2820	1	0	0	0	0	0	1	0	1.0	0.0	0.0	1.0
PCNT	NA	10011	1	0	0	0	0	0	1	0	1.0	0.0	0.0	1.0
PDE9A	NA	1782	1	0	0	0	0	0	1	0	1.0	0.0	0.0	1.0
PKNOX1	NA	1311	1	0	0	0	0	0	1	0	1.0	0.0	0.0	1.0
SON	NA	7281	1	0	0	0	0	0	1	0	1.0	0.0	0.0	1.0
TPTE	NA	1656	0	1	0	0	0	0	0	0	1.0	0.0	0.0	1.0
TSPEAR	NA	2010	1	0	0	0	0	0	1	0	1.0	0.0	0.0	1.0
UMODL1	NA	4341	1	0	0	0	0	0	1	0	1.0	0.0	0.0	1.0
UTY	NA	4335	1	0	0	0	0	0	1	0	1.0	0.0	0.0	1.0
