gene	Total SNV Mutations	SNVs Unmapped to Ref Tx	inactivating count	inactivating p-value	inactivating BH q-value
ZNF441	1	0	1	0.00993	0.2105279274865262
ANKS1B	1	0	1	0.021229619565217392	0.2105279274865262
PDILT	1	0	1	0.025185744868404483	0.2105279274865262
CERKL	1	0	1	0.02664251079021687	0.2105279274865262
NOD1	2	0	1	0.02718942875010196	0.2105279274865262
TSC2	1	0	1	0.02915961975855835	0.2105279274865262
SEPT3	1	0	1	0.032655193808575254	0.2105279274865262
PLXNB1	1	0	1	0.03305894409732553	0.2105279274865262
SLC22A17	1	0	1	0.034121540928788344	0.2105279274865262
UHRF1BP1	1	0	1	0.034434075961571574	0.2105279274865262
NR2C2	1	0	1	0.03588345055260514	0.2105279274865262
RAI1	1	0	1	0.03939179075080753	0.2105279274865262
KLC4	1	0	1	0.039397998581672054	0.2105279274865262
FSTL4	1	0	1	0.04052520667855406	0.2105279274865262
PLEKHG4B	1	0	1	0.045651677699155443	0.2105279274865262
PODXL	1	0	1	0.04575611988103409	0.2105279274865262
IDH3B	1	0	1	0.045772874994278394	0.2105279274865262
STK33	1	0	1	0.04833953690723643	0.2105279274865262
ANKRD20A4	1	0	1	0.05003502451716201	0.2105279274865262
ZBED6CL	1	0	1	0.050841425593573644	0.2105279274865262
ARAP3	1	0	1	0.052521008403361345	0.2105279274865262
PCNXL3	1	0	1	0.05567618729469406	0.2105279274865262
FLII	1	0	1	0.058186896310950774	0.2105279274865262
NISCH	1	0	1	0.058343057176196034	0.2105279274865262
UTP23	1	0	1	0.05943536404160475	0.2105279274865262
SLC9A5	1	0	1	0.06076072426783327	0.2105279274865262
CXXC1	1	0	1	0.0613685179502915	0.2105279274865262
IDO2	1	0	1	0.06168650916044661	0.2105279274865262
CELSR1	1	0	1	0.061973227565691624	0.2105279274865262
GRIPAP1	1	0	1	0.06460783046905284	0.2105279274865262
SPIRE2	1	0	1	0.06669334400426838	0.2105279274865262
CIRH1A	1	0	1	0.0678472080873872	0.2105279274865262
TIMP3	1	0	1	0.0685166152792052	0.2105279274865262
EPN3	2	0	1	0.0701213098660683	0.2105279274865262
DYRK4	1	0	1	0.07013606396409033	0.2105279274865262
ERCC1	1	0	1	0.07112375533428165	0.2105279274865262
COL6A1	2	0	1	0.0711288142826659	0.2105279274865262
PRICKLE4	1	0	1	0.07364854912358226	0.2105279274865262
PER1	1	0	1	0.0760225026607876	0.2105279274865262
HIVEP2	1	0	1	0.07765180928715638	0.2105279274865262
ADORA1	1	0	1	0.08401949252226516	0.2105279274865262
ESYT3	1	0	1	0.08646031471554556	0.2105279274865262
FMN1	2	1	1	0.08742787200559539	0.2105279274865262
MTMR7	1	0	1	0.08803591865481117	0.2105279274865262
KIAA0430	2	0	1	0.08880994671403197	0.2105279274865262
PPFIBP1	1	0	1	0.09194556822361162	0.2105279274865262
NAF1	1	0	1	0.09385265133740028	0.2105279274865262
FANCG	1	0	1	0.09433072351664937	0.2105279274865262
SOHLH1	1	0	1	0.09618159084351255	0.2105279274865262
FRMPD3	1	0	1	0.0963298333493883	0.2105279274865262
CTCF	1	0	1	0.09941346058256288	0.2105279274865262
GFM1	1	0	1	0.09996001599360256	0.2105279274865262
VWA8	1	0	1	0.1051635292880429	0.2105279274865262
RTTN	2	0	1	0.10714668381013608	0.2105279274865262
ADAMTS9	2	0	1	0.10853049706967657	0.2105279274865262
MMRN1	1	0	1	0.11152001784320285	0.2105279274865262
WRAP53	1	0	1	0.11359763716914688	0.2105279274865262
UEVLD	1	0	1	0.1142334932602239	0.2105279274865262
C5orf47	1	0	1	0.11444266422522316	0.2105279274865262
PTPRE	1	0	1	0.1168770453482936	0.2105279274865262
RLN3	1	0	1	0.11933174224343675	0.2105279274865262
AGO4	1	0	1	0.11999040076793857	0.2105279274865262
PTK2B	1	0	1	0.12103606874848705	0.2105279274865262
SIPA1L1	1	0	1	0.1224889759921607	0.2105279274865262
NPHS2	1	0	1	0.1268713524486171	0.21321961620469082
CDK5RAP2	1	0	1	0.12958403524685758	0.21321961620469082
LAMA2	1	0	1	0.12987012987012986	0.21321961620469082
CYLD	1	0	1	0.13550135501355012	0.2185636000206642
SEL1L3	1	0	1	0.13709898546750754	0.2185636000206642
DZIP3	1	0	1	0.14821402104639098	0.22877774450101493
ANK3	3	0	1	0.14867677668748142	0.22877774450101493
GGA1	1	0	1	0.1497454327643007	0.22877774450101493
RABEP2	1	0	1	0.15827793605571383	0.2305847629588637
ALOX12	1	0	1	0.1596678907871627	0.2305847629588637
SDK2	2	0	1	0.1607717041800643	0.2305847629588637
CHD3	2	0	1	0.160926939169617	0.2305847629588637
CSF1R	2	0	1	0.16181229773462782	0.2305847629588637
WDR3	1	0	1	0.16350555918901244	0.2305847629588637
LUZP1	2	0	1	0.16711229946524064	0.23268801191362623
BMP5	1	0	1	0.1774622892635315	0.2440106477373558
HERC1	1	0	1	0.1817190623296384	0.24677897353407682
C9	1	0	1	0.1893939393939394	0.25226811973103636
IFNG	1	0	1	0.19105846388995032	0.25226811973103636
IGLV1-36	1	0	1	0.19264110961279138	0.25226811973103636
ZMYM3	3	0	1	0.20048115477145148	0.2594462002924666
HERC2	2	0	1	0.21514629948364888	0.27518712724652766
MLH3	2	0	1	0.22825838849577723	0.28860256016707464
ADAM29	1	0	1	0.23191094619666047	0.2898886827458256
MDN1	2	0	1	0.23679848448969926	0.29267228420075186
LRRN1	1	0	1	0.2807411566535654	0.34210362629843877
ADAM15	1	0	1	0.2853881278538813	0.34210362629843877
ATP2C2	2	0	1	0.2861230329041488	0.34210362629843877
EIF3I	1	0	1	0.29931158335827596	0.35300535926318155
CPD	1	0	1	0.30165912518853694	0.35300535926318155
LUC7L3	1	0	1	0.3078817733990148	0.35551763367463024
MGA	1	0	1	0.31026993484331367	0.35551763367463024
RYR1	4	0	1	0.314070351758794	0.3561622545718282
PPP2R2A	2	0	1	0.31756113051762463	0.35644616690753783
NRG3	1	0	1	0.3290556103981573	0.36561734488684144
FAM178A	1	0	1	0.33704078193461406	0.3707448601280755
IFT88	1	0	1	0.34317089910775567	0.3737504841767636
CHEK2	1	0	1	0.3658982802780827	0.39451834689639587
LRRC48	1	0	1	0.3694126339120798	0.39451834689639587
TDRD6	1	0	1	0.37678975131876413	0.3985276215871544
MLH1	1	0	1	0.38580246913580246	0.4041740152851264
NF1	2	0	1	0.3972983710766786	0.40740740740740744
DNAJC7	2	0	1	0.3985651654045436	0.40740740740740744
ZNF343	1	0	1	0.4	0.40740740740740744
NAA16	1	0	1	0.4206983592763988	0.42455797725141164
SWAP70	1	0	1	0.4854368932038835	0.4854368932038835
ADAMTSL4	1	0	0	1.0	1.0
NT5C1B	2	0	0	1.0	1.0
OTOF	1	0	0	1.0	1.0
PGAP1	1	0	0	1.0	1.0
POLR1A	1	0	0	1.0	1.0
POTEE	1	0	0	1.0	1.0
PRKRA	1	0	0	1.0	1.0
PSME4	1	0	0	1.0	1.0
PTH2R	1	0	0	1.0	1.0
PTPRN	1	0	0	1.0	1.0
REG1A	1	0	0	1.0	1.0
REV1	1	0	0	1.0	1.0
RGPD3	1	0	0	1.0	1.0
RGPD4	1	0	0	1.0	1.0
ROCK2	1	0	0	1.0	1.0
SCN2A	1	0	0	1.0	1.0
SCN3A	1	0	0	1.0	1.0
SCTR	1	0	0	1.0	1.0
NRXN1	1	0	0	1.0	1.0
NEB	1	0	0	1.0	1.0
NBAS	1	0	0	1.0	1.0
MYT1L	2	0	0	1.0	1.0
FSIP2	1	0	0	1.0	1.0
GALNT14	1	0	0	1.0	1.0
GAREML	1	0	0	1.0	1.0
GCKR	1	0	0	1.0	1.0
GLI2	1	0	0	1.0	1.0
GPC1	1	0	0	1.0	1.0
GPD2	1	0	0	1.0	1.0
HDAC4	2	0	0	1.0	1.0
SF3B1	1	0	0	1.0	1.0
IDH1	1	0	0	1.0	1.0
IMP4	1	0	0	1.0	1.0
ING5	1	0	0	1.0	1.0
IQCA1	1	0	0	1.0	1.0
ITM2C	1	0	0	1.0	1.0
KCNK3	1	0	0	1.0	1.0
MAP3K19	1	0	0	1.0	1.0
MARCH7	1	0	0	1.0	1.0
MERTK	2	0	0	1.0	1.0
IGKV2D-24	1	0	0	1.0	1.0
SH3YL1	1	0	0	1.0	1.0
SLC3A1	1	0	0	1.0	1.0
SLC4A5	2	0	0	1.0	1.0
CDC27	1	0	0	1.0	1.0
CLTC	1	0	0	1.0	1.0
CRHR1	1	0	0	1.0	1.0
CRYBA1	1	0	0	1.0	1.0
DDX5	1	0	0	1.0	1.0
DHX58	1	0	0	1.0	1.0
DNAH17	3	0	0	1.0	1.0
DNAH2	2	0	0	1.0	1.0
CCDC43	1	0	0	1.0	1.0
DNAH9	1	0	0	1.0	1.0
ERBB2	1	0	0	1.0	1.0
FAM187A	1	0	0	1.0	1.0
FBF1	2	0	0	1.0	1.0
FDXR	1	0	0	1.0	1.0
FOXN1	1	0	0	1.0	1.0
GABARAP	1	0	0	1.0	1.0
GAS2L2	1	0	0	1.0	1.0
GDPD1	1	0	0	1.0	1.0
EFCAB5	1	0	0	1.0	1.0
FMNL2	1	0	0	1.0	1.0
CCDC40	1	0	0	1.0	1.0
C17orf85	1	0	0	1.0	1.0
SLC9A2	1	0	0	1.0	1.0
SNRNP200	1	0	0	1.0	1.0
SNTG2	1	0	0	1.0	1.0
SP3	1	0	0	1.0	1.0
SPEG	1	0	0	1.0	1.0
TCF7L1	1	0	0	1.0	1.0
TGOLN2	2	0	0	1.0	1.0
THNSL2	1	0	0	1.0	1.0
CCDC144A	1	0	0	1.0	1.0
THSD7B	1	0	0	1.0	1.0
TPO	1	0	0	1.0	1.0
TTN	2	0	0	1.0	1.0
WDR33	1	0	0	1.0	1.0
XPO1	1	0	0	1.0	1.0
ZNF638	1	0	0	1.0	1.0
AFMID	2	0	0	1.0	1.0
AOC3	1	0	0	1.0	1.0
C17orf62	1	0	0	1.0	1.0
TMEM87B	1	0	0	1.0	1.0
GPS1	1	0	0	1.0	1.0
FAM98A	1	0	0	1.0	1.0
EPB41L5	1	0	0	1.0	1.0
POU2F3	1	0	0	1.0	1.0
PRDM10	1	0	0	1.0	1.0
PRG2	1	0	0	1.0	1.0
PTDSS2	1	0	0	1.0	1.0
RIN1	1	0	0	1.0	1.0
RNF121	1	0	0	1.0	1.0
RNF169	1	0	0	1.0	1.0
SCT	1	0	0	1.0	1.0
SHANK2	1	0	0	1.0	1.0
SIAE	1	0	0	1.0	1.0
SIK3	1	0	0	1.0	1.0
SLC1A2	1	0	0	1.0	1.0
SLC22A6	1	0	0	1.0	1.0
SLC22A9	1	0	0	1.0	1.0
SLC39A13	2	0	0	1.0	1.0
SNX15	1	0	0	1.0	1.0
SOX6	1	0	0	1.0	1.0
PLEKHB1	1	0	0	1.0	1.0
PLA2G16	1	0	0	1.0	1.0
PIK3C2A	1	0	0	1.0	1.0
PHRF1	1	0	0	1.0	1.0
NCAPD3	1	0	0	1.0	1.0
NPAT	1	0	0	1.0	1.0
NUP160	1	0	0	1.0	1.0
NXF1	1	0	0	1.0	1.0
OPCML	1	0	0	1.0	1.0
OR10G8	1	0	0	1.0	1.0
OR2D2	1	0	0	1.0	1.0
OR51V1	1	0	0	1.0	1.0
SRPR	1	0	0	1.0	1.0
OR52A5	1	0	0	1.0	1.0
OR5M9	1	0	0	1.0	1.0
OR6M1	1	0	0	1.0	1.0
OR6X1	1	0	0	1.0	1.0
OR8B3	1	0	0	1.0	1.0
OR8J3	1	0	0	1.0	1.0
P2RY2	1	0	0	1.0	1.0
PC	1	0	0	1.0	1.0
PCSK7	1	0	0	1.0	1.0
OR52J3	1	0	0	1.0	1.0
SSRP1	1	0	0	1.0	1.0
SUV420H1	1	0	0	1.0	1.0
SYT7	1	0	0	1.0	1.0
BUB1	1	0	0	1.0	1.0
CAPN13	1	0	0	1.0	1.0
CCDC108	1	0	0	1.0	1.0
CCDC121	1	0	0	1.0	1.0
CCDC148	1	0	0	1.0	1.0
CCDC150	1	0	0	1.0	1.0
CLASP1	1	0	0	1.0	1.0
CNTNAP5	1	0	0	1.0	1.0
ATG9A	2	0	0	1.0	1.0
COL3A1	1	0	0	1.0	1.0
CRIPT	1	0	0	1.0	1.0
CRYGC	1	0	0	1.0	1.0
DNAH7	1	0	0	1.0	1.0
DNAJC27	2	0	0	1.0	1.0
DYSF	2	0	0	1.0	1.0
EIF5B	1	0	0	1.0	1.0
EMILIN1	1	0	0	1.0	1.0
EML4	1	0	0	1.0	1.0
COL5A2	2	0	0	1.0	1.0
EVX2	1	0	0	1.0	1.0
ASTL	1	0	0	1.0	1.0
ALPPL2	1	0	0	1.0	1.0
TAF6L	2	0	0	1.0	1.0
TECTA	1	0	0	1.0	1.0
TENM4	2	0	0	1.0	1.0
TMEM223	1	0	0	1.0	1.0
TMEM225	1	0	0	1.0	1.0
TNKS1BP1	1	0	0	1.0	1.0
TRIM3	1	0	0	1.0	1.0
TRIM66	1	0	0	1.0	1.0
APOB	1	0	0	1.0	1.0
TRPM5	2	0	0	1.0	1.0
ZNF143	1	0	0	1.0	1.0
ZNF195	1	0	0	1.0	1.0
ADAM23	1	0	0	1.0	1.0
AGAP1	3	0	0	1.0	1.0
AGBL5	1	0	0	1.0	1.0
AGPS	1	0	0	1.0	1.0
ALMS1	2	0	0	1.0	1.0
ALPP	1	0	0	1.0	1.0
USH1C	1	0	0	1.0	1.0
HLF	1	0	0	1.0	1.0
HOXB5	1	0	0	1.0	1.0
IGF2BP1	1	0	0	1.0	1.0
RPN1	1	0	0	1.0	1.0
SATB1	1	0	0	1.0	1.0
SCN11A	1	0	0	1.0	1.0
SCN5A	1	0	0	1.0	1.0
SEMA5B	2	0	0	1.0	1.0
SETD2	1	0	0	1.0	1.0
SETMAR	1	0	0	1.0	1.0
SLC22A13	1	0	0	1.0	1.0
SLC9C1	1	0	0	1.0	1.0
SLITRK3	1	0	0	1.0	1.0
SPATA16	1	0	0	1.0	1.0
SPICE1	1	0	0	1.0	1.0
STAG1	1	0	0	1.0	1.0
STT3B	1	0	0	1.0	1.0
TGFBR2	1	0	0	1.0	1.0
TGM4	1	0	0	1.0	1.0
TLR9	1	0	0	1.0	1.0
RBM5	1	0	0	1.0	1.0
RASSF1	1	0	0	1.0	1.0
RAD18	1	0	0	1.0	1.0
POLQ	2	0	0	1.0	1.0
KLF15	1	0	0	1.0	1.0
KLHL24	1	0	0	1.0	1.0
KLHL6	1	0	0	1.0	1.0
LRRC34	1	0	0	1.0	1.0
LRRFIP2	1	0	0	1.0	1.0
MAP3K13	1	0	0	1.0	1.0
MME	1	0	0	1.0	1.0
MRPL3	1	0	0	1.0	1.0
TMEM43	1	0	0	1.0	1.0
MST1R	1	0	0	1.0	1.0
NME9	1	0	0	1.0	1.0
NR1D2	1	0	0	1.0	1.0
NR1I2	1	0	0	1.0	1.0
NUP210	1	0	0	1.0	1.0
PARP15	1	0	0	1.0	1.0
PHLDB2	1	0	0	1.0	1.0
PLCH1	1	0	0	1.0	1.0
PLXNA1	2	0	0	1.0	1.0
MTMR14	1	0	0	1.0	1.0
TRANK1	1	0	0	1.0	1.0
TRH	1	0	0	1.0	1.0
U2SURP	1	0	0	1.0	1.0
DAAM2	1	0	0	1.0	1.0
DNAH8	1	0	0	1.0	1.0
DPCR1	1	0	0	1.0	1.0
ECT2L	1	0	0	1.0	1.0
EEF1A1	1	0	0	1.0	1.0
EXOC2	1	0	0	1.0	1.0
FAM217A	1	0	0	1.0	1.0
FILIP1	2	0	0	1.0	1.0
CUTA	1	0	0	1.0	1.0
FRS3	1	0	0	1.0	1.0
GABRR1	1	0	0	1.0	1.0
GLP1R	1	0	0	1.0	1.0
GPANK1	1	0	0	1.0	1.0
GPR115	1	0	0	1.0	1.0
GPR116	1	0	0	1.0	1.0
GSTA2	1	0	0	1.0	1.0
HCRTR2	1	0	0	1.0	1.0
HEBP2	1	0	0	1.0	1.0
FYN	1	0	0	1.0	1.0
KCNAB1	1	0	0	1.0	1.0
CPNE5	1	0	0	1.0	1.0
COL9A1	1	0	0	1.0	1.0
UBA5	1	0	0	1.0	1.0
USP13	1	0	0	1.0	1.0
VHL	2	0	0	1.0	1.0
WDR48	1	0	0	1.0	1.0
ZBBX	1	0	0	1.0	1.0
ACOT13	1	0	0	1.0	1.0
ADGB	1	0	0	1.0	1.0
AIM1	1	0	0	1.0	1.0
COQ3	1	0	0	1.0	1.0
ALDH5A1	1	0	0	1.0	1.0
ARMC2	1	0	0	1.0	1.0
BAG6	1	0	0	1.0	1.0
BAI3	1	0	0	1.0	1.0
BRD2	1	0	0	1.0	1.0
BTN3A1	1	0	0	1.0	1.0
CCDC167	1	0	0	1.0	1.0
CD109	1	0	0	1.0	1.0
CNKSR3	1	0	0	1.0	1.0
ANKS1A	1	0	0	1.0	1.0
ITIH1	1	0	0	1.0	1.0
IQCB1	1	0	0	1.0	1.0
HES1	1	0	0	1.0	1.0
NLK	1	0	0	1.0	1.0
OR1E1	1	0	0	1.0	1.0
OR3A1	1	0	0	1.0	1.0
OR4D2	1	0	0	1.0	1.0
OSBPL7	1	0	0	1.0	1.0
PIK3R5	1	0	0	1.0	1.0
RAD51C	1	0	0	1.0	1.0
RBFOX3	1	0	0	1.0	1.0
NKIRAS2	1	0	0	1.0	1.0
RNF213	1	0	0	1.0	1.0
SGSH	1	0	0	1.0	1.0
SLC16A3	1	0	0	1.0	1.0
SLC16A5	1	0	0	1.0	1.0
SLC25A11	1	0	0	1.0	1.0
SLC47A1	1	0	0	1.0	1.0
SLC47A2	1	0	0	1.0	1.0
SNX11	1	0	0	1.0	1.0
SPECC1	1	0	0	1.0	1.0
SCO1	1	0	0	1.0	1.0
SREBF1	1	0	0	1.0	1.0
MYO15A	2	0	0	1.0	1.0
MYH13	2	0	0	1.0	1.0
ITGB3	1	0	0	1.0	1.0
KIAA0100	1	0	0	1.0	1.0
KIF19	1	0	0	1.0	1.0
KPNB1	1	0	0	1.0	1.0
KRT17	1	0	0	1.0	1.0
KRT23	1	0	0	1.0	1.0
KRT26	1	0	0	1.0	1.0
LGALS3BP	1	0	0	1.0	1.0
MYH2	1	0	0	1.0	1.0
LGALS9C	1	0	0	1.0	1.0
MARCH10	1	0	0	1.0	1.0
MBTD1	1	0	0	1.0	1.0
MED13	1	0	0	1.0	1.0
MEOX1	1	0	0	1.0	1.0
MFAP4	1	0	0	1.0	1.0
MRC2	1	0	0	1.0	1.0
MRPS7	1	0	0	1.0	1.0
MYH1	1	0	0	1.0	1.0
LPO	1	0	0	1.0	1.0
MYOD1	1	0	0	1.0	1.0
STAT5B	1	0	0	1.0	1.0
SUPT6H	1	0	0	1.0	1.0
HMCES	1	0	0	1.0	1.0
CAMK2N2	1	0	0	1.0	1.0
CAMKV	1	0	0	1.0	1.0
CCDC174	1	0	0	1.0	1.0
CD200R1	1	0	0	1.0	1.0
CLSTN2	1	0	0	1.0	1.0
COL6A5	2	0	0	1.0	1.0
DNAH1	1	0	0	1.0	1.0
BOC	1	0	0	1.0	1.0
DNAJC13	1	0	0	1.0	1.0
ECE2	1	0	0	1.0	1.0
EFHB	1	0	0	1.0	1.0
EPHB3	1	0	0	1.0	1.0
FLNB	1	0	0	1.0	1.0
GOLGB1	1	0	0	1.0	1.0
GPR128	1	0	0	1.0	1.0
GRAMD1C	1	0	0	1.0	1.0
H1FOO	1	0	0	1.0	1.0
DPPA2	1	0	0	1.0	1.0
STX8	1	0	0	1.0	1.0
BFSP2	1	0	0	1.0	1.0
ATR	1	0	0	1.0	1.0
TMEM132E	1	0	0	1.0	1.0
TP53	2	0	0	1.0	1.0
TRIM16L	1	0	0	1.0	1.0
TRIM47	1	0	0	1.0	1.0
TRIM65	1	0	0	1.0	1.0
TTLL6	1	0	0	1.0	1.0
TUBG2	1	0	0	1.0	1.0
WDR81	2	0	0	1.0	1.0
BAP1	1	0	0	1.0	1.0
WSCD1	1	0	0	1.0	1.0
ZNF286A	1	0	0	1.0	1.0
AADACL2	1	0	0	1.0	1.0
ADCY5	1	0	0	1.0	1.0
APPL1	1	0	0	1.0	1.0
ARHGAP31	1	0	0	1.0	1.0
ARHGEF26	1	0	0	1.0	1.0
ATG7	2	0	0	1.0	1.0
ATP6V1A	1	0	0	1.0	1.0
ZBTB4	1	0	0	1.0	1.0
MUS81	1	0	0	1.0	1.0
MUC5B	1	0	0	1.0	1.0
MUC2	1	0	0	1.0	1.0
PSMA5	1	0	0	1.0	1.0
PTPN14	1	0	0	1.0	1.0
PTPRU	2	0	0	1.0	1.0
RAB3GAP2	1	0	0	1.0	1.0
RAD54L	2	0	0	1.0	1.0
RBM8A	1	0	0	1.0	1.0
RFX5	1	0	0	1.0	1.0
RGL1	1	0	0	1.0	1.0
RHBG	1	0	0	1.0	1.0
RIIAD1	1	0	0	1.0	1.0
ROR1	2	0	0	1.0	1.0
RPL11	1	0	0	1.0	1.0
RYR2	3	0	0	1.0	1.0
SCNN1D	1	0	0	1.0	1.0
SDF4	1	0	0	1.0	1.0
SDHB	1	0	0	1.0	1.0
SDHC	1	0	0	1.0	1.0
PRG4	2	0	0	1.0	1.0
PRAMEF2	1	0	0	1.0	1.0
PPT1	1	0	0	1.0	1.0
PPP1R8	1	0	0	1.0	1.0
OR14A16	1	0	0	1.0	1.0
OR2T2	1	0	0	1.0	1.0
OR2T4	1	0	0	1.0	1.0
PABPC4	1	0	0	1.0	1.0
PADI3	1	0	0	1.0	1.0
PAX7	1	0	0	1.0	1.0
PCNXL2	1	0	0	1.0	1.0
PDC	1	0	0	1.0	1.0
SEMA4A	1	0	0	1.0	1.0
PDE4DIP	2	0	0	1.0	1.0
PHACTR4	1	0	0	1.0	1.0
PHGDH	1	0	0	1.0	1.0
PIAS3	1	0	0	1.0	1.0
PKLR	1	0	0	1.0	1.0
PLK3	1	0	0	1.0	1.0
PLOD1	1	0	0	1.0	1.0
PLXNA2	2	0	0	1.0	1.0
PPP1R12B	1	0	0	1.0	1.0
PGD	1	0	0	1.0	1.0
SLC16A1	1	0	0	1.0	1.0
SLC27A3	1	0	0	1.0	1.0
SLC2A1	1	0	0	1.0	1.0
TRIM46	1	0	0	1.0	1.0
TXLNA	1	0	0	1.0	1.0
UBR4	1	0	0	1.0	1.0
URB2	1	0	0	1.0	1.0
USH2A	1	0	0	1.0	1.0
VHLL	1	0	0	1.0	1.0
VPS13D	1	0	0	1.0	1.0
VWA5B1	1	0	0	1.0	1.0
TPR	2	0	0	1.0	1.0
DCAF8	1	0	0	1.0	1.0
ZFYVE9	1	0	0	1.0	1.0
ZMYM6	1	0	0	1.0	1.0
ZNF648	1	0	0	1.0	1.0
ZNF672	1	0	0	1.0	1.0
ZP4	2	0	0	1.0	1.0
A1BG	1	0	0	1.0	1.0
ADCK4	1	0	0	1.0	1.0
ALDH16A1	1	0	0	1.0	1.0
WDR77	1	0	0	1.0	1.0
OR10R2	1	0	0	1.0	1.0
TPM3	1	0	0	1.0	1.0
TNR	1	0	0	1.0	1.0
SLC2A7	1	0	0	1.0	1.0
SLC30A10	1	0	0	1.0	1.0
SLC39A1	1	0	0	1.0	1.0
SLC45A1	2	0	0	1.0	1.0
SMG7	1	0	0	1.0	1.0
SPOCD1	1	0	0	1.0	1.0
SPTA1	1	0	0	1.0	1.0
SRRM1	1	0	0	1.0	1.0
TP53BP2	1	0	0	1.0	1.0
STX6	1	0	0	1.0	1.0
SYTL1	1	0	0	1.0	1.0
SZT2	1	0	0	1.0	1.0
TARBP1	1	0	0	1.0	1.0
TAS1R1	2	0	0	1.0	1.0
TBCE	1	0	0	1.0	1.0
TMCC2	1	0	0	1.0	1.0
TMEM125	1	0	0	1.0	1.0
TNN	1	0	0	1.0	1.0
SWT1	1	0	0	1.0	1.0
OBSCN	4	0	0	1.0	1.0
NSUN4	1	0	0	1.0	1.0
NRAS	1	0	0	1.0	1.0
CLSTN1	2	0	0	1.0	1.0
CNR2	1	0	0	1.0	1.0
COL11A1	1	0	0	1.0	1.0
CROCC	1	0	0	1.0	1.0
CSMD2	1	0	0	1.0	1.0
CYP4Z1	1	0	0	1.0	1.0
DCAF6	1	0	0	1.0	1.0
DCST1	1	0	0	1.0	1.0
CLIC4	1	0	0	1.0	1.0
DHDDS	1	0	0	1.0	1.0
DMAP1	1	0	0	1.0	1.0
DNAJC6	1	0	0	1.0	1.0
DNM3	1	0	0	1.0	1.0
DTL	1	0	0	1.0	1.0
ECHDC2	1	0	0	1.0	1.0
EDN2	1	0	0	1.0	1.0
EPHA10	1	0	0	1.0	1.0
EXOSC10	1	0	0	1.0	1.0
DIEXF	1	0	0	1.0	1.0
FAM183A	1	0	0	1.0	1.0
CLDN19	1	0	0	1.0	1.0
CHD5	3	0	0	1.0	1.0
ANKRD34A	1	0	0	1.0	1.0
ARHGEF16	1	0	0	1.0	1.0
ARID1A	1	0	0	1.0	1.0
ASH1L	1	0	0	1.0	1.0
ASTN1	1	0	0	1.0	1.0
ATP13A2	1	0	0	1.0	1.0
ATP2B4	1	0	0	1.0	1.0
AVPR1B	1	0	0	1.0	1.0
CLCNKA	1	0	0	1.0	1.0
BCAR3	1	0	0	1.0	1.0
BLZF1	1	0	0	1.0	1.0
C1QC	1	0	0	1.0	1.0
C1orf167	1	0	0	1.0	1.0
CACNA1S	1	0	0	1.0	1.0
CC2D1B	1	0	0	1.0	1.0
CCT3	1	0	0	1.0	1.0
CD84	1	0	0	1.0	1.0
CEP350	1	0	0	1.0	1.0
BCL9	1	0	0	1.0	1.0
AMH	1	0	0	1.0	1.0
BRINP3	1	0	0	1.0	1.0
FLG	2	0	0	1.0	1.0
LCE3B	1	0	0	1.0	1.0
LINGO4	1	0	0	1.0	1.0
LPHN2	1	0	0	1.0	1.0
LRRC52	1	0	0	1.0	1.0
LRRN2	1	0	0	1.0	1.0
LY9	1	0	0	1.0	1.0
MACF1	2	0	0	1.0	1.0
MAEL	1	0	0	1.0	1.0
KMO	1	0	0	1.0	1.0
MAP1LC3C	1	0	0	1.0	1.0
MRPS15	1	0	0	1.0	1.0
MSH4	1	0	0	1.0	1.0
MTOR	2	0	0	1.0	1.0
NBPF1	1	0	0	1.0	1.0
NBPF10	1	0	0	1.0	1.0
NECAP2	1	0	0	1.0	1.0
NES	1	0	0	1.0	1.0
NGF	1	0	0	1.0	1.0
MROH9	1	0	0	1.0	1.0
FCRL3	1	0	0	1.0	1.0
KLHL12	1	0	0	1.0	1.0
KIF14	1	0	0	1.0	1.0
FMN2	1	0	0	1.0	1.0
FMOD	1	0	0	1.0	1.0
FPGT-TNNI3K	1	0	0	1.0	1.0
GADD45A	1	0	0	1.0	1.0
GLRX2	1	0	0	1.0	1.0
GPR153	1	0	0	1.0	1.0
GRIK3	1	0	0	1.0	1.0
GTF2B	1	0	0	1.0	1.0
KISS1	1	0	0	1.0	1.0
HAO2	1	0	0	1.0	1.0
HSD3B1	1	0	0	1.0	1.0
HSPG2	1	0	0	1.0	1.0
INTS7	1	0	0	1.0	1.0
IPP	1	0	0	1.0	1.0
ITPKB	1	0	0	1.0	1.0
KANK4	1	0	0	1.0	1.0
KCNH1	1	0	0	1.0	1.0
KIAA0040	1	0	0	1.0	1.0
HMCN1	2	0	0	1.0	1.0
ACBD3	1	0	0	1.0	1.0
AP1M1	1	0	0	1.0	1.0
ATP8B3	1	0	0	1.0	1.0
ZNF546	1	0	0	1.0	1.0
ZNF585B	1	0	0	1.0	1.0
ZNF587	1	0	0	1.0	1.0
ZNF600	1	0	0	1.0	1.0
ZNF614	1	0	0	1.0	1.0
ZNF615	1	0	0	1.0	1.0
ZNF653	1	0	0	1.0	1.0
HIST1H2AC	1	0	0	1.0	1.0
ZNF791	1	0	0	1.0	1.0
ZNF808	1	0	0	1.0	1.0
ZNF814	1	0	0	1.0	1.0
ZNF835	1	0	0	1.0	1.0
ZNF837	1	0	0	1.0	1.0
ABTB2	1	0	0	1.0	1.0
ALG9	1	0	0	1.0	1.0
AMICA1	1	0	0	1.0	1.0
ANKK1	1	0	0	1.0	1.0
ZNF544	1	0	0	1.0	1.0
ZNF536	1	0	0	1.0	1.0
ZNF431	1	0	0	1.0	1.0
ZNF419	1	0	0	1.0	1.0
TCF3	1	0	0	1.0	1.0
TICAM1	1	0	0	1.0	1.0
TLE6	1	0	0	1.0	1.0
TMEM59L	1	0	0	1.0	1.0
TMPRSS9	1	0	0	1.0	1.0
TRPM4	2	0	0	1.0	1.0
TSHZ3	2	0	0	1.0	1.0
TSKS	1	0	0	1.0	1.0
ANO1	1	0	0	1.0	1.0
UBE2S	1	0	0	1.0	1.0
URI1	1	0	0	1.0	1.0
USP29	1	0	0	1.0	1.0
XAB2	1	0	0	1.0	1.0
ZBTB45	1	0	0	1.0	1.0
ZIM3	1	0	0	1.0	1.0
ZNF177	1	0	0	1.0	1.0
ZNF321P	1	0	0	1.0	1.0
ZNF347	1	0	0	1.0	1.0
UNC13A	1	0	0	1.0	1.0
ARCN1	1	0	0	1.0	1.0
ARHGEF17	1	0	0	1.0	1.0
ART1	1	0	0	1.0	1.0
GLB1L2	1	0	0	1.0	1.0
GPR83	2	0	0	1.0	1.0
GRIA4	1	0	0	1.0	1.0
GRIK4	1	0	0	1.0	1.0
HRAS	2	0	0	1.0	1.0
HYOU1	1	0	0	1.0	1.0
IGF2	1	0	0	1.0	1.0
IGHMBP2	1	0	0	1.0	1.0
FLI1	1	0	0	1.0	1.0
IGSF9B	2	0	0	1.0	1.0
INTS5	1	0	0	1.0	1.0
KCNC1	2	0	0	1.0	1.0
KIRREL3	1	0	0	1.0	1.0
MARK2	1	0	0	1.0	1.0
METTL15	1	0	0	1.0	1.0
MOB2	1	0	0	1.0	1.0
MRGPRF	1	0	0	1.0	1.0
MRGPRX3	1	0	0	1.0	1.0
IL18	1	0	0	1.0	1.0
SSC5D	1	0	0	1.0	1.0
FGF3	2	0	0	1.0	1.0
EPS8L2	1	0	0	1.0	1.0
ATG13	1	0	0	1.0	1.0
BSCL2	1	0	0	1.0	1.0
C11orf63	1	0	0	1.0	1.0
C11orf88	1	0	0	1.0	1.0
CAPRIN1	1	0	0	1.0	1.0
CARS	1	0	0	1.0	1.0
CATSPER1	1	0	0	1.0	1.0
CDC42BPG	1	0	0	1.0	1.0
FAM111B	1	0	0	1.0	1.0
CHEK1	1	0	0	1.0	1.0
CTR9	1	0	0	1.0	1.0
CTSC	1	0	0	1.0	1.0
CWF19L2	1	0	0	1.0	1.0
DCHS1	1	0	0	1.0	1.0
DDX10	1	0	0	1.0	1.0
DIXDC1	1	0	0	1.0	1.0
DNHD1	1	0	0	1.0	1.0
EED	1	0	0	1.0	1.0
CST6	1	0	0	1.0	1.0
SNRPA	1	0	0	1.0	1.0
SMARCA4	2	0	0	1.0	1.0
SLC8A2	1	0	0	1.0	1.0
EVI5L	1	0	0	1.0	1.0
FAM71E2	1	0	0	1.0	1.0
GMIP	1	0	0	1.0	1.0
GP6	1	0	0	1.0	1.0
GPI	1	0	0	1.0	1.0
GRIK5	1	0	0	1.0	1.0
GRWD1	1	0	0	1.0	1.0
GTF2F1	1	0	0	1.0	1.0
EMP3	1	0	0	1.0	1.0
GYS1	1	0	0	1.0	1.0
IGFLR1	1	0	0	1.0	1.0
IL12RB1	2	0	0	1.0	1.0
IRF3	1	0	0	1.0	1.0
IZUMO1	1	0	0	1.0	1.0
KDM4B	1	0	0	1.0	1.0
KIR2DL3	1	0	0	1.0	1.0
KIRREL2	1	0	0	1.0	1.0
KLK1	1	0	0	1.0	1.0
HAUS8	1	0	0	1.0	1.0
KLK14	1	0	0	1.0	1.0
DUS3L	1	0	0	1.0	1.0
DOCK6	2	0	0	1.0	1.0
AXL	1	0	0	1.0	1.0
B3GNT8	1	0	0	1.0	1.0
BRD4	1	0	0	1.0	1.0
C19orf33	1	0	0	1.0	1.0
CACNA1A	1	0	0	1.0	1.0
CADM4	1	0	0	1.0	1.0
CALM3	1	0	0	1.0	1.0
CAMSAP3	1	0	0	1.0	1.0
DOT1L	1	0	0	1.0	1.0
CATSPERD	1	0	0	1.0	1.0
CBLC	1	0	0	1.0	1.0
CCDC114	1	0	0	1.0	1.0
CEACAM21	1	0	0	1.0	1.0
CEACAM5	1	0	0	1.0	1.0
CILP2	1	0	0	1.0	1.0
CLIP3	1	0	0	1.0	1.0
COPE	1	0	0	1.0	1.0
DNM2	1	0	0	1.0	1.0
CATSPERG	1	0	0	1.0	1.0
ARHGAP33	1	0	0	1.0	1.0
KLK6	1	0	0	1.0	1.0
KPTN	1	0	0	1.0	1.0
PLAUR	1	0	0	1.0	1.0
PLEKHA4	1	0	0	1.0	1.0
PLEKHG2	1	0	0	1.0	1.0
PRX	1	0	0	1.0	1.0
PSPN	1	0	0	1.0	1.0
PTPRH	1	0	0	1.0	1.0
PTPRS	1	0	0	1.0	1.0
PVR	2	0	0	1.0	1.0
PLA2G4C	1	0	0	1.0	1.0
RBM42	1	0	0	1.0	1.0
RGL3	1	0	0	1.0	1.0
RPL18	1	0	0	1.0	1.0
SAFB	1	0	0	1.0	1.0
SARS2	1	0	0	1.0	1.0
SBNO2	1	0	0	1.0	1.0
SBSN	1	0	0	1.0	1.0
SELV	1	0	0	1.0	1.0
SIGLEC7	1	0	0	1.0	1.0
REXO1	1	0	0	1.0	1.0
KLK8	1	0	0	1.0	1.0
PINLYP	1	0	0	1.0	1.0
OR7C2	1	0	0	1.0	1.0
LENG8	1	0	0	1.0	1.0
LGI4	1	0	0	1.0	1.0
LRRC8E	1	0	0	1.0	1.0
MAG	1	0	0	1.0	1.0
MAN2B1	1	0	0	1.0	1.0
MLLT1	1	0	0	1.0	1.0
MOB3A	1	0	0	1.0	1.0
MUC16	1	0	0	1.0	1.0
PCP2	1	0	0	1.0	1.0
MYADM	1	0	0	1.0	1.0
MYO1F	1	0	0	1.0	1.0
MYO9B	1	0	0	1.0	1.0
NCR1	1	0	0	1.0	1.0
NLRP12	1	0	0	1.0	1.0
NLRP5	1	0	0	1.0	1.0
NLRP8	1	0	0	1.0	1.0
NPHS1	1	0	0	1.0	1.0
OR1I1	1	0	0	1.0	1.0
MYH14	3	0	0	1.0	1.0
ZNF676	1	0	0	1.0	1.0
UTY	1	0	0	1.0	1.0
HIST1H4K	1	0	0	1.0	1.0
TNKS2	1	0	0	1.0	1.0
WDFY4	1	0	0	1.0	1.0
WNT8B	1	0	0	1.0	1.0
ZNF438	1	0	0	1.0	1.0
ZNF487	2	0	0	1.0	1.0
ZRANB1	1	0	0	1.0	1.0
ZSWIM8	1	0	0	1.0	1.0
BMPR1B	1	0	0	1.0	1.0
CCDC158	1	0	0	1.0	1.0
CCNA2	1	0	0	1.0	1.0
CLOCK	1	0	0	1.0	1.0
CCSER1	1	0	0	1.0	1.0
FGA	1	0	0	1.0	1.0
FGFR3	1	0	0	1.0	1.0
FRAS1	1	0	0	1.0	1.0
GAK	1	0	0	1.0	1.0
GLRA3	1	0	0	1.0	1.0
GPR125	2	0	0	1.0	1.0
GRIA2	1	0	0	1.0	1.0
HELT	1	0	0	1.0	1.0
KIAA1109	1	0	0	1.0	1.0
TLL2	1	0	0	1.0	1.0
KLF3	1	0	0	1.0	1.0
TET1	2	0	0	1.0	1.0
SIRT1	1	0	0	1.0	1.0
DNMBP	1	0	0	1.0	1.0
ENKUR	1	0	0	1.0	1.0
EXOC6	1	0	0	1.0	1.0
FRA10AC1	1	0	0	1.0	1.0
FRMPD2	1	0	0	1.0	1.0
GPR123	1	0	0	1.0	1.0
GTPBP4	1	0	0	1.0	1.0
HSPA14	1	0	0	1.0	1.0
HTR7	1	0	0	1.0	1.0
KIAA1462	1	0	0	1.0	1.0
LOXL4	1	0	0	1.0	1.0
LRRC27	1	0	0	1.0	1.0
MCM10	1	0	0	1.0	1.0
NEUROG3	1	0	0	1.0	1.0
NKX2-3	1	0	0	1.0	1.0
NRAP	1	0	0	1.0	1.0
OGDHL	1	0	0	1.0	1.0
PLAC9	1	0	0	1.0	1.0
PTCHD3	1	0	0	1.0	1.0
RBP3	1	0	0	1.0	1.0
RGR	1	0	0	1.0	1.0
TACC2	1	0	0	1.0	1.0
MAN2B2	2	0	0	1.0	1.0
MYL5	1	0	0	1.0	1.0
NUP54	1	0	0	1.0	1.0
ZNF518B	1	0	0	1.0	1.0
ZNF827	1	0	0	1.0	1.0
ADHFE1	1	0	0	1.0	1.0
BAG4	1	0	0	1.0	1.0
BAI1	1	0	0	1.0	1.0
C8orf44	1	0	0	1.0	1.0
C8orf46	1	0	0	1.0	1.0
CHD7	1	0	0	1.0	1.0
COL14A1	1	0	0	1.0	1.0
COL22A1	1	0	0	1.0	1.0
CPA6	1	0	0	1.0	1.0
CSGALNACT1	1	0	0	1.0	1.0
CSMD1	1	0	0	1.0	1.0
CTSB	1	0	0	1.0	1.0
CYP11B2	1	0	0	1.0	1.0
EEF1D	1	0	0	1.0	1.0
ESCO2	1	0	0	1.0	1.0
EXT1	1	0	0	1.0	1.0
FAM83A	1	0	0	1.0	1.0
FBXO43	1	0	0	1.0	1.0
GSDMC	1	0	0	1.0	1.0
WDR1	1	0	0	1.0	1.0
USP38	1	0	0	1.0	1.0
UCP1	1	0	0	1.0	1.0
TRMT10A	1	0	0	1.0	1.0
OTOP1	1	0	0	1.0	1.0
OTUD4	1	0	0	1.0	1.0
PDS5A	1	0	0	1.0	1.0
PROM1	1	0	0	1.0	1.0
REST	1	0	0	1.0	1.0
RGS12	1	0	0	1.0	1.0
RWDD4	1	0	0	1.0	1.0
SCARB2	1	0	0	1.0	1.0
SCFD2	1	0	0	1.0	1.0
SLC10A4	1	0	0	1.0	1.0
DNA2	1	0	0	1.0	1.0
SLC34A2	1	0	0	1.0	1.0
SLIT2	1	0	0	1.0	1.0
SPATA5	1	0	0	1.0	1.0
SPOCK3	1	0	0	1.0	1.0
SYNPO2	1	0	0	1.0	1.0
TACC3	1	0	0	1.0	1.0
TACR3	1	0	0	1.0	1.0
TKTL2	2	0	0	1.0	1.0
TLR2	1	0	0	1.0	1.0
TLR3	2	0	0	1.0	1.0
TMEM175	1	0	0	1.0	1.0
SLC4A4	1	0	0	1.0	1.0
HGSNAT	2	0	0	1.0	1.0
DIP2C	1	0	0	1.0	1.0
CYP2C18	1	0	0	1.0	1.0
CXorf67	1	0	0	1.0	1.0
DDX26B	1	0	0	1.0	1.0
DLG3	1	0	0	1.0	1.0
DMD	2	0	0	1.0	1.0
EIF1AX	1	0	0	1.0	1.0
ESX1	2	0	0	1.0	1.0
F8	1	0	0	1.0	1.0
FAM127A	1	0	0	1.0	1.0
FAM127B	1	0	0	1.0	1.0
FAM3A	1	0	0	1.0	1.0
GDPD2	1	0	0	1.0	1.0
GPR112	1	0	0	1.0	1.0
GPR173	1	0	0	1.0	1.0
GPR64	1	0	0	1.0	1.0
HDX	1	0	0	1.0	1.0
HTATSF1	1	0	0	1.0	1.0
HUWE1	1	0	0	1.0	1.0
IGSF1	1	0	0	1.0	1.0
IRS4	1	0	0	1.0	1.0
KAL1	1	0	0	1.0	1.0
KIAA1210	1	0	0	1.0	1.0
CXorf23	1	0	0	1.0	1.0
KIAA2022	1	0	0	1.0	1.0
CTPS2	1	0	0	1.0	1.0
CFP	1	0	0	1.0	1.0
SPTAN1	1	0	0	1.0	1.0
SVEP1	1	0	0	1.0	1.0
SYK	1	0	0	1.0	1.0
TAF1L	2	0	0	1.0	1.0
TLE1	1	0	0	1.0	1.0
TLN1	1	0	0	1.0	1.0
TRAF2	1	0	0	1.0	1.0
WNK2	1	0	0	1.0	1.0
ZDHHC12	1	0	0	1.0	1.0
AMOT	1	0	0	1.0	1.0
ARHGAP36	1	0	0	1.0	1.0
ARHGAP4	1	0	0	1.0	1.0
ATP11C	1	0	0	1.0	1.0
AWAT2	1	0	0	1.0	1.0
BCORL1	1	0	0	1.0	1.0
BRWD3	1	0	0	1.0	1.0
CA5B	1	0	0	1.0	1.0
CCDC22	2	0	0	1.0	1.0
CCNB3	1	0	0	1.0	1.0
CDR1	1	0	0	1.0	1.0
CENPI	1	0	0	1.0	1.0
CITED1	1	0	0	1.0	1.0
KIF4A	1	0	0	1.0	1.0
MAGEA3	1	0	0	1.0	1.0
MAGEB10	1	0	0	1.0	1.0
TBC1D8B	1	0	0	1.0	1.0
TMEM185A	1	0	0	1.0	1.0
TMEM47	1	0	0	1.0	1.0
TRPC5	1	0	0	1.0	1.0
UBQLN2	2	0	0	1.0	1.0
USP9X	1	0	0	1.0	1.0
WWC3	2	0	0	1.0	1.0
ZFP92	1	0	0	1.0	1.0
ZNF275	1	0	0	1.0	1.0
ZNF645	1	0	0	1.0	1.0
ABCC2	1	0	0	1.0	1.0
ACBD5	1	0	0	1.0	1.0
ALOX5	1	0	0	1.0	1.0
ANTXRL	1	0	0	1.0	1.0
ARMC4	1	0	0	1.0	1.0
C10orf71	1	0	0	1.0	1.0
C10orf90	1	0	0	1.0	1.0
CCDC172	1	0	0	1.0	1.0
CCDC3	1	0	0	1.0	1.0
COL17A1	3	0	0	1.0	1.0
CYP26A1	1	0	0	1.0	1.0
SRPX2	1	0	0	1.0	1.0
SLC6A14	1	0	0	1.0	1.0
SLC10A3	1	0	0	1.0	1.0
SHROOM4	1	0	0	1.0	1.0
MAGEB18	1	0	0	1.0	1.0
MAGT1	1	0	0	1.0	1.0
MECP2	1	0	0	1.0	1.0
MED14	1	0	0	1.0	1.0
MORC4	1	0	0	1.0	1.0
MPP1	1	0	0	1.0	1.0
MXRA5	2	0	0	1.0	1.0
NAA10	1	0	0	1.0	1.0
NHS	1	0	0	1.0	1.0
NR0B1	1	0	0	1.0	1.0
CYP2E1	1	0	0	1.0	1.0
OCRL	1	0	0	1.0	1.0
PHKA2	1	0	0	1.0	1.0
PIGA	1	0	0	1.0	1.0
PRAF2	1	0	0	1.0	1.0
RAB33A	1	0	0	1.0	1.0
RBMXL3	1	0	0	1.0	1.0
REPS2	1	0	0	1.0	1.0
RGAG1	1	0	0	1.0	1.0
RIPPLY1	1	0	0	1.0	1.0
RNF128	1	0	0	1.0	1.0
RPGR	1	0	0	1.0	1.0
PHEX	1	0	0	1.0	1.0
SNAPC4	2	0	0	1.0	1.0
KAT6A	1	0	0	1.0	1.0
KHDRBS3	1	0	0	1.0	1.0
ABCC4	1	0	0	1.0	1.0
ARGLU1	1	0	0	1.0	1.0
ATP11A	1	0	0	1.0	1.0
ATP12A	2	0	0	1.0	1.0
ATP4B	1	0	0	1.0	1.0
BRCA2	1	0	0	1.0	1.0
CAB39L	1	0	0	1.0	1.0
CCDC168	1	0	0	1.0	1.0
CENPJ	1	0	0	1.0	1.0
CHAMP1	1	0	0	1.0	1.0
CLDN10	1	0	0	1.0	1.0
COL4A1	1	0	0	1.0	1.0
COL4A2	2	0	0	1.0	1.0
CUL4A	1	0	0	1.0	1.0
CYSLTR2	1	0	0	1.0	1.0
ELF1	1	0	0	1.0	1.0
FREM2	2	0	0	1.0	1.0
GPC6	1	0	0	1.0	1.0
GRK1	1	0	0	1.0	1.0
IRS2	1	0	0	1.0	1.0
MPHOSPH8	1	0	0	1.0	1.0
TYMP	1	0	0	1.0	1.0
NALCN	1	0	0	1.0	1.0
TXNRD2	1	0	0	1.0	1.0
TRIOBP	1	0	0	1.0	1.0
APOL5	1	0	0	1.0	1.0
ARVCF	1	0	0	1.0	1.0
BRD1	1	0	0	1.0	1.0
CLDN5	1	0	0	1.0	1.0
CYTH4	1	0	0	1.0	1.0
DDX17	1	0	0	1.0	1.0
ENTHD1	1	0	0	1.0	1.0
EP300	1	0	0	1.0	1.0
GAS2L1	1	0	0	1.0	1.0
GNAZ	1	0	0	1.0	1.0
LDOC1L	1	0	0	1.0	1.0
LIMK2	1	0	0	1.0	1.0
MAPK8IP2	1	0	0	1.0	1.0
MORC2	2	0	0	1.0	1.0
MPST	1	0	0	1.0	1.0
PLXNB2	1	0	0	1.0	1.0
PRODH	1	0	0	1.0	1.0
SHANK3	1	0	0	1.0	1.0
SLC25A17	1	0	0	1.0	1.0
SOX10	1	0	0	1.0	1.0
TPST2	1	0	0	1.0	1.0
TTC28	1	0	0	1.0	1.0
NBEA	2	0	0	1.0	1.0
OLFM4	1	0	0	1.0	1.0
PARP4	1	0	0	1.0	1.0
SKA1	1	0	0	1.0	1.0
SLC14A1	1	0	0	1.0	1.0
STARD6	1	0	0	1.0	1.0
TMEM241	1	0	0	1.0	1.0
TSHZ1	1	0	0	1.0	1.0
ZNF519	1	0	0	1.0	1.0
ABCG1	1	0	0	1.0	1.0
COL18A1	1	0	0	1.0	1.0
DSCAM	2	0	0	1.0	1.0
DSCR3	1	0	0	1.0	1.0
JAM2	1	0	0	1.0	1.0
KRTAP19-2	1	0	0	1.0	1.0
MCM3AP	1	0	0	1.0	1.0
MORC3	1	0	0	1.0	1.0
PCNT	1	0	0	1.0	1.0
PDE9A	1	0	0	1.0	1.0
PKNOX1	1	0	0	1.0	1.0
SON	1	0	0	1.0	1.0
TPTE	1	0	0	1.0	1.0
TSPEAR	1	0	0	1.0	1.0
UMODL1	1	0	0	1.0	1.0
SALL3	1	0	0	1.0	1.0
RBBP8	2	0	0	1.0	1.0
MOCOS	1	0	0	1.0	1.0
LAMA1	1	0	0	1.0	1.0
PCID2	1	0	0	1.0	1.0
POSTN	1	0	0	1.0	1.0
SACS	2	0	0	1.0	1.0
SERP2	1	0	0	1.0	1.0
SETDB2	1	0	0	1.0	1.0
SLC25A30	1	0	0	1.0	1.0
STARD13	1	0	0	1.0	1.0
TMCO3	1	0	0	1.0	1.0
TUBGCP3	1	0	0	1.0	1.0
XPO4	1	0	0	1.0	1.0
ZSWIM1	1	0	0	1.0	1.0
ZC3H13	1	0	0	1.0	1.0
APCDD1	1	0	0	1.0	1.0
ATP8B1	1	0	0	1.0	1.0
C18orf8	1	0	0	1.0	1.0
DLGAP1	1	0	0	1.0	1.0
DSC1	1	0	0	1.0	1.0
DSEL	1	0	0	1.0	1.0
DSG1	1	0	0	1.0	1.0
ELAC1	1	0	0	1.0	1.0
EMILIN2	1	0	0	1.0	1.0
KATNAL2	1	0	0	1.0	1.0
ADNP2	1	0	0	1.0	1.0
KCNS2	1	0	0	1.0	1.0
ZNFX1	1	0	0	1.0	1.0
VPS16	1	0	0	1.0	1.0
ADAMTSL3	1	0	0	1.0	1.0
ANPEP	1	0	0	1.0	1.0
BAHD1	1	0	0	1.0	1.0
C15orf39	1	0	0	1.0	1.0
C15orf40	1	0	0	1.0	1.0
CEP152	1	0	0	1.0	1.0
CGNL1	2	0	0	1.0	1.0
CHD2	1	0	0	1.0	1.0
DYX1C1	1	0	0	1.0	1.0
FAM169B	1	0	0	1.0	1.0
FAM189A1	1	0	0	1.0	1.0
FAN1	1	0	0	1.0	1.0
FANCI	1	0	0	1.0	1.0
GOLGA6B	1	0	0	1.0	1.0
GOLGA6C	1	0	0	1.0	1.0
HCN4	1	0	0	1.0	1.0
HYPK	1	0	0	1.0	1.0
IGDCC4	1	0	0	1.0	1.0
IGF1R	1	0	0	1.0	1.0
LDHAL6B	1	0	0	1.0	1.0
LIPC	1	0	0	1.0	1.0
ACSBG1	1	0	0	1.0	1.0
MAP2K1	1	0	0	1.0	1.0
ACAN	1	0	0	1.0	1.0
ZFAT	1	0	0	1.0	1.0
KLF10	1	0	0	1.0	1.0
LRRC24	1	0	0	1.0	1.0
LY6K	1	0	0	1.0	1.0
MMP16	1	0	0	1.0	1.0
NDRG1	2	0	0	1.0	1.0
NRG1	2	0	0	1.0	1.0
OPLAH	1	0	0	1.0	1.0
PI15	1	0	0	1.0	1.0
PLAG1	1	0	0	1.0	1.0
PLEC	1	0	0	1.0	1.0
PRKDC	2	0	0	1.0	1.0
RHPN1	1	0	0	1.0	1.0
SPAG1	1	0	0	1.0	1.0
ST3GAL1	1	0	0	1.0	1.0
STAU2	1	0	0	1.0	1.0
TACC1	1	0	0	1.0	1.0
TRPS1	1	0	0	1.0	1.0
TSNARE1	2	0	0	1.0	1.0
UNC5D	1	0	0	1.0	1.0
VPS13B	1	0	0	1.0	1.0
XKR6	1	0	0	1.0	1.0
ZFHX4	1	0	0	1.0	1.0
MYO1E	1	0	0	1.0	1.0
NDN	1	0	0	1.0	1.0
NEDD4	1	0	0	1.0	1.0
HM13	1	0	0	1.0	1.0
IFT52	1	0	0	1.0	1.0
JAG1	1	0	0	1.0	1.0
KIF3B	1	0	0	1.0	1.0
LAMA5	1	0	0	1.0	1.0
NCOA3	1	0	0	1.0	1.0
NCOA6	1	0	0	1.0	1.0
PLCB1	1	0	0	1.0	1.0
PREX1	4	0	0	1.0	1.0
RBM39	1	0	0	1.0	1.0
RIN2	1	0	0	1.0	1.0
RRBP1	2	0	0	1.0	1.0
SLC9A8	1	0	0	1.0	1.0
SOGA1	2	0	0	1.0	1.0
SSTR4	1	0	0	1.0	1.0
TFAP2C	1	0	0	1.0	1.0
TLDC2	1	0	0	1.0	1.0
TMC2	1	0	0	1.0	1.0
TMEM189-UBE2V1	1	0	0	1.0	1.0
TSHZ2	1	0	0	1.0	1.0
TTI1	1	0	0	1.0	1.0
GDF5	1	0	0	1.0	1.0
FOXA2	1	0	0	1.0	1.0
EBF4	1	0	0	1.0	1.0
DNMT3B	1	0	0	1.0	1.0
NR2F2	1	0	0	1.0	1.0
OCA2	1	0	0	1.0	1.0
PARP6	1	0	0	1.0	1.0
PLA2G4E	1	0	0	1.0	1.0
RLBP1	1	0	0	1.0	1.0
RTF1	1	0	0	1.0	1.0
SCAMP2	1	0	0	1.0	1.0
SIN3A	3	0	0	1.0	1.0
SNX1	1	0	0	1.0	1.0
SPTBN5	1	0	0	1.0	1.0
ZNF341	1	0	0	1.0	1.0
TGM5	2	0	0	1.0	1.0
TP53BP1	1	0	0	1.0	1.0
VPS13C	1	0	0	1.0	1.0
WHAMM	1	0	0	1.0	1.0
ATP9A	2	0	0	1.0	1.0
BPIFB1	1	0	0	1.0	1.0
C20orf194	1	0	0	1.0	1.0
CEP250	1	0	0	1.0	1.0
CHD6	1	0	0	1.0	1.0
CPXM1	1	0	0	1.0	1.0
CST9	1	0	0	1.0	1.0
TIPIN	1	0	0	1.0	1.0
SLC46A2	1	0	0	1.0	1.0
SLC44A1	1	0	0	1.0	1.0
SLC35D2	1	0	0	1.0	1.0
WBP11	1	0	0	1.0	1.0
WIF1	1	0	0	1.0	1.0
WNK1	1	0	0	1.0	1.0
WNT5B	1	0	0	1.0	1.0
WSB2	1	0	0	1.0	1.0
YARS2	1	0	0	1.0	1.0
ABCB4	1	0	0	1.0	1.0
ABCB5	1	0	0	1.0	1.0
ACN9	1	0	0	1.0	1.0
AIMP2	1	0	0	1.0	1.0
ARPC1A	1	0	0	1.0	1.0
C7orf50	1	0	0	1.0	1.0
CALD1	1	0	0	1.0	1.0
CLIP2	1	0	0	1.0	1.0
CNTNAP2	2	0	0	1.0	1.0
CRHR2	1	0	0	1.0	1.0
DOCK4	1	0	0	1.0	1.0
FKBP6	1	0	0	1.0	1.0
FOXK1	1	0	0	1.0	1.0
FSCN3	1	0	0	1.0	1.0
GIGYF1	1	0	0	1.0	1.0
VWF	1	0	0	1.0	1.0
GIMAP8	2	0	0	1.0	1.0
UBE3B	1	0	0	1.0	1.0
TCTN2	1	0	0	1.0	1.0
PHLDA1	1	0	0	1.0	1.0
PLEKHA5	1	0	0	1.0	1.0
PLEKHG7	1	0	0	1.0	1.0
PPFIA2	2	0	0	1.0	1.0
PRDM4	1	0	0	1.0	1.0
PTPN11	1	0	0	1.0	1.0
PTPRB	2	0	0	1.0	1.0
PUS1	1	0	0	1.0	1.0
RAB35	1	0	0	1.0	1.0
RAB3IP	1	0	0	1.0	1.0
RDH5	1	0	0	1.0	1.0
RNF10	1	0	0	1.0	1.0
SCARB1	1	0	0	1.0	1.0
SCNN1A	1	0	0	1.0	1.0
SCYL2	1	0	0	1.0	1.0
SMCO2	1	0	0	1.0	1.0
SNRNP35	1	0	0	1.0	1.0
STAB2	1	0	0	1.0	1.0
STAT6	1	0	0	1.0	1.0
TBK1	1	0	0	1.0	1.0
TCHP	1	0	0	1.0	1.0
TMEM132C	2	0	0	1.0	1.0
GLI3	1	0	0	1.0	1.0
GRM8	1	0	0	1.0	1.0
GTF2I	29	0	0	1.0	1.0
SLC26A3	1	0	0	1.0	1.0
SND1	1	0	0	1.0	1.0
SP8	1	0	0	1.0	1.0
SPDYE3	1	0	0	1.0	1.0
STRIP2	1	0	0	1.0	1.0
TRBC2	1	0	0	1.0	1.0
TRRAP	2	0	0	1.0	1.0
UBN2	1	0	0	1.0	1.0
VIPR2	1	0	0	1.0	1.0
WBSCR17	1	0	0	1.0	1.0
ZAN	1	0	0	1.0	1.0
ZKSCAN1	1	0	0	1.0	1.0
ZNF394	1	0	0	1.0	1.0
ZNF713	1	0	0	1.0	1.0
ZNF736	1	0	0	1.0	1.0
ZNF783	1	0	0	1.0	1.0
ABLIM3	3	0	0	1.0	1.0
ADAMTS16	1	0	0	1.0	1.0
ADCY2	1	0	0	1.0	1.0
ANKRD32	1	0	0	1.0	1.0
ARHGEF28	1	0	0	1.0	1.0
SLC13A1	1	0	0	1.0	1.0
RNF133	1	0	0	1.0	1.0
RHBDD2	1	0	0	1.0	1.0
RELN	1	0	0	1.0	1.0
HECW1	1	0	0	1.0	1.0
HOXA1	1	0	0	1.0	1.0
HTR5A	1	0	0	1.0	1.0
INTS1	1	0	0	1.0	1.0
KCND2	1	0	0	1.0	1.0
KIAA1549	1	0	0	1.0	1.0
KPNA7	1	0	0	1.0	1.0
LFNG	1	0	0	1.0	1.0
LRCH4	1	0	0	1.0	1.0
KMT2C	1	0	0	1.0	1.0
PFKM	1	0	0	1.0	1.0
MLXIPL	1	0	0	1.0	1.0
NOS3	1	0	0	1.0	1.0
NRCAM	1	0	0	1.0	1.0
PCLO	3	0	0	1.0	1.0
PCOLCE	1	0	0	1.0	1.0
PDK4	1	0	0	1.0	1.0
PEG10	1	0	0	1.0	1.0
PRKAR2B	1	0	0	1.0	1.0
PRSS1	1	0	0	1.0	1.0
PSMC2	1	0	0	1.0	1.0
RADIL	2	0	0	1.0	1.0
MYO1G	1	0	0	1.0	1.0
ATP10B	1	0	0	1.0	1.0
PEX5	1	0	0	1.0	1.0
OTOGL	2	0	0	1.0	1.0
SENP6	1	0	0	1.0	1.0
SERPINB1	1	0	0	1.0	1.0
SIM1	1	0	0	1.0	1.0
SLC29A1	1	0	0	1.0	1.0
SOX4	1	0	0	1.0	1.0
SYNE1	2	0	0	1.0	1.0
TAP1	1	0	0	1.0	1.0
TAPBP	1	0	0	1.0	1.0
TNXB	2	0	0	1.0	1.0
TRERF1	1	0	0	1.0	1.0
TUBE1	1	0	0	1.0	1.0
UTRN	1	0	0	1.0	1.0
VARS	1	0	0	1.0	1.0
ZBTB9	1	0	0	1.0	1.0
ZNF318	1	0	0	1.0	1.0
ZNF76	1	0	0	1.0	1.0
ZSCAN12	1	0	0	1.0	1.0
ZSCAN16	2	0	0	1.0	1.0
A2ML1	1	0	0	1.0	1.0
ACSS3	1	0	0	1.0	1.0
AMHR2	1	0	0	1.0	1.0
SCAF8	1	0	0	1.0	1.0
ANAPC5	1	0	0	1.0	1.0
RREB1	1	0	0	1.0	1.0
RAB32	1	0	0	1.0	1.0
HIVEP1	1	0	0	1.0	1.0
ICK	1	0	0	1.0	1.0
ID4	1	0	0	1.0	1.0
L3MBTL3	1	0	0	1.0	1.0
LRFN2	1	0	0	1.0	1.0
LRRC1	1	0	0	1.0	1.0
MAP3K5	1	0	0	1.0	1.0
MDGA1	1	0	0	1.0	1.0
MTCH1	1	0	0	1.0	1.0
NUP43	1	0	0	1.0	1.0
OR11A1	1	0	0	1.0	1.0
PAQR8	1	0	0	1.0	1.0
PDE7B	1	0	0	1.0	1.0
PGC	2	0	0	1.0	1.0
PHF10	1	0	0	1.0	1.0
PHF3	1	0	0	1.0	1.0
PHIP	1	0	0	1.0	1.0
PI16	1	0	0	1.0	1.0
PLEKHG1	1	0	0	1.0	1.0
POLH	1	0	0	1.0	1.0
PPP1R10	2	0	0	1.0	1.0
RNF146	1	0	0	1.0	1.0
ARID2	1	0	0	1.0	1.0
B3GNT4	1	0	0	1.0	1.0
BBS10	1	0	0	1.0	1.0
INHBC	1	0	0	1.0	1.0
IQSEC3	1	0	0	1.0	1.0
ITPR2	1	0	0	1.0	1.0
KIF21A	1	0	0	1.0	1.0
LMBR1L	1	0	0	1.0	1.0
LRIG3	1	0	0	1.0	1.0
LRMP	1	0	0	1.0	1.0
LTA4H	1	0	0	1.0	1.0
KMT2D	1	0	0	1.0	1.0
MLXIP	1	0	0	1.0	1.0
MYBPC1	1	0	0	1.0	1.0
NAA25	1	0	0	1.0	1.0
NEUROD4	1	0	0	1.0	1.0
NR1H4	1	0	0	1.0	1.0
NRIP2	1	0	0	1.0	1.0
OR10A7	1	0	0	1.0	1.0
OR6C1	1	0	0	1.0	1.0
OR6C2	1	0	0	1.0	1.0
OR6C65	1	0	0	1.0	1.0
OR6C76	1	0	0	1.0	1.0
ORAI1	1	0	0	1.0	1.0
HCAR2	1	0	0	1.0	1.0
GRIP1	2	0	0	1.0	1.0
GPR84	1	0	0	1.0	1.0
GPR182	1	0	0	1.0	1.0
BHLHE41	1	0	0	1.0	1.0
C12orf74	1	0	0	1.0	1.0
CAPS2	1	0	0	1.0	1.0
CCDC63	1	0	0	1.0	1.0
CIT	1	0	0	1.0	1.0
CLEC9A	1	0	0	1.0	1.0
CLIP1	1	0	0	1.0	1.0
COL2A1	1	0	0	1.0	1.0
DBX2	1	0	0	1.0	1.0
DCN	1	0	0	1.0	1.0
PCBP2	1	0	0	1.0	1.0
DDX51	1	0	0	1.0	1.0
DHX37	1	0	0	1.0	1.0
DNAH10	2	0	0	1.0	1.0
DRAM1	1	0	0	1.0	1.0
EP400	1	0	0	1.0	1.0
ERC1	1	0	0	1.0	1.0
FBXL14	1	0	0	1.0	1.0
FGD4	1	0	0	1.0	1.0
GALNT8	1	0	0	1.0	1.0
GCN1L1	1	0	0	1.0	1.0
GNB3	1	0	0	1.0	1.0
DERA	1	0	0	1.0	1.0
BHMT	1	0	0	1.0	1.0
C5orf60	1	0	0	1.0	1.0
CCNJL	1	0	0	1.0	1.0
MEIOB	1	0	0	1.0	1.0
MRPL28	2	0	0	1.0	1.0
MVP	1	0	0	1.0	1.0
NETO2	1	0	0	1.0	1.0
NKD1	1	0	0	1.0	1.0
NLRC5	2	0	0	1.0	1.0
NOMO3	1	0	0	1.0	1.0
PABPN1L	1	0	0	1.0	1.0
PIEZO1	1	0	0	1.0	1.0
PKD1	2	0	0	1.0	1.0
PLCG2	1	0	0	1.0	1.0
RRAD	1	0	0	1.0	1.0
SETD1A	1	0	0	1.0	1.0
SH2B1	1	0	0	1.0	1.0
SMG1	1	0	0	1.0	1.0
SPG7	1	0	0	1.0	1.0
SPSB3	1	0	0	1.0	1.0
SRRM2	1	0	0	1.0	1.0
TPSG1	1	0	0	1.0	1.0
ZFHX3	1	0	0	1.0	1.0
ZNF205	1	0	0	1.0	1.0
MAPK8IP3	1	0	0	1.0	1.0
ZNF629	1	0	0	1.0	1.0
KLHDC4	1	0	0	1.0	1.0
HP	1	0	0	1.0	1.0
CCDC102A	1	0	0	1.0	1.0
CCNF	1	0	0	1.0	1.0
CDH11	1	0	0	1.0	1.0
CDH15	1	0	0	1.0	1.0
CDYL2	1	0	0	1.0	1.0
CES2	1	0	0	1.0	1.0
CHST5	1	0	0	1.0	1.0
CLCN7	1	0	0	1.0	1.0
CLEC16A	1	0	0	1.0	1.0
CNGB1	1	0	0	1.0	1.0
CNOT1	1	0	0	1.0	1.0
CNTNAP4	1	0	0	1.0	1.0
CPNE7	1	0	0	1.0	1.0
DOC2A	1	0	0	1.0	1.0
FAM65A	1	0	0	1.0	1.0
FLYWCH1	1	0	0	1.0	1.0
FOXF1	1	0	0	1.0	1.0
GALNS	1	0	0	1.0	1.0
GLIS2	1	0	0	1.0	1.0
GPRC5B	1	0	0	1.0	1.0
GTF3C1	1	0	0	1.0	1.0
ITGAD	1	0	0	1.0	1.0
ZNF764	1	0	0	1.0	1.0
ZSCAN10	1	0	0	1.0	1.0
ABCA1	2	0	0	1.0	1.0
MAPKAP1	1	0	0	1.0	1.0
NIPSNAP3A	1	0	0	1.0	1.0
NOL8	1	0	0	1.0	1.0
NOTCH1	1	0	0	1.0	1.0
NTNG2	1	0	0	1.0	1.0
NTRK2	1	0	0	1.0	1.0
OLFM1	1	0	0	1.0	1.0
OLFML2A	1	0	0	1.0	1.0
OR1J2	1	0	0	1.0	1.0
PALM2-AKAP2	1	0	0	1.0	1.0
PCSK5	1	0	0	1.0	1.0
PIP5K1B	1	0	0	1.0	1.0
PPP1R26	1	0	0	1.0	1.0
PRRC2B	1	0	0	1.0	1.0
PTPRD	1	0	0	1.0	1.0
RALGPS1	1	0	0	1.0	1.0
RC3H2	1	0	0	1.0	1.0
RGS3	1	0	0	1.0	1.0
SEC16A	1	0	0	1.0	1.0
SEMA4D	2	0	0	1.0	1.0
SLC27A4	1	0	0	1.0	1.0
MAMDC4	1	0	0	1.0	1.0
LCNL1	1	0	0	1.0	1.0
LCN12	1	0	0	1.0	1.0
LAMC3	1	0	0	1.0	1.0
ABCA2	1	0	0	1.0	1.0
ACO1	1	0	0	1.0	1.0
ADAMTS13	2	0	0	1.0	1.0
AGTPBP1	1	0	0	1.0	1.0
AKNA	1	0	0	1.0	1.0
AMBP	1	0	0	1.0	1.0
BNC2	1	0	0	1.0	1.0
C9orf84	1	0	0	1.0	1.0
C9orf89	1	0	0	1.0	1.0
CER1	1	0	0	1.0	1.0
C16orf96	1	0	0	1.0	1.0
CRAT	1	0	0	1.0	1.0
DAB2IP	1	0	0	1.0	1.0
DCAF12	1	0	0	1.0	1.0
ENG	1	0	0	1.0	1.0
ABHD17B	1	0	0	1.0	1.0
FOXD4	1	0	0	1.0	1.0
GARNL3	1	0	0	1.0	1.0
GBA2	1	0	0	1.0	1.0
GRIN3A	1	0	0	1.0	1.0
KCNV2	1	0	0	1.0	1.0
KIF24	1	0	0	1.0	1.0
CTSL	1	0	0	1.0	1.0
ARMC5	1	0	0	1.0	1.0
AMDHD2	1	0	0	1.0	1.0
ADCY7	1	0	0	1.0	1.0
NSD1	1	0	0	1.0	1.0
PCDHA12	1	0	0	1.0	1.0
PCDHA13	1	0	0	1.0	1.0
PCDHA4	1	0	0	1.0	1.0
PCDHA5	2	0	0	1.0	1.0
PCDHA7	1	0	0	1.0	1.0
PCDHB10	1	0	0	1.0	1.0
PCDHB2	1	0	0	1.0	1.0
PCDHB3	1	0	0	1.0	1.0
PCDHB6	1	0	0	1.0	1.0
PCDHGA1	1	0	0	1.0	1.0
PCDHGA4	1	0	0	1.0	1.0
PCDHGA8	1	0	0	1.0	1.0
PCDHGB1	1	0	0	1.0	1.0
RAPGEF6	1	0	0	1.0	1.0
REEP5	1	0	0	1.0	1.0
RPL26L1	1	0	0	1.0	1.0
RUFY1	2	0	0	1.0	1.0
SLC6A19	1	0	0	1.0	1.0
TCOF1	1	0	0	1.0	1.0
TENM2	1	0	0	1.0	1.0
NPR3	1	0	0	1.0	1.0
NLN	1	0	0	1.0	1.0
NIPBL	2	0	0	1.0	1.0
MYO10	1	0	0	1.0	1.0
CCT5	1	0	0	1.0	1.0
CDHR2	1	0	0	1.0	1.0
CTNND2	1	0	0	1.0	1.0
DAB2	1	0	0	1.0	1.0
DMXL1	1	0	0	1.0	1.0
DOCK2	2	0	0	1.0	1.0
EGFLAM	2	0	0	1.0	1.0
FAM105A	1	0	0	1.0	1.0
FLT4	1	0	0	1.0	1.0
FNIP1	1	0	0	1.0	1.0
THOC3	1	0	0	1.0	1.0
FST	1	0	0	1.0	1.0
GPR98	2	0	0	1.0	1.0
HARS2	1	0	0	1.0	1.0
HBEGF	1	0	0	1.0	1.0
HTR1A	1	0	0	1.0	1.0
HTR4	1	0	0	1.0	1.0
KIAA0825	1	0	0	1.0	1.0
KIF3A	1	0	0	1.0	1.0
LPCAT1	2	0	0	1.0	1.0
MCC	1	0	0	1.0	1.0
MSH3	1	0	0	1.0	1.0
GFPT2	1	0	0	1.0	1.0
HIST1H2BJ	1	0	0	1.0	1.0
TPPP	1	0	0	1.0	1.0
TRIO	1	0	0	1.0	1.0
OR4N2	1	0	0	1.0	1.0
PAPLN	1	0	0	1.0	1.0
PCK2	2	0	0	1.0	1.0
PLEK2	1	0	0	1.0	1.0
POMT2	1	0	0	1.0	1.0
PPP4R4	2	0	0	1.0	1.0
PRMT5	1	0	0	1.0	1.0
PSME1	1	0	0	1.0	1.0
RABGGTA	1	0	0	1.0	1.0
RPS6KA5	1	0	0	1.0	1.0
SLC24A4	1	0	0	1.0	1.0
SYNE2	2	0	0	1.0	1.0
TGM1	1	0	0	1.0	1.0
TRAJ47	1	0	0	1.0	1.0
TRAV35	1	0	0	1.0	1.0
TRIM9	1	0	0	1.0	1.0
TTC6	1	0	0	1.0	1.0
WDR25	1	0	0	1.0	1.0
ABCC1	1	0	0	1.0	1.0
ABCC11	1	0	0	1.0	1.0
ABCC12	1	0	0	1.0	1.0
NOVA1	1	0	0	1.0	1.0
MGAT2	1	0	0	1.0	1.0
METTL17	1	0	0	1.0	1.0
LTBP2	1	0	0	1.0	1.0
TRPC7	2	0	0	1.0	1.0
TSSK1B	1	0	0	1.0	1.0
UBLCP1	1	0	0	1.0	1.0
WDR41	1	0	0	1.0	1.0
AHNAK2	1	0	0	1.0	1.0
AKAP6	1	0	0	1.0	1.0
ARID4A	1	0	0	1.0	1.0
BAG5	1	0	0	1.0	1.0
BRF1	1	0	0	1.0	1.0
CATSPERB	1	0	0	1.0	1.0
TRIM7	1	0	0	1.0	1.0
CEBPE	1	0	0	1.0	1.0
EXOC3L4	1	0	0	1.0	1.0
GALC	1	0	0	1.0	1.0
HECTD1	1	0	0	1.0	1.0
IGHA2	1	0	0	1.0	1.0
IGHD	1	0	0	1.0	1.0
IGHG4	1	0	0	1.0	1.0
IGHJ6	1	0	0	1.0	1.0
IGHV3-72	1	0	0	1.0	1.0
IRF2BPL	1	0	0	1.0	1.0
LGMN	1	0	0	1.0	1.0
CMTM5	1	0	0	1.0	1.0
HIST1H2AD	1	0	0	1.0	1.0
