gene	gene length	silent	nonsense	splice site	missense	recurrent missense	normalized missense position entropy	frameshift indel	inframe indel	normalized mutation entropy	lost start and stop	missense to silent	non-silent to silent	inactivating p-value	entropy p-value	vest p-value	combined p-value	expression_CCLE	replication_time	HiC_compartment	gene_betweeness	gene_degree
AHCTF1	6828	0.0	0.0	0.0	1.0	0.0	1.0	0.0	0.0	1.0	0.0	1.0	1.0	1.0	1.0	0.6540222367560498	0.9317291870156476	422581.0	405.0	0.004111425	4.1223181878505266e-05	15.0
ARHGEF19	2409	0.0	1.0	0.0	0.0	0.0	1.0	0.0	0.0	1.0	0.0	0.0	1.0	0.031498047121078496	1.0	1.0	1.0	824718.8	186.0	0.04027805	0.0	0.0
C1orf86	693	0.0	0.0	0.0	1.0	0.0	1.0	0.0	0.0	1.0	0.0	1.0	1.0	1.0	1.0	0.6779661016949152	0.9414630439266326	849778.8	293.0	0.02456286	6.098820621252992e-05	14.0
C1orf94	1797	0.0	0.0	0.0	1.0	0.0	1.0	0.0	0.0	1.0	0.0	1.0	1.0	1.0	1.0	0.4901960784313725	0.8396812783608456	28615.62	907.0	0.01607165	0.00021495139705683368	63.0
CADM3	1299	1.0	0.0	0.0	0.0	0.0	1.0	0.0	0.0	1.0	0.0	0.0	0.0	1.0	1.0	1.0	1.0	99569.46	785.0	0.014330200000000001	0.0	0.0
CELSR2	8772	1.0	0.0	0.0	0.0	0.0	1.0	0.0	0.0	1.0	0.0	0.0	0.0	1.0	1.0	1.0	1.0	994134.5	287.0	0.03056305	4.51090529906267e-06	9.0
CHD5	5865	1.0	0.0	0.0	0.0	0.0	1.0	0.0	0.0	1.0	0.0	0.0	0.0	1.0	1.0	1.0	1.0	620865.8	240.0	0.03039633	5.120663270611904e-07	16.0
CHML	1971	0.0	0.0	0.0	1.0	0.0	1.0	0.0	0.0	1.0	0.0	1.0	1.0	1.0	1.0	0.2751031636863824	0.6301538132009583	578602.8247310757	478.68388429752065	0.017407570743426297	6.8246788809197275e-06	11.0
CNST	2178	1.0	0.0	0.0	0.0	0.0	1.0	0.0	0.0	1.0	0.0	0.0	0.0	1.0	1.0	1.0	1.0	416572.8	346.0	0.003618809	0.00013911716515765707	13.0
COL9A2	2070	0.0	0.0	0.0	1.0	0.0	1.0	0.0	0.0	1.0	0.0	1.0	1.0	1.0	1.0	0.2774694783573807	0.6331976525377614	627703.3	373.0	0.0184817	2.6475284222692253e-07	4.0
CR1L	1710	1.0	0.0	0.0	0.0	0.0	1.0	0.0	0.0	1.0	0.0	0.0	0.0	1.0	1.0	1.0	1.0	386489.5	361.0	0.01291692	0.0	0.0
DCDC2B	1050	1.0	0.0	0.0	0.0	0.0	1.0	0.0	0.0	1.0	0.0	0.0	0.0	1.0	1.0	1.0	1.0	1460758.0	218.0	0.02930987	1.5258607147547018e-06	5.0
DNAJC8	762	0.0	0.0	0.0	1.0	0.0	1.0	0.0	0.0	1.0	0.0	1.0	1.0	1.0	1.0	0.2364625206904705	0.5774333313999412	779314.4	213.0	0.03315278	3.815670755284909e-05	24.0
DR1	531	0.0	0.0	0.0	1.0	0.0	1.0	0.0	0.0	1.0	0.0	1.0	1.0	1.0	1.0	0.6635700066357001	0.9357139480055464	699814.6	223.0	0.01333191	6.4572162945824e-05	37.0
ELTD1	2073	0.0	0.0	0.0	1.0	0.0	1.0	0.0	0.0	1.0	0.0	1.0	1.0	1.0	1.0	0.12599218848431398	0.38698946328697736	74049.38	903.0	-0.01691914	0.0	2.0
ESRRG	1413	0.0	0.0	0.0	1.0	0.0	1.0	0.0	0.0	1.0	0.0	1.0	1.0	1.0	1.0	0.44130626654898497	0.8023019252452844	15598.65	1132.0	-0.02793805	5.336062233828758e-05	30.0
EYA3	1722	0.0	0.0	0.0	1.0	0.0	1.0	0.0	0.0	1.0	0.0	1.0	1.0	1.0	1.0	0.14905351021016544	0.4327694005933449	827177.0	316.0	0.02753917	3.887193437823654e-06	5.0
F5	6675	0.0	0.0	0.0	1.0	0.0	1.0	0.0	0.0	1.0	0.0	1.0	1.0	1.0	1.0	0.28851702250432776	0.6471440251856361	294416.2	415.0	0.0111471	6.8391898024312284e-06	9.0
FCRL1	1290	0.0	0.0	0.0	1.0	0.0	1.0	0.0	0.0	1.0	0.0	1.0	1.0	1.0	1.0	0.3889537145079736	0.7562407344549795	113185.8	829.0	0.02621864	0.0	0.0
GNB1	1023	0.0	0.0	0.0	1.0	0.0	1.0	0.0	0.0	1.0	0.0	2.0	2.0	1.0	1.0	0.4921259842519685	0.8410534102934231	1492510.0	229.0	0.02599404	0.0006912587460128816	80.0
IL24	624	0.0	1.0	0.0	0.0	0.0	1.0	0.0	0.0	1.0	0.0	0.0	1.0	0.14836795252225518	1.0	1.0	1.0	467839.2	385.0	0.0387394	9.792696756509322e-07	4.0
ITPKB	2841	0.0	0.0	0.0	1.0	0.0	1.0	0.0	0.0	1.0	0.0	1.0	1.0	1.0	1.0	0.26343519494204426	0.6148440149493366	508274.3	407.0	0.01908919	1.188314241350905e-06	3.0
JAK1	3465	0.0	0.0	1.0	0.0	0.0	1.0	0.0	0.0	1.0	0.0	0.0	1.0	0.1063264221158958	1.0	1.0	1.0	269434.0	396.0	-0.005437463000000001	0.00047243078240005184	78.0
LCE4A	300	1.0	0.0	0.0	0.0	0.0	1.0	0.0	0.0	1.0	0.0	0.0	0.0	1.0	1.0	1.0	1.0	169157.6	818.0	0.0241362	8.46054463915683e-06	23.0
LRRIQ3	1875	0.0	1.0	0.0	0.0	0.0	1.0	0.0	0.0	1.0	0.0	0.0	1.0	0.5032712632108707	1.0	1.0	1.0	58596.77	1188.0	-0.01826199	9.538970434450752e-07	4.0
MTOR	7650	0.0	0.0	0.0	1.0	0.0	1.0	0.0	0.0	1.0	0.0	2.0	2.0	1.0	1.0	0.12898232942086935	0.3931484412790949	577167.0	416.0	0.03177134	0.0011287275307097762	128.0
NCF2	1581	0.0	0.0	0.0	1.0	0.0	1.0	0.0	0.0	1.0	0.0	1.0	1.0	1.0	1.0	0.6381620931716656	0.9248008700535314	618153.1	407.0	0.03080687	2.804439843431143e-05	19.0
NLRP3	3111	0.0	0.0	0.0	1.0	0.0	1.0	0.0	0.0	1.0	0.0	1.0	1.0	1.0	1.0	0.0711490572749911	0.2591944649134468	578602.8247310757	478.68388429752065	0.017407570743426297	3.1029278132148897e-06	8.0
NME7	1131	0.0	0.0	0.0	1.0	0.0	1.0	0.0	0.0	1.0	0.0	1.0	1.0	1.0	1.0	0.5353319057815846	0.8698438649928538	270055.3	491.0	0.0115975	0.0001731463341742601	39.0
OR6K3	948	1.0	0.0	0.0	0.0	0.0	1.0	0.0	0.0	1.0	0.0	0.0	0.0	1.0	1.0	1.0	1.0	175689.7	966.0	0.001844479	0.0	0.0
PADI2	1998	0.0	1.0	0.0	0.0	0.0	1.0	0.0	0.0	1.0	0.0	0.0	1.0	0.3057169061449098	1.0	1.0	1.0	610093.0	194.0	0.04459804	0.0	0.0
PAPPA2	5376	0.0	0.0	0.0	1.0	0.0	1.0	0.0	0.0	1.0	0.0	1.0	1.0	1.0	1.0	0.25006251562890724	0.5966602475280524	39980.38	863.0	-0.01034029	8.134804344250316e-07	3.0
PPM1J	1518	0.0	0.0	0.0	1.0	0.0	1.0	0.0	0.0	1.0	0.0	1.0	1.0	1.0	1.0	0.2253267237494367	0.5611094692452463	559669.1	325.0	0.02719753	0.0	1.0
PRDM2	5157	0.0	0.0	0.0	1.0	0.0	1.0	0.0	0.0	1.0	0.0	1.0	1.0	1.0	1.0	0.4847309743092584	0.8357543548662698	68342.23	892.0	0.02495296	8.901033246259819e-07	12.0
PTBP2	1596	0.0	0.0	0.0	1.0	0.0	1.0	0.0	0.0	1.0	0.0	1.0	1.0	1.0	1.0	0.6191950464396285	0.9159968771979072	334206.5	676.0	-0.01605845	8.184770658774973e-06	21.0
RPS6KC1	3201	0.0	0.0	0.0	1.0	0.0	1.0	0.0	0.0	1.0	0.0	1.0	1.0	1.0	1.0	0.7587253414264037	0.9682211199395412	226812.9	600.0	-0.000338861	4.170714926766818e-06	4.0
RTCA	1140	0.0	0.0	0.0	1.0	0.0	1.0	0.0	0.0	1.0	0.0	1.0	1.0	1.0	1.0	0.5221932114882507	0.8614713434112843	333323.8	526.0	0.007236111	9.892311683327795e-07	10.0
RYR2	14904	1.0	0.0	0.0	0.0	0.0	1.0	0.0	0.0	1.0	0.0	0.0	0.0	1.0	1.0	1.0	1.0	86856.38	1024.0	-0.02437893	0.00010328885804601809	25.0
SELE	1833	0.0	0.0	0.0	1.0	0.0	1.0	0.0	0.0	1.0	0.0	1.0	1.0	1.0	1.0	0.16194331983805668	0.4567625720670511	269221.5	597.0	0.01157435	2.8969371819852376e-06	9.0
SLC26A9	2664	0.0	0.0	0.0	1.0	0.0	1.0	0.0	0.0	1.0	0.0	1.0	1.0	1.0	1.0	0.28145229383619474	0.6382753495746947	690729.2	431.0	0.03280121	0.0	1.0
SPTA1	7260	0.0	0.0	0.0	1.0	0.0	1.0	0.0	0.0	1.0	0.0	2.0	2.0	1.0	1.0	0.1450747134774409	0.425142376890108	177546.8	940.0	0.001272281	1.1650900608471095e-05	19.0
SZT2	10128	1.0	0.0	0.0	0.0	0.0	1.0	0.0	0.0	1.0	0.0	0.0	0.0	1.0	1.0	1.0	1.0	1088321.0	252.0	0.02706787	1.7326131778239772e-05	7.0
TNFRSF8	1788	0.0	0.0	0.0	1.0	0.0	1.0	0.0	0.0	1.0	0.0	1.0	1.0	1.0	1.0	0.08285690612312538	0.2892236458394035	517022.3	191.0	0.03518933	0.00011118946552611643	12.0
TRIM62	1428	1.0	0.0	0.0	0.0	0.0	1.0	0.0	0.0	1.0	0.0	0.0	0.0	1.0	1.0	1.0	1.0	756334.9	385.0	0.02674755	2.519773888030597e-06	6.0
TRIM67	2352	0.0	0.0	0.0	1.0	0.0	1.0	0.0	0.0	1.0	0.0	1.0	1.0	1.0	1.0	0.6381620931716656	0.9248008700535314	381757.6	603.0	0.008208907	0.0	0.0
UBR4	15552	1.0	0.0	0.0	0.0	0.0	1.0	0.0	0.0	1.0	0.0	0.0	0.0	1.0	1.0	1.0	1.0	787493.5	414.0	0.032716	0.0005760860301502973	69.0
VAV3	2544	0.0	0.0	0.0	1.0	0.0	1.0	0.0	0.0	1.0	0.0	1.0	1.0	1.0	1.0	0.0791514959632737	0.2799106848564594	132139.1	554.0	-0.01065026	8.730488813920821e-06	14.0
WDR47	2784	1.0	0.0	0.0	0.0	0.0	1.0	0.0	0.0	1.0	0.0	0.0	0.0	1.0	1.0	1.0	1.0	942574.7	216.0	0.01885156	1.274634159781502e-06	5.0
ZBTB7B	1722	0.0	0.0	0.0	1.0	0.0	1.0	0.0	0.0	1.0	0.0	1.0	1.0	1.0	1.0	0.05928385107896609	0.226785530939312	1612870.0	224.0	0.03538236	0.0001549083631028179	34.0
ADAMTS10	3312	0.0	0.0	0.0	1.0	0.0	1.0	0.0	0.0	1.0	0.0	1.0	1.0	1.0	1.0	0.27159152634437805	0.6255991533978507	622624.4	214.0	-0.01448048	1.8992782470806743e-06	7.0
ATP8B3	3903	1.0	0.0	0.0	0.0	0.0	1.0	0.0	0.0	1.0	0.0	0.0	0.0	1.0	1.0	1.0	1.0	2180359.0	206.0	0.02880522	0.0	0.0
CACNA1A	7534	0.0	0.0	0.0	1.0	0.0	1.0	0.0	0.0	1.0	0.0	1.0	1.0	1.0	1.0	0.333889816360601	0.700148324396465	1604988.0	497.0	0.01180254	0.0008331787726002513	93.0
CLEC4M	1200	0.0	0.0	0.0	1.0	0.0	1.0	0.0	0.0	1.0	0.0	1.0	1.0	1.0	1.0	0.09260974254491572	0.3129617458599829	719851.1	329.0	0.02061152	1.6059609137222543e-06	7.0
FAM187B	1110	0.0	0.0	0.0	1.0	0.0	1.0	0.0	0.0	1.0	0.0	1.0	1.0	1.0	1.0	0.13264358668258389	0.4005955096471101	767246.2	472.0	0.007166916	8.774286578462906e-06	12.0
FCGRT	1098	0.0	0.0	0.0	1.0	0.0	1.0	0.0	0.0	1.0	0.0	1.0	1.0	1.0	1.0	0.4056795131845842	0.7716802464481354	2080142.0	210.0	0.04060547	9.36564009690533e-06	7.0
GNA11	1080	0.0	0.0	0.0	1.0	0.9333333333333333	0.09044515744019288	0.0	0.0	0.09044515744019288	0.0	15.0	15.0	1.0	0.0	0.0	2.402585092994044e-09	1000335.0	173.0	0.0254863	0.00011131785916489973	28.0
GRIN3B	3132	0.0	0.0	0.0	1.0	0.0	1.0	0.0	0.0	1.0	0.0	1.0	1.0	1.0	1.0	0.10080645161290322	0.33211218964685285	2387949.0	206.0	0.0260103	0.0	2.0
KIR3DL2	1368	0.0	0.0	0.0	1.0	0.0	1.0	0.0	0.0	1.0	0.0	1.0	1.0	1.0	1.0	0.2495632642874969	0.5959677643259315	987531.2	620.0	-0.02332804	0.0	2.0
LILRA2	1452	0.0	0.0	0.0	1.0	0.0	1.0	0.0	0.0	1.0	0.0	1.0	1.0	1.0	1.0	0.16803898504453033	0.4677464749895339	819283.1	601.0	-0.004121918	0.0	0.0
LILRA3	1320	0.0	0.0	0.0	1.0	0.0	1.0	0.0	0.0	1.0	0.0	1.0	1.0	1.0	1.0	0.15617679212868968	0.446160648217502	730281.2	458.0	-0.007717081	0.00011077498967256538	7.0
LRRC4B	2142	0.0	0.0	0.0	1.0	0.0	1.0	0.0	0.0	1.0	0.0	1.0	1.0	1.0	1.0	0.3355704697986577	0.7019876847373534	762017.9	517.0	0.035117699999999995	0.0	1.0
MEGF8	8538	1.0	0.0	0.0	0.0	0.0	1.0	0.0	0.0	1.0	0.0	0.0	0.0	1.0	1.0	1.0	1.0	792229.6	218.0	0.0419089	1.906841890452105e-05	9.0
MRPL4	936	0.0	0.0	0.0	1.0	0.0	1.0	0.0	0.0	1.0	0.0	1.0	1.0	1.0	1.0	0.2253267237494367	0.5611094692452463	1729517.0	200.0	0.03069633	0.0002931677406328794	116.0
MUC16	43524	0.0	0.0	0.0	1.0	0.0	1.0	0.0	0.0	1.0	0.0	2.0	2.0	1.0	1.0	0.3965107057890563	0.7633038213888691	551667.7	537.0	-0.06138367	8.101166459715478e-07	3.0
MYO1F	3297	0.0	1.0	0.0	0.0	0.0	1.0	0.0	0.0	1.0	0.0	0.0	1.0	0.09579461634256156	1.0	1.0	1.0	674374.3	214.0	-0.006874791999999999	1.5023665964001504e-06	7.0
NLRP11	3102	0.0	0.0	0.0	1.0	0.0	1.0	0.0	0.0	1.0	0.0	1.0	1.0	1.0	1.0	0.514668039114771	0.8565276224371091	991833.0	362.0	-0.03452147	0.0	0.0
NLRP2	3189	1.0	0.0	0.0	0.0	0.0	1.0	0.0	0.0	1.0	0.0	0.0	0.0	1.0	1.0	1.0	1.0	982889.4	432.0	-0.02068773	1.1558325494539626e-05	11.0
NUP62	1569	1.0	0.0	0.0	0.0	0.0	1.0	0.0	0.0	1.0	0.0	0.0	0.0	1.0	1.0	1.0	1.0	1679101.0	205.0	0.04451574	0.0003787859483401363	90.0
OR7D4	939	0.0	0.0	0.0	1.0	0.0	1.0	0.0	0.0	1.0	0.0	1.0	1.0	1.0	1.0	0.6872852233676976	0.945021237541894	398877.5	582.0	-0.04992784	0.0	0.0
PPP2R1A	1770	0.0	0.0	0.0	1.0	0.0	1.0	0.0	0.0	1.0	0.0	1.0	1.0	1.0	1.0	0.06580246101204185	0.2448574086958917	478210.6	896.0	-0.03843337	0.0021301383204943487	205.0
PSG4	1260	0.0	0.0	0.0	1.0	0.0	1.0	0.0	0.0	1.0	0.0	1.0	1.0	1.0	1.0	0.2016942315449778	0.5246071870941911	310386.6	125.0	-0.03282892	1.4616682167129442e-07	2.0
RPS9	585	0.0	0.0	0.0	1.0	0.0	1.0	0.0	0.0	1.0	0.0	1.0	1.0	1.0	1.0	0.2879355024474517	0.6464206086271054	717623.2	458.0	-0.006241607	0.0001577147511506979	149.0
RYR1	15117	0.5	0.0	0.0	0.5	0.0	1.0	0.0	0.0	1.0	0.0	0.5	0.5	1.0	1.0	0.7961783439490446	0.9776529204187954	1481209.0	353.0	0.01709271	2.939048108272128e-06	7.0
SBK2	1047	0.0	0.0	0.0	1.0	0.0	1.0	0.0	0.0	1.0	0.0	1.0	1.0	1.0	1.0	0.4105090311986864	0.7760087643052753	1094560.0	399.0	0.003516596	0.0	0.0
SHANK1	6486	0.0	0.0	0.0	1.0	0.0	1.0	0.0	0.0	1.0	0.0	1.0	1.0	1.0	1.0	0.20768431983385252	0.5341092513499667	632386.3	593.0	0.03101087	0.00012874270138707195	15.0
SLC25A23	1407	0.0	0.0	0.0	1.0	0.0	1.0	0.0	0.0	1.0	0.0	1.0	1.0	1.0	1.0	0.05157031612603785	0.20446645561861074	865106.1	219.0	0.03274363	1.108642440303759e-05	5.0
TNFSF14	723	0.0	0.0	0.0	1.0	0.0	1.0	0.0	0.0	1.0	0.0	1.0	1.0	1.0	1.0	0.2832058906825262	0.6404930945755453	745829.9	259.0	0.02896026	4.370765752248219e-05	8.0
WTIP	1293	1.0	0.0	0.0	0.0	0.0	1.0	0.0	0.0	1.0	0.0	0.0	0.0	1.0	1.0	1.0	1.0	707544.5	355.0	0.00532799	1.2790420786055059e-06	8.0
ZNF229	2478	1.0	0.0	0.0	0.0	0.0	1.0	0.0	0.0	1.0	0.0	0.0	0.0	1.0	1.0	1.0	1.0	725568.6	528.0	-0.04939491	0.0	0.0
ZNF304	1980	1.0	0.0	0.0	0.0	0.0	1.0	0.0	0.0	1.0	0.0	0.0	0.0	1.0	1.0	1.0	1.0	432083.2	869.0	-0.01664274	0.0	0.0
ZNF446	1353	0.0	0.0	1.0	0.0	0.0	1.0	0.0	0.0	1.0	0.0	0.0	1.0	0.03313452617627568	1.0	1.0	1.0	2179183.0	270.0	-0.003729322	6.866896533514225e-05	29.0
ZNF460	1689	1.0	0.0	0.0	0.0	0.0	1.0	0.0	0.0	1.0	0.0	0.0	0.0	1.0	1.0	1.0	1.0	419642.2	859.0	-0.03983569	1.7615883831602567e-05	10.0
ZNF527	1830	0.0	0.0	0.0	1.0	0.0	1.0	0.0	0.0	1.0	0.0	1.0	1.0	1.0	1.0	0.6596306068601583	0.9340866010687202	228816.3	939.0	-0.06268315	0.0	0.0
ZNF560	2373	0.0	0.0	0.0	1.0	0.0	1.0	0.0	0.0	1.0	0.0	1.0	1.0	1.0	1.0	0.39323633503735744	0.7602613002123407	557412.8	642.0	-0.05164238	0.0	0.0
ZNF599	1767	0.0	0.0	0.0	1.0	0.0	1.0	0.0	0.0	1.0	0.0	1.0	1.0	1.0	1.0	0.3644314868804665	0.7322947193380609	932475.8	607.0	-0.05239529	2.9861653096039016e-08	3.0
ZNF628	3180	1.0	0.0	0.0	0.0	0.0	1.0	0.0	0.0	1.0	0.0	0.0	0.0	1.0	1.0	1.0	1.0	1048909.0	399.0	0.02380714	0.0	1.0
ZNF780A	1929	1.0	0.0	0.0	0.0	0.0	1.0	0.0	0.0	1.0	0.0	0.0	0.0	1.0	1.0	1.0	1.0	1181917.0	521.0	0.02163756	2.9969587036578834e-08	2.0
ZNF836	2811	1.0	0.0	0.0	0.0	0.0	1.0	0.0	0.0	1.0	0.0	0.0	0.0	1.0	1.0	1.0	1.0	460879.0	901.0	-0.04095584	0.0	0.0
ACP2	1272	0.0	0.0	0.0	1.0	0.0	1.0	0.0	0.0	1.0	0.0	1.0	1.0	1.0	1.0	0.3351206434316354	0.7014962072190062	1274054.0	198.0	0.03764394	0.00015728438631841684	16.0
ALG9	1857	1.0	0.0	0.0	0.0	0.0	1.0	0.0	0.0	1.0	0.0	0.0	0.0	1.0	1.0	1.0	1.0	437476.5	182.0	0.02814099	6.718539784246891e-06	9.0
AMICA1	1185	1.0	0.0	0.0	0.0	0.0	1.0	0.0	0.0	1.0	0.0	0.0	0.0	1.0	1.0	1.0	1.0	707708.8	293.0	0.0555543	0.0	1.0
ARAP1	4353	1.0	0.0	0.0	0.0	0.0	1.0	0.0	0.0	1.0	0.0	0.0	0.0	1.0	1.0	1.0	1.0	637045.1	234.0	0.05411493	6.292546601193627e-05	21.0
ARHGEF17	6192	0.5	0.0	0.0	0.5	0.0	1.0	0.0	0.0	1.0	0.0	0.5	0.5	1.0	1.0	0.7272727272727273	0.9588754408134798	601834.2	218.0	0.05356916	3.503556607032209e-06	5.0
CNTN5	3303	0.0	0.0	0.0	1.0	0.0	1.0	0.0	0.0	1.0	0.0	1.0	1.0	1.0	1.0	0.16798252981689904	0.4676457742602476	3647.462	1135.0	-0.02550126	0.0	0.0
DAK	1728	0.0	0.0	0.0	1.0	0.0	1.0	0.0	0.0	1.0	0.0	1.0	1.0	1.0	1.0	0.4029008863819501	0.7691638544651149	1394229.0	286.0	0.05735575	1.703537064043571e-05	22.0
FAT3	13674	0.0	0.0	0.0	1.0	0.0	1.0	0.0	0.0	1.0	0.0	1.0	1.0	1.0	1.0	0.4068348250610253	0.7727209158437116	32222.46	1011.0	-0.0326036	4.799821949703392e-06	7.0
HEPN1	267	1.0	0.0	0.0	0.0	0.0	1.0	0.0	0.0	1.0	0.0	0.0	0.0	1.0	1.0	1.0	1.0	175852.2	743.0	0.01384725	0.0	0.0
INTS5	3060	0.0	0.0	0.0	1.0	0.0	1.0	0.0	0.0	1.0	0.0	1.0	1.0	1.0	1.0	0.3041362530413625	0.6661433933071574	2425755.0	248.0	0.05069368	5.8913523780825587e-05	42.0
MS4A8	753	1.0	0.0	0.0	0.0	0.0	1.0	0.0	0.0	1.0	0.0	0.0	0.0	1.0	1.0	1.0	1.0	559287.5	756.0	0.01622126	0.0	0.0
MTNR1B	1089	1.0	0.0	0.0	0.0	0.0	1.0	0.0	0.0	1.0	0.0	0.0	0.0	1.0	1.0	1.0	1.0	55110.92	742.0	-0.01809515	0.0	2.0
MUC2	8442	1.0	0.0	0.0	0.0	0.0	1.0	0.0	0.0	1.0	0.0	0.0	0.0	1.0	1.0	1.0	1.0	1467711.0	466.0	0.04338638	2.192817368860705e-05	2.0
MUC5AC	1870	0.0	0.0	0.0	1.0	0.0	1.0	0.0	0.0	1.0	0.0	1.0	1.0	1.0	1.0	0.33478406427854035	0.7011280680394953	578602.8247310757	478.68388429752065	0.017407570743426297	5.270015110663929e-06	2.0
MYBPC3	3825	0.0	0.0	0.0	1.0	0.0	1.0	0.0	0.0	1.0	0.0	1.0	1.0	1.0	1.0	0.2596053997923157	0.6097072933374559	1189866.0	245.0	0.04533165	4.242039313844309e-06	10.0
NCAM1	2655	0.0	0.0	0.0	1.0	0.0	1.0	0.0	0.0	1.0	0.0	1.0	1.0	1.0	1.0	0.24330900243309006	0.5872075495153634	68888.69	524.0	-0.0014332670000000002	5.807261750206117e-05	21.0
OR2D3	993	0.0	0.0	0.0	1.0	0.0	1.0	0.0	0.0	1.0	0.0	1.0	1.0	1.0	1.0	0.23651844843897826	0.5775139706736026	403340.9	827.0	0.006041705	0.0	0.0
OR51B6	939	0.0	0.0	0.0	1.0	0.0	1.0	0.0	0.0	1.0	0.0	1.0	1.0	1.0	1.0	0.35561877667140823	0.7232915981324392	100115.4	1056.0	0.0009048171000000001	0.0	0.0
OR51L1	948	0.0	0.0	0.0	1.0	0.0	1.0	0.0	0.0	1.0	0.0	1.0	1.0	1.0	1.0	0.4595588235294117	0.8168604453096031	97255.85	1024.0	-0.01084784	0.0	0.0
PCSK7	2358	0.0	0.0	0.0	1.0	0.0	1.0	0.0	0.0	1.0	0.0	1.0	1.0	1.0	1.0	0.5952380952380952	0.9040439246518854	431522.6	199.0	0.04087053	0.0	1.0
PHLDB1	4134	0.0	0.0	0.0	1.0	0.0	1.0	0.0	0.0	-0.0	0.0	2.0	2.0	1.0	1.0	0.38109756097560976	0.7487423289183851	1404506.0	161.0	0.04578594	2.859675969303556e-06	4.0
PKP3	2394	0.0	0.0	0.0	1.0	0.0	1.0	0.0	0.0	1.0	0.0	1.0	1.0	1.0	1.0	0.6031363088057901	0.9080892983794351	1830414.0	344.0	0.05305328	7.0918757124094e-05	28.0
PPP2R1B	2004	1.0	0.0	0.0	0.0	0.0	1.0	0.0	0.0	1.0	0.0	0.0	0.0	1.0	1.0	1.0	1.0	436031.0	242.0	0.02484773	0.00017727794983778014	81.0
PRDM11	3534	0.0	0.0	0.0	1.0	0.0	1.0	0.0	0.0	1.0	0.0	1.0	1.0	1.0	1.0	0.0956846234810066	0.3202275062302521	145643.8	592.0	0.01365309	0.0	0.0
PRRG4	681	1.0	0.0	0.0	0.0	0.0	1.0	0.0	0.0	1.0	0.0	0.0	0.0	1.0	1.0	1.0	1.0	392152.2	375.0	0.009964306	2.709017269521025e-05	9.0
SLC5A12	1857	0.0	0.0	0.0	1.0	0.0	1.0	0.0	0.0	1.0	0.0	1.0	1.0	1.0	1.0	0.4743833017077799	0.8281497299236792	52728.92	921.0	-0.008184516999999999	0.0	0.0
SORL1	6645	0.0	0.0	0.0	1.0	0.0	1.0	0.0	0.0	1.0	0.0	1.0	1.0	1.0	1.0	0.384172109104879	0.751695976186104	199734.0	650.0	0.02141838	0.0002004875964735596	25.0
TECTA	6468	0.0	0.0	0.0	1.0	0.0	1.0	0.0	0.0	1.0	0.0	1.0	1.0	1.0	1.0	0.2210433244916004	0.5546853577042163	243065.4	769.0	0.01674455	0.0	0.0
TRIM29	1767	1.0	0.0	0.0	0.0	0.0	1.0	0.0	0.0	1.0	0.0	0.0	0.0	1.0	1.0	1.0	1.0	325455.7	214.0	0.03097535	0.00020305502838193303	48.0
TRPM5	3498	0.0	0.0	0.0	1.0	0.0	1.0	0.0	0.0	1.0	0.0	1.0	1.0	1.0	1.0	0.28066236317709803	0.6372727719965477	833748.9	589.0	0.04683323	0.0	0.0
USP35	3057	0.0	0.0	0.0	1.0	0.0	1.0	0.0	0.0	1.0	0.0	1.0	1.0	1.0	1.0	0.017573765882290916	0.08859547060470886	549790.7	208.0	0.02557322	0.0	0.0
ZNF195	1890	0.0	0.0	0.0	1.0	0.0	1.0	0.0	0.0	1.0	0.0	1.0	1.0	1.0	1.0	0.2680965147453083	0.6210209741704354	560133.9	470.0	0.02837096	5.553112070948297e-07	3.0
ABCA12	7788	0.0	0.0	0.0	1.0	0.0	1.0	0.0	0.0	1.0	0.0	1.0	1.0	1.0	1.0	0.4705882352941176	0.8253043775888848	526764.3	857.0	0.00933096	0.0	0.0
ANAPC1	5835	0.0	0.0	0.0	1.0	0.0	1.0	0.0	0.0	1.0	0.0	1.0	1.0	1.0	1.0	0.00635	0.038476557959592345	578602.8247310757	478.68388429752065	0.017407570743426297	0.00027006590125647006	60.0
APLF	1536	1.0	0.0	0.0	0.0	0.0	1.0	0.0	0.0	1.0	0.0	0.0	0.0	1.0	1.0	1.0	1.0	227462.1	617.0	0.02156037	8.87630680208931e-05	30.0
ARPC2	903	0.0	0.0	0.0	1.0	0.0	1.0	0.0	0.0	1.0	0.0	1.0	1.0	1.0	1.0	0.4291845493562232	0.7922181405912486	724341.3	197.0	0.03006887	5.6874683377923156e-05	57.0
C2orf16	5955	0.5	0.0	0.0	0.5	0.0	1.0	0.0	0.0	1.0	0.0	0.5	0.5	1.0	1.0	0.7468259895444361	0.9648417227102579	1192670.0	306.0	0.04114738	0.0	0.0
C2orf71	3867	0.0	0.0	0.0	1.0	0.0	1.0	0.0	0.0	1.0	0.0	1.0	1.0	1.0	1.0	0.05399568034557235	0.21160103829471025	471053.1	404.0	0.0283218	0.0	0.0
CTDSP1	786	0.0	0.0	0.0	1.0	0.0	1.0	0.0	0.0	1.0	0.0	1.0	1.0	1.0	1.0	0.17774617845716315	0.484784697843524	734741.5	197.0	0.03669609	1.1458648249234205e-05	13.0
DYSF	6360	1.0	0.0	0.0	0.0	0.0	1.0	0.0	0.0	1.0	0.0	0.0	0.0	1.0	1.0	1.0	1.0	324429.2	533.0	0.01049422	1.689164569033787e-06	4.0
EPC2	2424	0.0	0.0	0.0	1.0	0.0	1.0	0.0	0.0	1.0	0.0	1.0	1.0	1.0	1.0	0.39323633503735744	0.7602613002123407	91724.0	642.0	0.007451637	1.3134860846791814e-06	14.0
AMER3	2586	1.0	0.0	0.0	0.0	0.0	1.0	0.0	0.0	1.0	0.0	0.0	0.0	1.0	1.0	1.0	1.0	607527.8	203.0	0.01673088	0.0	0.0
FANCL	1143	0.0	0.0	0.0	1.0	0.0	1.0	0.0	0.0	1.0	0.0	1.0	1.0	1.0	1.0	0.2068680182043856	0.5328246343155341	197919.5	617.0	0.009232438	2.290627831029591e-05	31.0
GLB1L	1965	0.0	0.0	0.0	1.0	0.0	1.0	0.0	0.0	1.0	0.0	1.0	1.0	1.0	1.0	0.019328526972959392	0.09560224197108574	694442.3	193.0	0.04380004	0.0	2.0
GLI2	4761	0.0	1.0	0.0	0.0	0.0	1.0	0.0	0.0	1.0	0.0	0.0	1.0	0.020208552259316143	1.0	1.0	1.0	183734.8	374.0	0.01151775	9.973453826446118e-06	8.0
GTDC1	1377	0.0	0.0	0.0	1.0	0.0	1.0	0.0	0.0	1.0	0.0	1.0	1.0	1.0	1.0	0.17129153819801302	0.4735163193614119	60793.38	692.0	0.01224903	0.0	1.0
HDLBP	3807	0.0	0.0	0.0	1.0	0.0	1.0	0.0	0.0	1.0	0.0	1.0	1.0	1.0	1.0	0.4597701149425287	0.8170246733520218	1287793.0	317.0	0.02938815	0.0002063498187627008	65.0
IL18R1	1626	0.0	0.0	0.0	1.0	0.0	1.0	0.0	0.0	1.0	0.0	1.0	1.0	1.0	1.0	0.2715177844148792	0.6255030240192583	235438.0	588.0	0.006680040999999999	1.0684552633147821e-07	2.0
IL1R1	1710	0.0	0.0	0.0	1.0	0.0	1.0	0.0	0.0	1.0	0.0	1.0	1.0	1.0	1.0	0.03397893306150187	0.14889617948506226	232947.4	522.0	0.01958155	9.740568322378453e-06	16.0
KRCC1	780	0.0	0.0	0.0	1.0	0.0	1.0	0.0	0.0	1.0	0.0	1.0	1.0	1.0	1.0	0.1953125	0.5142879763772299	169985.2	543.0	0.005266127	0.0	2.0
LRP1B	13800	0.0	0.0	0.0	1.0	0.0	1.0	0.0	0.0	1.0	0.0	1.0	1.0	1.0	1.0	0.14788524105294293	0.4305410683652314	8988.462	1120.0	-0.01060487	6.357013657385222e-06	8.0
LRPPRC	4185	1.0	0.0	0.0	0.0	0.0	1.0	0.0	0.0	1.0	0.0	0.0	0.0	1.0	1.0	1.0	1.0	455568.3	429.0	0.02590897	0.0002568290890734897	80.0
M1AP	1593	0.0	0.0	0.0	1.0	0.0	1.0	0.0	0.0	1.0	0.0	1.0	1.0	1.0	1.0	0.5941770647653001	0.9034925224056264	996981.0	278.0	0.05033325	1.40323620216084e-07	4.0
MAP3K19	3987	0.0	0.0	0.0	1.0	0.0	1.0	0.0	0.0	1.0	0.0	1.0	1.0	1.0	1.0	0.08270614506657845	0.2888480170533545	297611.2	434.0	0.028417	0.0	1.0
MCEE	531	0.0	0.0	0.0	1.0	0.0	1.0	0.0	0.0	1.0	0.0	1.0	1.0	1.0	1.0	0.1771793054571226	0.483804577248506	355097.0	470.0	0.04046256	5.4264342197125715e-06	3.0
NCAPH	2226	0.0	0.0	0.0	1.0	0.0	1.0	0.0	0.0	1.0	0.0	1.0	1.0	1.0	1.0	0.11128421989761852	0.3556273993598897	907235.8	316.0	0.04629685	0.0001363233939109125	24.0
RAB11FIP5	1962	1.0	0.0	0.0	0.0	0.0	1.0	0.0	0.0	1.0	0.0	0.0	0.0	1.0	1.0	1.0	1.0	489747.5	460.0	0.01817872	2.551981647630339e-05	19.0
SAP130	3252	0.0	0.0	0.0	1.0	0.0	1.0	0.0	0.0	1.0	0.0	1.0	1.0	1.0	1.0	0.28161081385525205	0.6384762754043795	541058.3	248.0	0.03644129	1.97221272310446e-05	31.0
SCN9A	5934	0.0	0.0	0.0	1.0	0.0	1.0	0.0	0.0	1.0	0.0	1.0	1.0	1.0	1.0	0.018166624277876686	0.09098152816392943	93565.54	908.0	-0.009089871	0.0	0.0
SF3B1	3915	0.0	0.0	0.0	1.0	0.8181818181818182	0.2502886927414662	0.0	0.0	0.2502886927414662	0.0	11.0	11.0	1.0	1e-05	0.0	2.402585092994044e-09	736523.5	276.0	0.02981247	0.000372607947471609	161.0
SNTG2	1620	1.0	0.0	0.0	0.0	0.0	1.0	0.0	0.0	1.0	0.0	0.0	0.0	1.0	1.0	1.0	1.0	78832.92	824.0	-0.02418619	3.2872867937921123e-07	3.0
SPEG	9804	0.0	0.0	0.0	1.0	0.0	1.0	0.0	0.0	1.0	0.0	1.0	1.0	1.0	1.0	0.31347962382445144	0.6771225444503929	581956.3	335.0	0.03475905	1.6672459531304952e-06	4.0
TRAF3IP1	2076	0.0	0.0	0.0	1.0	0.0	1.0	0.0	0.0	1.0	0.0	1.0	1.0	1.0	1.0	0.10918222513374824	0.3509921391441042	295666.2	345.0	0.03218351	0.00015821623575750686	64.0
TTLL4	3600	0.0	0.0	0.0	1.0	0.0	1.0	0.0	0.0	1.0	0.0	1.0	1.0	1.0	1.0	0.5017561465127948	0.8477877778377609	1055730.0	269.0	0.04150465	2.5790979222306035e-07	2.0
TTN	107976	0.0	0.0	0.0	1.0	0.0	1.0	0.0	0.0	1.0	0.0	2.0	2.0	1.0	1.0	0.328515111695138	0.6942090801575032	172693.3	713.0	0.02289211	0.0004407189879804424	46.0
ACOX1	1983	1.0	0.0	0.0	0.0	0.0	1.0	0.0	0.0	1.0	0.0	0.0	0.0	1.0	1.0	1.0	1.0	1667990.0	194.0	0.02194808	1.761439161612916e-05	20.0
ALYREF	795	0.0	0.0	0.0	1.0	0.0	1.0	0.0	0.0	1.0	0.0	1.0	1.0	1.0	1.0	0.2779321845469705	0.6337904768005399	578602.8247310757	478.68388429752065	0.017407570743426297	0.0004059563914318885	113.0
ATP2A3	3159	0.0	0.0	0.0	1.0	0.0	1.0	0.0	0.0	1.0	0.0	1.0	1.0	1.0	1.0	0.3404834865509023	0.707316531227948	617494.4	268.0	0.03290792	5.6554378469338674e-05	20.0
CDR2L	1398	0.0	0.0	0.0	1.0	0.0	1.0	0.0	0.0	1.0	0.0	1.0	1.0	1.0	1.0	0.5178663904712584	0.8586421561089475	1078189.0	171.0	0.02769664	4.4573820876011326e-07	2.0
CEP95	2466	0.0	0.0	0.0	1.0	0.0	1.0	0.0	0.0	1.0	0.0	1.0	1.0	1.0	1.0	0.2257336343115124	0.5617154817284526	1036796.0	184.0	0.008154989	1.4615523724423389e-05	10.0
COG1	2943	0.0	0.0	0.0	1.0	0.0	1.0	0.0	0.0	1.0	0.0	1.0	1.0	1.0	1.0	0.7363770250368189	0.9617179890548634	221646.4	251.0	-0.01099427	1.812194999825782e-05	15.0
CWC25	1278	1.0	0.0	0.0	0.0	0.0	1.0	0.0	0.0	1.0	0.0	0.0	0.0	1.0	1.0	1.0	1.0	1198833.0	207.0	0.03698837	2.6682935461595446e-06	4.0
DHRS7B	978	1.0	0.0	0.0	0.0	0.0	1.0	0.0	0.0	1.0	0.0	0.0	0.0	1.0	1.0	1.0	1.0	409501.3	382.0	-0.01838445	5.717280674017592e-06	8.0
DNAH17	13389	0.5	0.0	0.0	0.5	0.0	1.0	0.0	0.0	1.0	0.0	0.5	0.5	1.0	1.0	0.7980845969672785	0.978085136403776	999171.9	188.0	0.02478684	0.0	1.0
DVL2	2211	0.0	0.0	0.0	1.0	0.0	1.0	0.0	0.0	1.0	0.0	1.0	1.0	1.0	1.0	0.25176233635448136	0.5990105101165475	1782958.0	316.0	0.02089463	0.00031930877876242003	75.0
GSG2	2397	0.0	0.0	0.0	1.0	0.0	1.0	0.0	0.0	1.0	0.0	1.0	1.0	1.0	1.0	0.05885468777588135	0.2255714079279397	578602.8247310757	478.68388429752065	0.017407570743426297	2.2312118919144448e-07	5.0
HDAC5	3372	0.0	0.0	0.0	1.0	0.0	1.0	0.0	0.0	1.0	0.0	1.0	1.0	1.0	1.0	0.032080071859360966	0.1424201288329692	923806.7	171.0	0.03190002	0.001776029029174241	344.0
KRT16	1422	0.0	0.0	0.0	1.0	0.0	1.0	0.0	0.0	1.0	0.0	1.0	1.0	1.0	1.0	0.1096371011950444	0.3519986237471792	1494501.0	323.0	0.01093578	5.070412006759194e-05	35.0
KRT31	1251	0.0	0.0	0.0	1.0	0.0	1.0	0.0	0.0	1.0	0.0	1.0	1.0	1.0	1.0	0.2325581395348837	0.5717709355115157	1321356.0	424.0	-0.005584705	0.002310788396450639	198.0
KRT32	1347	0.0	1.0	0.0	0.0	0.0	1.0	0.0	0.0	1.0	0.0	0.0	1.0	0.09656237929702588	1.0	1.0	1.0	1445853.0	325.0	-0.02205999	1.3764605059387344e-07	3.0
KRTAP4-4	501	1.0	0.0	0.0	0.0	0.0	1.0	0.0	0.0	1.0	0.0	0.0	0.0	1.0	1.0	1.0	1.0	996799.1	468.0	-0.0068129819999999995	0.0	0.0
MYH2	5826	0.0	0.0	0.0	1.0	0.0	1.0	0.0	0.0	1.0	0.0	1.0	1.0	1.0	1.0	0.15019525382997898	0.4349382906507713	75573.08	738.0	-0.04892421	5.136929668249131e-06	12.0
MYH4	5820	0.0	0.0	0.0	1.0	0.0	1.0	0.0	0.0	1.0	0.0	1.0	1.0	1.0	1.0	0.6807351940095303	0.9425336264069027	77401.0	731.0	-0.05029342	1.0984544827731211e-05	11.0
MYO15A	10593	0.0	0.0	0.0	1.0	0.0	1.0	0.0	0.0	1.0	0.0	1.0	1.0	1.0	1.0	0.6277463904582549	0.9200370564519218	911349.7	192.0	0.02877536	7.271256374265594e-07	4.0
MYO1C	3192	0.0	0.0	0.0	1.0	0.0	1.0	0.0	0.0	1.0	0.0	1.0	1.0	1.0	1.0	0.3018412315122246	0.6634029952664531	1380844.0	220.0	0.01810438	4.618845685602704e-05	40.0
NUFIP2	2088	0.0	0.0	0.0	1.0	0.0	1.0	0.0	0.0	1.0	0.0	1.0	1.0	1.0	1.0	0.6238303181534622	0.9182014183577144	1348501.0	128.0	0.03238366	0.00022230703834079615	35.0
PLD2	2802	0.0	0.0	0.0	1.0	0.0	1.0	0.0	0.0	1.0	0.0	1.0	1.0	1.0	1.0	0.1011326860841424	0.33286022458690684	1465720.0	208.0	0.02715334	4.643745973725853e-05	27.0
RNF43	2352	0.0	0.0	0.0	1.0	0.0	1.0	0.0	0.0	1.0	0.0	1.0	1.0	1.0	1.0	0.7052186177715092	0.9515144062834524	782135.2	399.0	0.02221837	9.465701879501354e-06	17.0
RUNDC1	1842	1.0	0.0	0.0	0.0	0.0	1.0	0.0	0.0	1.0	0.0	0.0	0.0	1.0	1.0	1.0	1.0	1507064.0	201.0	0.02583375	5.703752502429781e-08	2.0
SAP30BP	927	0.0	0.0	0.0	1.0	0.0	1.0	0.0	0.0	1.0	0.0	1.0	1.0	1.0	1.0	0.35211267605633795	0.719649314145463	1898715.0	198.0	0.03217889	0.00018272599811556962	43.0
SEC14L1	2160	1.0	0.0	0.0	0.0	0.0	1.0	0.0	0.0	1.0	0.0	0.0	0.0	1.0	1.0	1.0	1.0	777990.9	192.0	0.020487799999999997	6.766851092345717e-07	3.0
SHPK	1437	0.0	0.0	0.0	1.0	0.0	1.0	0.0	0.0	1.0	0.0	1.0	1.0	1.0	1.0	0.08143985666585228	0.2856820983938737	504736.1	354.0	0.01951905	9.064961831399127e-06	5.0
SLC13A5	1707	0.0	0.0	1.0	0.0	0.0	1.0	0.0	0.0	1.0	0.0	0.0	1.0	0.14867677668748142	1.0	1.0	1.0	800049.3	424.0	0.007207228	0.0	0.0
SPECC1	3207	0.0	0.0	0.0	1.0	0.0	1.0	0.0	0.0	1.0	0.0	1.0	1.0	1.0	1.0	0.7446016381236039	0.9641890674170518	302886.9	339.0	-0.01288069	2.132043412438065e-05	14.0
TBCD	3579	0.0	0.0	0.0	1.0	0.0	1.0	0.0	0.0	1.0	0.0	1.0	1.0	1.0	1.0	0.2002402883460152	0.5222741673723633	578602.8247310757	478.68388429752065	0.017407570743426297	0.00011193155460868147	42.0
TNS4	2148	0.0	0.0	0.0	1.0	0.0	1.0	0.0	0.0	1.0	0.0	1.0	1.0	1.0	1.0	0.2924831822170225	0.6520468296745143	1185295.0	203.0	0.01948011	3.936673185921603e-08	4.0
AMOTL2	2343	0.0	0.0	0.0	1.0	0.0	1.0	0.0	0.0	1.0	0.0	1.0	1.0	1.0	1.0	0.07173086579155011	0.26072979978272365	303429.1	189.0	0.02138477	0.00027463472082348933	74.0
ATP13A5	3657	0.0	0.0	0.0	1.0	0.0	1.0	0.0	0.0	1.0	0.0	1.0	1.0	1.0	1.0	0.8250825082508251	0.983722679576834	141357.8	851.0	0.0008044262	0.0	0.0
BAP1	2190	0.0	0.2	0.0	0.2	0.0	1.0	0.6	0.0	0.31091750708257115	0.0	1.0	5.0	0.176772140710624	1.0	0.4835589941972921	0.8349042343550206	1078407.0	229.0	0.06225371	0.00029951597075820845	45.0
CACNA1D	6546	0.0	0.0	0.0	1.0	0.0	1.0	0.0	0.0	1.0	0.0	1.0	1.0	1.0	1.0	0.4050222762251924	0.7710867599688305	514645.4	578.0	0.04238587	0.0	1.0
CNTN3	3087	0.0	0.0	0.0	1.0	0.0	1.0	0.0	0.0	1.0	0.0	1.0	1.0	1.0	1.0	0.5282620179609087	0.8653792246313713	5646.076999999999	949.0	-0.02137682	0.0	1.0
FAM212A	864	0.0	0.0	0.0	1.0	0.0	1.0	0.0	0.0	1.0	0.0	1.0	1.0	1.0	1.0	0.09650646593321753	0.3221526026242615	1306720.0	191.0	0.03898701	7.363393212139426e-07	2.0
FANCD2	4416	1.0	0.0	0.0	0.0	0.0	1.0	0.0	0.0	1.0	0.0	0.0	0.0	1.0	1.0	1.0	1.0	885388.6	170.0	0.04080031	0.00018910875899785006	48.0
FBLN2	3696	1.0	0.0	0.0	0.0	0.0	1.0	0.0	0.0	1.0	0.0	0.0	0.0	1.0	1.0	1.0	1.0	375522.5	199.0	0.03619577	5.443941576240014e-05	16.0
GPR87	1077	0.0	0.0	0.0	1.0	0.0	1.0	0.0	0.0	1.0	0.0	1.0	1.0	1.0	1.0	0.6020469596628537	0.9075375259669825	578602.8247310757	478.68388429752065	0.017407570743426297	0.0	0.0
IGSF10	7872	0.0	0.0	0.0	1.0	0.0	1.0	0.0	0.0	1.0	0.0	1.0	1.0	1.0	1.0	0.21473051320592654	0.5450658071720508	36172.92	606.0	0.006121311999999999	0.0	1.0
NBEAL2	8265	1.0	0.0	0.0	0.0	0.0	1.0	0.0	0.0	1.0	0.0	0.0	0.0	1.0	1.0	1.0	1.0	537135.2	371.0	0.0448925	0.0	1.0
PPM1L	1083	0.0	0.0	0.0	1.0	0.0	1.0	0.0	0.0	1.0	0.0	1.0	1.0	1.0	1.0	0.0479570305006714	0.19362410641213595	585349.4	509.0	-0.004664321	0.0	1.0
ROBO2	4078	1.0	0.0	0.0	0.0	0.0	1.0	0.0	0.0	1.0	0.0	0.0	0.0	1.0	1.0	1.0	1.0	22182.62	1224.0	-0.01725721	2.318549284915165e-05	13.0
SCN11A	5376	1.0	0.0	0.0	0.0	0.0	1.0	0.0	0.0	1.0	0.0	0.0	0.0	1.0	1.0	1.0	1.0	276624.9	707.0	0.017766999999999998	0.0	0.0
SNX4	1353	0.0	0.0	0.0	1.0	0.0	1.0	0.0	0.0	1.0	0.0	1.0	1.0	1.0	1.0	0.40144520272982737	0.767837910991587	319721.5	132.0	0.03545481	2.4845522556531226e-05	18.0
STAB1	7713	0.0	0.0	0.0	1.0	0.0	1.0	0.0	0.0	1.0	0.0	1.0	1.0	1.0	1.0	0.3182686187141948	0.6826414830787491	1114087.0	192.0	0.04798502	2.561012531795833e-07	5.0
STAG1	3777	0.0	1.0	0.0	0.0	0.0	1.0	0.0	0.0	1.0	0.0	0.0	1.0	0.08136034496786268	1.0	1.0	1.0	245682.1	512.0	0.02225275	3.997405136453881e-05	21.0
TF	2097	0.0	0.0	0.0	1.0	0.0	1.0	0.0	0.0	1.0	0.0	1.0	1.0	1.0	1.0	0.5249343832020997	0.8632451488601912	489558.5	523.0	0.02611152	0.00019655079246147256	34.0
TMEM44	1428	1.0	0.0	0.0	0.0	0.0	1.0	0.0	0.0	1.0	0.0	0.0	0.0	1.0	1.0	1.0	1.0	370452.0	255.0	0.03393355	0.0	1.0
TP63	2043	1.0	0.0	0.0	0.0	0.0	1.0	0.0	0.0	1.0	0.0	0.0	0.0	1.0	1.0	1.0	1.0	140524.7	403.0	0.01467211	0.0007687831295050977	120.0
TWF2	1050	0.0	0.0	0.0	1.0	0.0	1.0	0.0	0.0	1.0	0.0	1.0	1.0	1.0	1.0	0.15183723048891587	0.4380422386811681	1114737.0	181.0	0.05153724	0.00011834011096643909	47.0
ZDHHC23	1230	0.0	0.0	0.0	1.0	0.0	1.0	0.0	0.0	1.0	0.0	1.0	1.0	1.0	1.0	0.0531434341287134	0.20910669695288875	441945.7	487.0	0.02884438	1.4415239225723156e-06	2.0
ZNF197	3090	0.0	0.0	0.0	1.0	0.0	1.0	0.0	0.0	1.0	0.0	1.0	1.0	1.0	1.0	0.5847953216374269	0.8985341348038411	435136.9	541.0	0.03999236	1.1445853047642931e-05	9.0
ARID1B	6750	0.0	0.0	0.0	1.0	0.0	1.0	0.0	0.0	1.0	0.0	1.0	1.0	1.0	1.0	0.41101520756267984	0.7764591302101873	143122.5	621.0	0.02726319	1.7388931612197068e-05	33.0
ATXN1	2448	1.0	0.0	0.0	0.0	0.0	1.0	0.0	0.0	1.0	0.0	0.0	0.0	1.0	1.0	1.0	1.0	109776.5	623.0	0.03012214	0.003878732097292867	256.0
C6orf211	1326	0.0	0.0	0.0	1.0	0.0	1.0	0.0	0.0	1.0	0.0	1.0	1.0	1.0	1.0	0.05604438715462647	0.2175425250489991	336608.2	468.0	0.03009677	0.00011964364728192339	23.0
CAP2	1434	0.0	0.0	0.0	1.0	0.0	1.0	0.0	0.0	1.0	0.0	1.0	1.0	1.0	1.0	0.4863813229571984	0.8369466671171784	249798.1	454.0	-0.007858038000000001	0.00010677176532829035	15.0
CD109	4338	0.0	0.0	0.0	1.0	0.0	1.0	0.0	0.0	1.0	0.0	1.0	1.0	1.0	1.0	0.5120327700972862	0.8547704310775943	706355.7	215.0	0.01514226	8.37292639324223e-06	10.0
CDC40	1740	0.0	0.0	0.0	1.0	0.0	1.0	0.0	0.0	1.0	0.0	1.0	1.0	1.0	1.0	0.3883495145631068	0.7556697219866795	132626.6	636.0	0.01931449	3.218418450092448e-05	29.0
COL12A1	9192	0.0	0.0	0.0	1.0	0.0	1.0	0.0	0.0	1.0	0.0	1.0	1.0	1.0	1.0	0.508646998982706	0.8524928899923575	359823.6	486.0	-0.007778816	0.0	0.0
DNAH8	14124	0.0	0.0	0.0	1.0	0.0	1.0	0.0	0.0	1.0	0.0	1.0	1.0	1.0	1.0	0.1330671989354624	0.40145056862341133	229300.8	845.0	0.02507442	0.0	0.0
DOPEY1	7431	0.0	0.0	0.0	1.0	0.0	1.0	0.0	0.0	1.0	0.0	1.0	1.0	1.0	1.0	0.31387319522912743	0.6775788485523718	151511.0	697.0	0.00711689	0.0	0.0
DPCR1	4182	0.25	0.0	0.0	0.75	0.0	1.0	0.0	0.0	1.0	0.0	1.5	1.5	1.0	1.0	0.13012361743656473	0.3954808558218032	2483101.0	261.0	0.03576834	0.0	1.0
EFHC1	1923	1.0	0.0	0.0	0.0	0.0	1.0	0.0	0.0	1.0	0.0	0.0	0.0	1.0	1.0	1.0	1.0	396933.9	431.0	0.03350335	5.3372585698007744e-06	6.0
FOXC1	1662	0.0	0.0	0.0	1.0	0.0	1.0	0.0	0.0	1.0	0.0	1.0	1.0	1.0	1.0	0.06103515625	0.231708084036688	145123.5	487.0	0.01991143	1.1273978357790614e-05	8.0
FOXF2	1335	0.0	0.0	0.0	1.0	0.0	1.0	0.0	0.0	1.0	0.0	1.0	1.0	1.0	1.0	0.042506163393692085	0.17674514122835372	114943.8	481.0	0.01446384	2.4114273798990588e-06	7.0
GINM1	993	1.0	0.0	0.0	0.0	0.0	1.0	0.0	0.0	1.0	0.0	0.0	0.0	1.0	1.0	1.0	1.0	435828.5	150.0	0.04052258	0.0003235021361036858	53.0
KLHL31	1905	0.0	0.0	0.0	1.0	0.0	1.0	0.0	0.0	1.0	0.0	1.0	1.0	1.0	1.0	0.16630633627141195	0.4646472296786018	306333.4	404.0	0.02032591	0.0	0.0
MCHR2	1023	1.0	0.0	0.0	0.0	0.0	1.0	0.0	0.0	1.0	0.0	0.0	0.0	1.0	1.0	1.0	1.0	258745.4	719.0	-0.01575312	0.0	0.0
MDN1	16791	0.0	0.0	0.0	1.0	0.0	1.0	0.0	0.0	1.0	0.0	1.0	1.0	1.0	1.0	0.10787486515641856	0.3480888219609238	372470.2	603.0	0.03416097	6.647551932879879e-05	30.0
OR2B2	1074	0.0	0.0	0.0	1.0	0.0	1.0	0.0	0.0	1.0	0.0	1.0	1.0	1.0	1.0	0.07942180922881423	0.2805958440965423	228884.3	634.0	0.03984131	0.0	0.0
OR2B3	942	0.0	0.0	0.0	1.0	0.0	1.0	0.0	0.0	1.0	0.0	1.0	1.0	1.0	1.0	0.1205836247437598	0.3756676456612889	155146.6	738.0	0.0008954832	0.0	0.0
PGBD1	2430	0.0	0.0	0.0	1.0	0.0	1.0	0.0	0.0	1.0	0.0	1.0	1.0	1.0	1.0	0.07072635971426551	0.2580760263533278	273319.3	502.0	0.03471911	1.8210521645152912e-05	14.0
PPP2R5D	1809	0.0	0.0	1.0	0.0	0.0	1.0	0.0	0.0	1.0	0.0	0.0	1.0	0.0948676596148373	1.0	1.0	1.0	1200368.0	259.0	0.04042605	0.00016978557618929478	57.0
PRSS16	1545	0.0	0.0	0.0	1.0	0.0	1.0	0.0	0.0	1.0	0.0	1.0	1.0	1.0	1.0	0.5446623093681917	0.8755932964043021	161388.1	645.0	0.02432843	0.0	1.0
PSMB8	831	1.0	0.0	0.0	0.0	0.0	1.0	0.0	0.0	1.0	0.0	0.0	0.0	1.0	1.0	1.0	1.0	1253457.0	401.0	0.02618648	2.0458778108439964e-05	62.0
QKI	1026	0.0	0.0	1.0	0.0	0.0	1.0	0.0	0.0	1.0	0.0	0.0	1.0	0.11314777098891153	1.0	1.0	1.0	81134.19	1131.0	0.0009164828999999999	0.0002467866671738708	61.0
ROS1	7044	0.0	0.0	0.0	1.0	0.0	1.0	0.0	0.0	1.0	0.0	1.0	1.0	1.0	1.0	0.21958717610891526	0.5524826455075864	168681.7	310.0	-0.01750335	6.157980018650264e-07	6.0
SYNE1	26394	0.0	0.0	0.0	1.0	0.0	1.0	0.0	0.0	1.0	0.0	1.0	1.0	1.0	1.0	0.1110370863868532	0.35508450165216304	79158.5	579.0	0.003015561	6.0664660056734056e-05	28.0
SYTL3	1833	0.0	0.0	0.0	1.0	0.0	1.0	0.0	0.0	1.0	0.0	1.0	1.0	1.0	1.0	0.547645125958379	0.8773974710694287	606618.1	188.0	0.05069262	1.3778359681019868e-06	3.0
TRERF1	3603	0.0	0.0	0.0	1.0	0.0	1.0	0.0	0.0	1.0	0.0	1.0	1.0	1.0	1.0	0.5707762557077626	0.8908436030332191	746644.0	342.0	0.04441372	1.0064985843788513e-05	9.0
TRIM15	1398	1.0	0.0	0.0	0.0	0.0	1.0	0.0	0.0	1.0	0.0	0.0	0.0	1.0	1.0	1.0	1.0	1932849.0	486.0	0.04832948	0.00010851115616071288	17.0
USP49	1923	0.0	0.0	0.0	1.0	0.0	1.0	0.0	0.0	1.0	0.0	1.0	1.0	1.0	1.0	0.04685157421289355	0.19025349839454708	429516.5	341.0	0.04047546	3.1340591174187235e-05	38.0
VWA7	2676	0.0	0.0	0.0	1.0	0.0	1.0	0.0	0.0	1.0	0.0	1.0	1.0	1.0	1.0	0.07718431614695892	0.2748964959330875	2509866.0	183.0	0.03181325	0.0	1.0
ZSCAN16	1047	0.0	0.0	0.0	1.0	0.0	1.0	0.0	0.0	1.0	0.0	1.0	1.0	1.0	1.0	0.5102040816326531	0.8535430985930744	213169.8	562.0	0.02323846	2.5417721243591385e-05	4.0
ACSM4	1743	0.0	0.0	0.0	1.0	0.0	1.0	0.0	0.0	1.0	0.0	1.0	1.0	1.0	1.0	0.25900025900025897	0.608890499166563	1157790.0	439.0	0.02726136	0.0	0.0
ALDH2	1554	0.0	0.0	0.0	1.0	0.0	1.0	0.0	0.0	1.0	0.0	1.0	1.0	1.0	1.0	0.21358393848782573	0.5432988827570953	691258.4	242.0	0.04388847	0.0002075824575615992	39.0
BAZ2A	5718	0.0	0.0	0.0	1.0	0.0	1.0	0.0	0.0	1.0	0.0	1.0	1.0	1.0	1.0	0.5053057099545225	0.8502231766651989	2782714.0	164.0	0.04954132	6.286895279835589e-07	9.0
CAND1	3693	0.0	0.0	0.0	1.0	0.0	1.0	0.0	0.0	1.0	0.0	1.0	1.0	1.0	1.0	0.2736726874657909	0.6283039020130858	237288.9	810.0	-0.01323872	0.0061482106653140255	688.0
CBX5	576	0.0	0.0	0.0	1.0	0.0	1.0	0.0	0.0	1.0	0.0	1.0	1.0	1.0	1.0	0.3775009437523594	0.7452556475235683	753625.1	205.0	0.0587856	0.002043990164982867	155.0
CD163	3471	0.0	0.0	0.0	1.0	0.0	1.0	0.0	0.0	1.0	0.0	1.0	1.0	1.0	1.0	0.7267441860465116	0.9587069327842672	665695.4	608.0	0.01303465	1.0183296949356233e-06	2.0
COL2A1	4464	0.0	0.0	0.0	1.0	0.0	1.0	0.0	0.0	1.0	0.0	1.0	1.0	1.0	1.0	0.6574621959237343	0.9331808108331071	374433.4	246.0	0.04662775	0.00016984071000293	19.0
DDX51	2001	1.0	0.0	0.0	0.0	0.0	1.0	0.0	0.0	1.0	0.0	0.0	0.0	1.0	1.0	1.0	1.0	578602.8247310757	478.68388429752065	0.017407570743426297	7.364604472923227e-07	6.0
E2F7	2736	0.0	0.0	0.0	1.0	0.0	1.0	0.0	0.0	1.0	0.0	1.0	1.0	1.0	1.0	0.2630194634402946	0.6142891225844919	106320.2	887.0	-0.011304	3.270260447324536e-06	7.0
GNB3	1023	0.0	0.0	0.0	1.0	0.0	1.0	0.0	0.0	1.0	0.0	1.0	1.0	1.0	1.0	0.8237232289950577	0.983460208103218	2822601.0	232.0	0.03213006	1.468234075981629e-05	21.0
IRAK3	1791	0.0	0.0	1.0	0.0	0.0	1.0	0.0	0.0	1.0	0.0	0.0	1.0	0.02095162270317836	1.0	1.0	1.0	239870.7	696.0	0.004102843	2.533741119923819e-05	18.0
ITPR2	8106	1.0	0.0	0.0	0.0	0.0	1.0	0.0	0.0	1.0	0.0	0.0	0.0	1.0	1.0	1.0	1.0	359657.6	548.0	0.02160865	3.135029476649181e-05	10.0
KRR1	1146	0.0	0.0	0.0	1.0	0.0	1.0	0.0	0.0	1.0	0.0	1.0	1.0	1.0	1.0	0.16189088554314393	0.4566671064778634	513610.4	524.0	-0.0102871	3.944179706155317e-05	61.0
LMO3	504	1.0	0.0	0.0	0.0	0.0	1.0	0.0	0.0	1.0	0.0	0.0	0.0	1.0	1.0	1.0	1.0	149303.0	802.0	-0.01485818	4.47856312274557e-05	32.0
MRPS35	972	1.0	0.0	0.0	0.0	0.0	1.0	0.0	0.0	1.0	0.0	0.0	0.0	1.0	1.0	1.0	1.0	348119.1	376.0	0.003928253	3.672038569080246e-05	40.0
MYF6	729	1.0	0.0	0.0	0.0	0.0	1.0	0.0	0.0	1.0	0.0	0.0	0.0	1.0	1.0	1.0	1.0	27810.08	974.0	-0.0009560407	0.0	1.0
NOC4L	1551	0.0	0.0	0.0	1.0	0.0	1.0	0.0	0.0	1.0	0.0	1.0	1.0	1.0	1.0	0.16600265604249667	0.4641021730573693	578602.8247310757	478.68388429752065	0.017407570743426297	2.281743042004388e-05	34.0
OR6C65	939	0.0	0.0	0.0	1.0	0.0	1.0	0.0	0.0	1.0	0.0	1.0	1.0	1.0	1.0	0.2378686964795433	0.579456815655258	667726.2	802.0	-0.01433464	0.0	0.0
OVCH1	3405	0.0	0.0	0.0	1.0	0.0	1.0	0.0	0.0	1.0	0.0	1.0	1.0	1.0	1.0	0.5037783375314862	0.8491782942766517	100194.5	539.0	-0.005158658	0.0	0.0
PARPBP	1740	0.0	0.0	0.0	1.0	0.0	1.0	0.0	0.0	1.0	0.0	1.0	1.0	1.0	1.0	0.09399379640943696	0.316244618341407	229712.2	552.0	0.01167898	0.0	0.0
PITPNM2	4050	0.0	0.0	0.0	1.0	0.0	1.0	0.0	0.0	1.0	0.0	1.0	1.0	1.0	1.0	0.06906554320049728	0.2536569738102965	1122735.0	196.0	0.04432551	1.0629307386589661e-07	2.0
PTPRB	6648	1.0	0.0	0.0	0.0	0.0	1.0	0.0	0.0	1.0	0.0	0.0	0.0	1.0	1.0	1.0	1.0	159249.8	454.0	-0.02589898	3.8906566482105844e-07	5.0
SCARB1	1530	0.0	0.0	0.0	1.0	0.0	1.0	0.0	0.0	1.0	0.0	1.0	1.0	1.0	1.0	0.2290426019239579	0.5666164127640294	1090766.0	206.0	0.03451163	6.257588102436836e-05	16.0
SLC6A13	1809	1.0	0.0	0.0	0.0	0.0	1.0	0.0	0.0	1.0	0.0	0.0	0.0	1.0	1.0	1.0	1.0	316827.1	557.0	0.02846953	0.0	1.0
SSH1	3150	0.0	0.0	0.0	1.0	0.0	1.0	0.0	0.0	1.0	0.0	1.0	1.0	1.0	1.0	0.3405994550408719	0.7074414546158956	474364.3	293.0	0.04485998	1.0535828977515566e-05	6.0
TBX5	1557	0.0	1.0	0.0	0.0	0.0	1.0	0.0	0.0	1.0	0.0	0.0	1.0	0.048116248857239086	1.0	1.0	1.0	88839.62	794.0	-0.02461375	1.0706203795335421e-06	7.0
TPCN1	2667	0.0	0.0	0.0	1.0	0.0	1.0	0.0	0.0	1.0	0.0	1.0	1.0	1.0	1.0	0.6207324643078833	0.9167319082525373	429315.5	206.0	0.03636902	1.4305624454932767e-07	2.0
USP15	2946	0.0	0.0	0.0	1.0	0.0	1.0	0.0	0.0	1.0	0.0	1.0	1.0	1.0	1.0	0.2010454362685967	0.5235674196584668	239150.3	456.0	-0.02616057	0.0009239170122921065	132.0
VSIG10	1623	0.0	0.0	0.0	1.0	0.0	1.0	0.0	0.0	1.0	0.0	1.0	1.0	1.0	1.0	0.41788549937317176	0.7825105762332787	637548.5	608.0	0.01692657	0.0	1.0
WDR66	3450	1.0	0.0	0.0	0.0	0.0	1.0	0.0	0.0	1.0	0.0	0.0	0.0	1.0	1.0	1.0	1.0	814233.8	162.0	0.03773869999999999	0.0	1.0
ACTB	1128	0.0	0.0	0.0	1.0	0.0	1.0	0.0	0.0	1.0	0.0	1.0	1.0	1.0	1.0	0.34928396786587496	0.7166853042668453	1906749.0	195.0	0.03384876	0.003320233724497074	228.0
AKAP9	11724	0.0	0.0	0.0	1.0	0.0	1.0	0.0	0.0	1.0	0.0	1.0	1.0	1.0	1.0	0.5235602094240838	0.8623577183552558	674222.5	611.0	0.01556584	0.00016595927170958688	52.0
AMZ1	1497	0.0	0.0	0.0	1.0	0.0	1.0	0.0	0.0	1.0	0.0	1.0	1.0	1.0	1.0	0.2658867322520606	0.6181028661228929	767439.8	392.0	0.029588	0.0	0.0
BZW2	1260	1.0	0.0	0.0	0.0	0.0	1.0	0.0	0.0	1.0	0.0	0.0	0.0	1.0	1.0	1.0	1.0	326035.2	468.0	-0.01475811	0.00021254593949435752	41.0
CCDC126	423	0.5	0.0	0.0	0.5	0.0	1.0	0.0	0.0	1.0	0.0	0.5	0.5	1.0	1.0	0.7087172218284904	0.9527276207446328	389944.8	361.0	0.02340351	7.560062886817583e-07	2.0
COBL	3786	1.0	0.0	0.0	0.0	0.0	1.0	0.0	0.0	1.0	0.0	0.0	0.0	1.0	1.0	1.0	1.0	133439.5	509.0	-0.02168612	1.835352865463706e-06	8.0
DNAH11	13551	0.0	0.0	0.0	1.0	0.0	1.0	0.0	0.0	1.0	0.0	1.0	1.0	1.0	1.0	0.3615328994938539	0.7293572788295613	118222.6	671.0	0.00751606	0.0	1.0
FKBP9	1713	1.0	0.0	0.0	0.0	0.0	1.0	0.0	0.0	1.0	0.0	0.0	0.0	1.0	1.0	1.0	1.0	375055.2	235.0	0.01297114	4.060689968480879e-05	22.0
GAL3ST4	1461	0.0	0.0	0.0	1.0	0.0	1.0	0.0	0.0	1.0	0.0	1.0	1.0	1.0	1.0	0.3785011355034065	0.7462286926949787	1299015.0	205.0	0.05151134	0.0	1.0
HOXA4	963	1.0	0.0	0.0	0.0	0.0	1.0	0.0	0.0	1.0	0.0	0.0	0.0	1.0	1.0	1.0	1.0	356045.0	385.0	0.02835226	0.0	0.0
ITGB8	2310	1.0	0.0	0.0	0.0	0.0	1.0	0.0	0.0	1.0	0.0	0.0	0.0	1.0	1.0	1.0	1.0	207764.4	550.0	0.02968698	4.657868112613472e-06	7.0
LRRN3	2127	1.0	0.0	0.0	0.0	0.0	1.0	0.0	0.0	1.0	0.0	0.0	0.0	1.0	1.0	1.0	1.0	65006.38	840.0	0.0017777720000000002	0.0	1.0
MUC17	13482	0.0	0.0	0.0	1.0	0.0	1.0	0.0	0.0	1.0	0.0	1.0	1.0	1.0	1.0	0.7347538574577517	0.9612194883683536	1124475.0	272.0	0.04257712	0.0	0.0
PPP1R3A	3369	0.0	0.0	0.0	1.0	0.0	1.0	0.0	0.0	1.0	0.0	1.0	1.0	1.0	1.0	0.6472491909385113	0.9288180649512678	12173.31	914.0	-0.02144603	4.31726142671239e-05	45.0
RELN	10383	0.0	0.0	0.0	1.0	0.0	1.0	0.0	0.0	1.0	0.0	1.0	1.0	1.0	1.0	0.2459419576979833	0.5909148340398809	291010.7	954.0	0.007476648000000001	3.7104274228164002e-06	6.0
SLC26A5	2235	0.0	0.0	0.0	1.0	0.0	1.0	0.0	0.0	1.0	0.0	1.0	1.0	1.0	1.0	0.14320492624946302	0.4215206392473005	355263.7	620.0	0.01718355	0.0	0.0
STYXL1	942	1.0	0.0	0.0	0.0	0.0	1.0	0.0	0.0	1.0	0.0	0.0	0.0	1.0	1.0	1.0	1.0	1072825.0	218.0	0.04854818	9.553599807135004e-07	6.0
TSC22D4	1188	0.0	0.0	0.0	1.0	0.0	1.0	0.0	0.0	1.0	0.0	1.0	1.0	1.0	1.0	0.4342162396873643	0.7964449070076197	1479297.0	186.0	0.06007981	0.0006565800680855364	78.0
APC	8532	0.0	0.0	0.0	1.0	0.0	1.0	0.0	0.0	1.0	0.0	1.0	1.0	1.0	1.0	0.14302059496567507	0.42116227665235095	247810.8	399.0	0.027549900000000002	0.0011859180647700938	137.0
ARSB	1602	0.0	0.0	0.0	1.0	0.0	1.0	0.0	0.0	1.0	0.0	1.0	1.0	1.0	1.0	0.373134328358209	0.7409764158667036	203299.0	452.0	0.05008568	1.4988855177795057e-05	7.0
DMXL1	9084	1.0	0.0	0.0	0.0	0.0	1.0	0.0	0.0	1.0	0.0	0.0	0.0	1.0	1.0	1.0	1.0	305799.9	381.0	0.02791823	4.3667854061062095e-06	4.0
F12	1848	0.0	0.0	0.0	1.0	0.0	1.0	0.0	0.0	1.0	0.0	1.0	1.0	1.0	1.0	0.6600660066006601	0.9342676164761271	1038665.0	261.0	0.05944085	2.8461824417674834e-05	13.0
FAM13B	2748	0.0	0.0	0.0	1.0	0.0	1.0	0.0	0.0	1.0	0.0	1.0	1.0	1.0	1.0	0.042916613020900385	0.17803940938610446	992763.2	396.0	0.03936058	1.1521488630066194e-06	6.0
FASTKD3	1989	1.0	0.0	0.0	0.0	0.0	1.0	0.0	0.0	1.0	0.0	0.0	0.0	1.0	1.0	1.0	1.0	65780.69	1013.0	-0.01802683	1.8112937195266355e-05	9.0
GRIA1	2751	0.0	0.0	0.0	1.0	0.0	1.0	0.0	0.0	1.0	0.0	1.0	1.0	1.0	1.0	0.3076923076923077	0.6703553834897372	67092.0	914.0	-0.003011418	3.232278650787481e-05	17.0
GRM6	2634	1.0	0.0	0.0	0.0	0.0	1.0	0.0	0.0	1.0	0.0	0.0	0.0	1.0	1.0	1.0	1.0	434745.4	839.0	0.002190194	7.067056664122063e-08	3.0
KLHL3	1764	0.0	0.0	0.0	1.0	0.0	1.0	0.0	0.0	1.0	0.0	1.0	1.0	1.0	1.0	0.35298270384751146	0.7205563786969218	406828.1	409.0	0.02581874	1.988114273093595e-05	14.0
LIFR	3294	1.0	0.0	0.0	0.0	0.0	1.0	0.0	0.0	1.0	0.0	0.0	0.0	1.0	1.0	1.0	1.0	159760.1	271.0	-0.002320004	0.00010877369801813781	6.0
MGAT4B	1692	0.0	0.0	1.0	0.0	0.0	1.0	0.0	0.0	1.0	0.0	0.0	1.0	0.06093845216331505	1.0	1.0	1.0	1610057.0	359.0	0.03819048	2.173882234105349e-06	7.0
OCLN	1569	0.0	0.0	0.0	1.0	0.0	1.0	0.0	0.0	1.0	0.0	1.0	1.0	1.0	1.0	0.044296788482835	0.182362927986846	502558.8	312.0	0.032090499999999994	0.0001298720979021139	28.0
PCDHA2	2847	1.0	0.0	0.0	0.0	0.0	1.0	0.0	0.0	1.0	0.0	0.0	0.0	1.0	1.0	1.0	1.0	861651.5	606.0	0.002410771	8.796516465752283e-08	9.0
PCDHB16	2331	0.0	0.0	0.0	1.0	0.0	1.0	0.0	0.0	1.0	0.0	1.0	1.0	1.0	1.0	0.03242962770787392	0.14362053569195152	915569.0	724.0	-0.01088987	0.0	0.0
PCDHGA2	2799	0.0	0.0	0.0	1.0	0.0	1.0	0.0	0.0	1.0	0.0	1.0	1.0	1.0	1.0	0.026188293832656803	0.12157765531858973	662513.5	568.0	0.002360469	0.0	0.0
PDE4D	2430	0.0	1.0	0.0	0.0	0.0	1.0	0.0	0.0	1.0	0.0	0.0	1.0	0.06697923643670463	1.0	1.0	1.0	91123.85	682.0	0.01048038	0.00013307382510109188	37.0
PDE8B	2658	0.0	0.0	0.0	1.0	0.0	1.0	0.0	0.0	1.0	0.0	1.0	1.0	1.0	1.0	0.3252032520325203	0.6905056589458476	276127.5	451.0	0.02619345	0.0	0.0
RAI14	2952	0.0	0.0	0.0	1.0	0.0	1.0	0.0	0.0	1.0	0.0	1.0	1.0	1.0	1.0	0.22099447513812154	0.5546116192600863	270712.0	554.0	-0.006859100999999999	5.97895636138106e-05	26.0
RASGRF2	3714	0.0	0.0	0.0	1.0	0.0	1.0	0.0	0.0	1.0	0.0	1.0	1.0	1.0	1.0	0.13592496941688187	0.40718393923476015	214755.0	766.0	0.02948823	5.050094478830329e-07	6.0
SLC12A7	3252	0.0	0.0	0.0	1.0	0.0	1.0	0.0	0.0	1.0	0.0	1.0	1.0	1.0	1.0	0.10646225912913873	0.3449339647623099	639628.3	424.0	0.03090423	1.7247726477905915e-06	6.0
SLC27A6	1860	1.0	0.0	0.0	0.0	0.0	1.0	0.0	0.0	1.0	0.0	0.0	0.0	1.0	1.0	1.0	1.0	39183.15	962.0	-0.009674722	2.624663431340232e-05	11.0
SLIT3	4593	1.0	0.0	0.0	0.0	0.0	1.0	0.0	0.0	1.0	0.0	0.0	0.0	1.0	1.0	1.0	1.0	401911.4	706.0	0.01966497	0.0	1.0
SQSTM1	1323	0.0	0.0	0.0	1.0	0.0	1.0	0.0	0.0	1.0	0.0	1.0	1.0	1.0	1.0	0.19561815336463226	0.5147869164857657	1610057.0	359.0	0.03819048	0.0037450507436243953	202.0
TNIP1	1911	0.0	0.0	0.0	1.0	0.0	1.0	0.0	0.0	1.0	0.0	1.0	1.0	1.0	1.0	0.5154639175257731	0.8570556562243489	892080.1	382.0	0.02652316	0.0003009866143495042	74.0
TNPO1	2697	1.0	0.0	0.0	0.0	0.0	1.0	0.0	0.0	1.0	0.0	0.0	0.0	1.0	1.0	1.0	1.0	469584.8	388.0	0.02962885	0.00012597353519188688	53.0
ADAM21	2169	1.0	0.0	0.0	0.0	0.0	1.0	0.0	0.0	1.0	0.0	0.0	0.0	1.0	1.0	1.0	1.0	423684.6	706.0	0.021679900000000002	0.0	0.0
C14orf39	1764	0.0	0.0	0.0	1.0	0.0	1.0	0.0	0.0	1.0	0.0	1.0	1.0	1.0	1.0	0.6540222367560498	0.9317291870156476	325446.2	618.0	0.0002164301	0.0	0.0
DCAF11	1641	0.0	0.0	0.0	1.0	0.0	1.0	0.0	0.0	1.0	0.0	1.0	1.0	1.0	1.0	0.12484394506866416	0.3846055881498461	992349.8	355.0	0.01899036	4.959251888647288e-05	23.0
FAM71D	1269	1.0	0.0	0.0	0.0	0.0	1.0	0.0	0.0	1.0	0.0	0.0	0.0	1.0	1.0	1.0	1.0	479620.4	324.0	0.01934806	0.0	1.0
FANCM	6147	0.0	0.0	0.0	1.0	0.0	1.0	0.0	0.0	1.0	0.0	1.0	1.0	1.0	1.0	0.3247807729782397	0.6900308116084325	234453.8	565.0	0.008085279	0.0001421153817788815	29.0
GPR68	1098	1.0	0.0	0.0	0.0	0.0	1.0	0.0	0.0	1.0	0.0	0.0	0.0	1.0	1.0	1.0	1.0	251272.9	462.0	0.0419681	0.0	0.0
IGHV1-46	351	0.0	0.0	0.0	1.0	0.0	1.0	0.0	0.0	1.0	0.0	1.0	1.0	1.0	1.0	0.28034763106251753	0.6368726959284428	578602.8247310757	478.68388429752065	0.017407570743426297	0.0	0.0
IRF2BPL	2391	1.0	0.0	0.0	0.0	0.0	1.0	0.0	0.0	1.0	0.0	0.0	0.0	1.0	1.0	1.0	1.0	429724.0	206.0	0.05212419	1.8282462572407457e-05	15.0
PTGER2	1077	0.0	0.0	0.0	1.0	0.0	1.0	0.0	0.0	1.0	0.0	1.0	1.0	1.0	1.0	0.6756756756756757	0.940568978227043	405022.4	533.0	0.0175715	0.0	0.0
RAB2B	651	0.0	0.0	0.0	1.0	0.0	1.0	0.0	0.0	1.0	0.0	1.0	1.0	1.0	1.0	0.4714757190004714	0.8259725014533452	707389.9	470.0	0.03022622	4.553921470903064e-05	10.0
TPPP2	513	0.0	0.0	0.0	1.0	0.0	1.0	0.0	0.0	1.0	0.0	1.0	1.0	1.0	1.0	0.5733944954128439	0.8923058058983875	971416.6	320.0	0.01228671	0.0	0.0
WDHD1	3390	0.0	0.0	0.0	1.0	0.0	1.0	0.0	0.0	1.0	0.0	1.0	1.0	1.0	1.0	0.5319148936170213	0.8676977536392858	752481.4	255.0	0.03545505	4.96819668026832e-05	35.0
WDR25	1635	1.0	0.0	0.0	0.0	0.0	1.0	0.0	0.0	1.0	0.0	0.0	0.0	1.0	1.0	1.0	1.0	410676.5	215.0	0.02339573	3.8988491504800725e-06	7.0
XRCC3	1041	0.0	0.0	0.0	1.0	0.0	1.0	0.0	0.0	1.0	0.0	1.0	1.0	1.0	1.0	0.3088326127239037	0.6716972993376908	765678.0	266.0	0.04321798	8.658040350289906e-06	11.0
ZNF839	2784	0.0	0.0	0.0	1.0	0.0	1.0	0.0	0.0	1.0	0.0	1.0	1.0	1.0	1.0	0.5102040816326531	0.8535430985930744	1615110.0	214.0	0.03539993	4.385874291152119e-07	3.0
ADAMTS18	3666	0.0	0.0	0.0	1.0	0.0	1.0	0.0	0.0	1.0	0.0	1.0	1.0	1.0	1.0	0.11376564277588168	0.3610483175992133	61970.81	1102.0	-0.02624841	0.0	0.0
ALG1	1395	0.0	0.0	0.0	0.0	0.0	1.0	0.0	0.0	1.0	1.0	0.0	1.0	0.04786062984588877	1.0	0.2316423442205235	0.5704333371724208	552298.3	419.0	0.002509425	2.8460211977983667e-06	6.0
CETP	1482	0.0	0.0	0.0	1.0	0.0	1.0	0.0	0.0	1.0	0.0	1.0	1.0	1.0	1.0	0.02434333844543441	0.11479094043229406	842366.2	125.0	0.05204742	8.356238761065324e-07	2.0
CHST4	1161	0.0	0.0	0.0	1.0	0.0	1.0	0.0	0.0	1.0	0.0	1.0	1.0	1.0	1.0	0.17972681524083392	0.4881950528506824	443039.5	600.0	0.01752025	0.0	1.0
CYLD	2871	0.0	0.0	0.0	1.0	0.0	1.0	0.0	0.0	1.0	0.0	1.0	1.0	1.0	1.0	0.40749796251018733	0.7733167670288181	279624.0	792.0	0.002405956	0.00032558047966211863	45.0
FANCA	4368	1.0	0.0	0.0	0.0	0.0	1.0	0.0	0.0	1.0	0.0	0.0	0.0	1.0	1.0	1.0	1.0	578602.8247310757	478.68388429752065	0.017407570743426297	0.0003504242128416195	70.0
FUK	3255	1.0	0.0	0.0	0.0	0.0	1.0	0.0	0.0	1.0	0.0	0.0	0.0	1.0	1.0	1.0	1.0	930872.5	125.0	0.04432339	1.2949485549644645e-07	3.0
FUS	1581	0.0	0.0	0.0	1.0	0.0	1.0	0.0	0.0	1.0	0.0	1.0	1.0	1.0	1.0	0.050286633812732566	0.2006444718172524	1250318.0	351.0	0.02556849	0.0035358375864015883	328.0
GP2	1614	1.0	0.0	0.0	0.0	0.0	1.0	0.0	0.0	1.0	0.0	0.0	0.0	1.0	1.0	1.0	1.0	243266.0	848.0	-0.004925605	2.306768644551513e-08	2.0
KATNB1	1968	0.0	0.0	0.0	1.0	0.0	1.0	0.0	0.0	1.0	0.0	1.0	1.0	1.0	1.0	0.4764173415912339	0.8296622395609795	712945.0	168.0	0.03437694	0.00013023438176356118	16.0
KCTD19	2781	0.0	0.0	0.0	1.0	0.0	1.0	0.0	0.0	1.0	0.0	1.0	1.0	1.0	1.0	0.5417118093174431	0.8737925980935322	1201743.0	142.0	0.05641936	0.0	1.0
KIAA0430	5229	0.0	0.0	0.0	1.0	0.0	1.0	0.0	0.0	1.0	0.0	1.0	1.0	1.0	1.0	0.8012820512820513	0.9787998957910544	538785.7	282.0	0.02943282	1.4210759813895043e-06	3.0
KIAA0556	4857	1.0	0.0	0.0	0.0	0.0	1.0	0.0	0.0	1.0	0.0	0.0	0.0	1.0	1.0	1.0	1.0	349212.3	620.0	0.01177148	0.0	0.0
LCAT	1323	1.0	0.0	0.0	0.0	0.0	1.0	0.0	0.0	1.0	0.0	0.0	0.0	1.0	1.0	1.0	1.0	879834.5	158.0	0.04960163	1.4633392522496783e-06	5.0
NLRC5	5601	0.0	0.0	0.0	1.0	0.0	1.0	0.0	0.0	1.0	0.0	1.0	1.0	1.0	1.0	0.16644474034620507	0.4648954584656847	804832.2	154.0	0.05271171	2.2055068250572056e-07	4.0
NOD2	3123	0.0	0.0	0.0	1.0	0.0	1.0	0.0	0.0	1.0	0.0	1.0	1.0	1.0	1.0	0.12417732522041475	0.3832167754642255	294632.2	792.0	0.0008922454	8.497975592564782e-05	31.0
OSGIN1	1434	0.0	0.0	0.0	1.0	0.0	1.0	0.0	0.0	1.0	0.0	1.0	1.0	1.0	1.0	0.17006802721088435	0.4713531908011114	387176.7	550.0	-0.005520728000000001	2.4200637689667105e-05	18.0
PPL	5271	0.0	0.0	0.0	1.0	0.0	1.0	0.0	0.0	1.0	0.0	1.0	1.0	1.0	1.0	0.6285355122564424	0.9204039907955058	702265.0	206.0	0.01903409	0.00020375479851486724	37.0
PRR14	1758	0.0	0.0	0.0	1.0	0.0	1.0	0.0	0.0	1.0	0.0	1.0	1.0	1.0	1.0	0.2056766762649116	0.5309440304183324	2255010.0	158.0	0.05966051	2.427448498343132e-05	10.0
RGS11	1404	1.0	0.0	0.0	0.0	0.0	1.0	0.0	0.0	1.0	0.0	0.0	0.0	1.0	1.0	1.0	1.0	1340678.0	205.0	0.04291445	4.5582435358215515e-06	4.0
SNX20	951	0.0	0.0	0.0	1.0	0.0	1.0	0.0	0.0	1.0	0.0	1.0	1.0	1.0	1.0	0.21012817818869511	0.5379360290268911	294632.2	792.0	0.0008922454	3.304065130763901e-06	7.0
WDR90	5247	0.0	0.0	0.0	1.0	0.0	1.0	0.0	0.0	1.0	0.0	1.0	1.0	1.0	1.0	0.41823504809703055	0.7828154280536126	1161748.0	194.0	0.03606529	1.9482133422320868e-06	5.0
ZC3H7A	2916	0.0	1.0	0.0	0.0	0.0	1.0	0.0	0.0	1.0	0.0	0.0	1.0	0.07367025195226168	1.0	1.0	1.0	585294.1	214.0	0.04071487	1.5376329000560484e-06	5.0
ASB6	1266	0.0	0.0	0.0	1.0	0.0	1.0	0.0	0.0	1.0	0.0	1.0	1.0	1.0	1.0	0.20755500207555005	0.5339059576987715	794813.3	198.0	0.04020719	7.989915702875276e-05	29.0
COL27A1	5583	0.0	0.0	0.0	1.0	0.0	1.0	0.0	0.0	1.0	0.0	1.0	1.0	1.0	1.0	0.16553550736633008	0.4632626322060262	224550.0	425.0	0.002591004	0.0	1.0
FBXO10	2871	0.0	0.0	0.0	1.0	0.0	1.0	0.0	0.0	1.0	0.0	1.0	1.0	1.0	1.0	0.25660764690787785	0.6056471712487996	511883.2	338.0	0.03361665	1.5912334046216855e-05	5.0
GNAQ	1080	0.0	0.04	0.0	0.96	0.88	0.10843058881261768	0.0	0.0	0.15494802938951674	0.0	24.0	25.0	0.8264462809917356	0.0	0.0	2.402585092994044e-09	328480.5	671.0	-0.02381614	0.00040700112862069216	58.0
HIATL2	405	0.0	0.0	0.0	1.0	0.0	1.0	0.0	0.0	1.0	0.0	1.0	1.0	1.0	1.0	0.3853564547206166	0.7528271740338544	578602.8247310757	478.68388429752065	0.017407570743426297	0.0	0.0
MUSK	2610	1.0	0.0	0.0	0.0	0.0	1.0	0.0	0.0	1.0	0.0	0.0	0.0	1.0	1.0	1.0	1.0	254657.4	422.0	0.00861612	1.6641870419936634e-06	3.0
NFX1	3363	0.0	0.0	0.0	1.0	0.0	1.0	0.0	0.0	1.0	0.0	1.0	1.0	1.0	1.0	0.19611688566385568	0.5156000082512293	909394.3	141.0	0.03846892	4.4957111585285435e-05	42.0
PMPCA	1578	0.0	0.0	0.0	1.0	0.0	1.0	0.0	0.0	1.0	0.0	1.0	1.0	1.0	1.0	0.281214848143982	0.6379742175623337	1413299.0	233.0	0.04412388	1.8289681446799265e-05	13.0
PNPLA7	4029	1.0	0.0	0.0	0.0	0.0	1.0	0.0	0.0	1.0	0.0	0.0	0.0	1.0	1.0	1.0	1.0	578602.8247310757	478.68388429752065	0.017407570743426297	0.0	0.0
PRUNE2	9267	0.0	0.0	0.0	1.0	0.0	1.0	0.0	0.0	1.0	0.0	1.0	1.0	1.0	1.0	0.35498757543485976	0.7226384412120113	178729.8	851.0	-0.01504047	6.320066399540651e-06	12.0
PTPRD	5739	0.0	0.0	0.0	1.0	0.0	1.0	0.0	0.0	1.0	0.0	1.0	1.0	1.0	1.0	0.25621316935690497	0.6051102967457029	15779.62	1275.0	-0.02591428	3.492347119324272e-06	6.0
SETX	8034	0.0	0.0	0.0	1.0	0.0	1.0	0.0	0.0	1.0	0.0	2.0	2.0	1.0	1.0	0.3070310101320233	0.6695752306705853	888857.5	429.0	0.03573706	5.119862142228924e-05	13.0
SLC28A3	2076	1.0	0.0	0.0	0.0	0.0	1.0	0.0	0.0	1.0	0.0	0.0	0.0	1.0	1.0	1.0	1.0	396532.9	595.0	0.001523783	0.0	0.0
SLC2A8	1434	0.0	0.0	0.0	1.0	0.0	1.0	0.0	0.0	1.0	0.0	1.0	1.0	1.0	1.0	0.29994001199760045	0.6611196113763056	700547.1	270.0	0.04188857	1.4886070944002188e-06	5.0
SNAPC4	4410	0.0	0.0	0.0	1.0	0.0	1.0	0.0	0.0	1.0	0.0	1.0	1.0	1.0	1.0	0.32679738562091504	0.6922924561974804	1194160.0	258.0	0.02848474	8.325489966444691e-06	10.0
SVEP1	10716	0.0	0.0	0.0	1.0	0.0	1.0	0.0	0.0	1.0	0.0	1.0	1.0	1.0	1.0	0.41152263374485604	0.7769099824495709	211687.8	369.0	0.00147527	1.6103909427760484e-07	4.0
TMEM2	4152	0.0	0.0	0.0	1.0	0.0	1.0	0.0	0.0	1.0	0.0	1.0	1.0	1.0	1.0	0.7189072609633357	0.9561631293611114	235852.4	312.0	-0.006979749	7.752125048761562e-06	5.0
TMEM8B	1419	1.0	0.0	0.0	0.0	0.0	1.0	0.0	0.0	1.0	0.0	0.0	0.0	1.0	1.0	1.0	1.0	847663.2	227.0	0.05437345	0.0	1.0
TRAF2	1506	1.0	0.0	0.0	0.0	0.0	1.0	0.0	0.0	1.0	0.0	0.0	0.0	1.0	1.0	1.0	1.0	1950713.0	176.0	0.03892311	0.006074627735586921	321.0
TRPM6	6069	0.0	0.0	0.0	1.0	0.0	1.0	0.0	0.0	1.0	0.0	1.0	1.0	1.0	1.0	0.5102040816326531	0.8535430985930744	95661.92	726.0	-0.016202	0.0	0.0
ZNF462	7521	0.0	0.0	0.0	1.0	0.0	1.0	0.0	0.0	1.0	0.0	1.0	1.0	1.0	1.0	0.04341219882787063	0.17959690898145786	259212.7	625.0	-0.006507383	4.0819936725960617e-07	3.0
ZNF484	2565	0.0	0.0	0.0	1.0	0.0	1.0	0.0	0.0	1.0	0.0	1.0	1.0	1.0	1.0	0.7262164124909223	0.9585382859451836	599194.5	463.0	0.0393252	0.0	0.0
ZNF79	1497	1.0	0.0	0.0	0.0	0.0	1.0	0.0	0.0	1.0	0.0	0.0	0.0	1.0	1.0	1.0	1.0	742340.2	209.0	0.04344474	3.6688906134854395e-07	3.0
ATP1B4	1074	0.0	0.0	0.0	1.0	0.0	1.0	0.0	0.0	1.0	0.0	1.0	1.0	1.0	1.0	0.05280667476369013	0.20811731954801546	484939.0	478.68388429752065	0.02312834	0.00010868442998518918	37.0
BCOR	5268	0.0	0.0	0.0	1.0	0.0	1.0	0.0	0.0	1.0	0.0	1.0	1.0	1.0	1.0	0.06609385327164574	0.24564967136816024	377184.1	478.68388429752065	0.0421931	2.8665848400603443e-05	34.0
CLCN5	2451	0.0	0.0	0.0	1.0	0.0	1.0	0.0	0.0	1.0	0.0	1.0	1.0	1.0	1.0	0.19171779141104292	0.5083839771135645	75680.92	478.68388429752065	0.02565624	2.464568387549501e-06	3.0
DCAF8L2	1896	0.0	0.0	0.0	1.0	0.0	1.0	0.0	0.0	1.0	0.0	1.0	1.0	1.0	1.0	0.3977724741447892	0.7644690175688368	578602.8247310757	478.68388429752065	0.017407570743426297	0.0	0.0
EIF1AX	435	0.0	0.0	0.0	0.875	0.0	1.0	0.0	0.125	0.8333333333333334	0.0	7.0	8.0	1.0	1.0	0.007409999999999999	0.04375549306198541	262207.4	478.68388429752065	0.03704206	0.00018536638275160126	28.0
FRMD7	2145	0.0	0.0	0.0	1.0	0.0	1.0	0.0	0.0	1.0	0.0	1.0	1.0	1.0	1.0	0.6662225183211192	0.9367965040981512	151115.0	478.68388429752065	0.02545297	0.0	0.0
GAB3	1764	1.0	0.0	0.0	0.0	0.0	1.0	0.0	0.0	1.0	0.0	0.0	0.0	1.0	1.0	1.0	1.0	1737597.0	478.68388429752065	0.01029073	7.115378266674713e-06	7.0
GABRE	1521	0.0	0.0	0.0	1.0	0.0	1.0	0.0	0.0	1.0	0.0	1.0	1.0	1.0	1.0	0.216169476869866	0.5472746571139749	127992.9	478.68388429752065	-0.009868218	8.115755166303536e-05	41.0
GLA	1290	0.0	0.0	0.0	1.0	0.0	1.0	0.0	0.0	1.0	0.0	1.0	1.0	1.0	1.0	0.2767783005812344	0.6323106704028516	374364.1	478.68388429752065	0.03747629	3.4282475496500182e-06	14.0
GPR112	9243	0.0	0.0	1.0	0.0	0.0	1.0	0.0	0.0	1.0	0.0	0.0	1.0	0.28835063437139563	1.0	1.0	1.0	380446.2	478.68388429752065	0.02752226	0.0	1.0
MAOB	1563	0.0	0.0	1.0	0.0	0.0	1.0	0.0	0.0	1.0	0.0	0.0	1.0	0.12367054167697256	1.0	1.0	1.0	66824.54	478.68388429752065	0.021606599999999997	1.9847508486890296e-06	3.0
NHS	4893	0.0	0.0	0.0	1.0	0.0	1.0	0.0	0.0	1.0	0.0	1.0	1.0	1.0	1.0	0.4476275738585497	0.8074277979619556	70190.85	478.68388429752065	0.01238064	8.237591685046888e-08	2.0
RAB33A	714	0.0	0.0	0.0	1.0	0.0	1.0	0.0	0.0	1.0	0.0	1.0	1.0	1.0	1.0	0.3957261574990107	0.7625772965595794	339869.4	478.68388429752065	0.05771735	3.0259929003738253e-06	9.0
RPS6KA6	2238	0.0	0.0	0.0	1.0	0.0	1.0	0.0	0.0	1.0	0.0	1.0	1.0	1.0	1.0	0.1313370107696349	0.3979496530024042	19108.12	478.68388429752065	-0.02208107	0.00016323108467422486	36.0
SMC1A	3702	0.0	0.0	0.0	1.0	0.0	1.0	0.0	0.0	1.0	0.0	1.0	1.0	1.0	1.0	0.2474022761009401	0.5929588369573056	920770.6	478.68388429752065	0.07032819	0.0004420886444098197	99.0
THOC2	4782	1.0	0.0	0.0	0.0	0.0	1.0	0.0	0.0	1.0	0.0	0.0	0.0	1.0	1.0	1.0	1.0	333292.0	478.68388429752065	0.004161829000000001	3.1213927032439664e-05	39.0
TMEM35	504	0.0	1.0	0.0	0.0	0.0	1.0	0.0	0.0	1.0	0.0	0.0	1.0	0.02191684748065838	1.0	1.0	1.0	422602.5	478.68388429752065	0.02932947	0.0	1.0
ZMYM3	4113	0.0	0.0	0.0	1.0	0.0	1.0	0.0	0.0	1.0	0.0	1.0	1.0	1.0	1.0	0.7507507507507507	0.9659771562448928	728738.2	478.68388429752065	0.02462649	0.00020074345524195465	29.0
ZNF157	1521	0.0	0.0	0.0	1.0	0.0	1.0	0.0	0.0	1.0	0.0	1.0	1.0	1.0	1.0	0.3070310101320233	0.6695752306705853	792781.3	478.68388429752065	0.02870814	0.0	0.0
BICC1	2925	0.0	0.0	0.0	1.0	0.0	1.0	0.0	0.0	1.0	0.0	1.0	1.0	1.0	1.0	0.4231908590774439	0.7871062201459037	156609.2	497.0	-0.02174519	0.0	0.0
CAMK1D	1158	0.0	0.0	0.0	1.0	0.0	1.0	0.0	0.0	1.0	0.0	1.0	1.0	1.0	1.0	0.5370569280343717	0.8709190004591167	326642.3	556.0	0.03528567	0.00024150949906305238	30.0
CDHR1	2580	0.0	0.0	0.0	1.0	0.0	1.0	0.0	0.0	1.0	0.0	1.0	1.0	1.0	1.0	0.19565642731363725	0.5148493601616401	216191.2	860.0	-0.01668107	3.625984003283314e-07	2.0
CHAT	2247	1.0	0.0	0.0	0.0	0.0	1.0	0.0	0.0	1.0	0.0	0.0	0.0	1.0	1.0	1.0	1.0	578602.8247310757	478.68388429752065	0.017407570743426297	4.787107038936878e-09	2.0
CPEB3	2097	0.0	0.0	0.0	1.0	0.0	1.0	0.0	0.0	1.0	0.0	1.0	1.0	1.0	1.0	0.4670714619336759	0.8226403594617215	423764.8	469.0	0.03328597	0.0	1.0
DNAJC1	1665	0.0	0.0	0.0	1.0	0.0	1.0	0.0	0.0	1.0	0.0	1.0	1.0	1.0	1.0	0.5173305742369374	0.8582892913741302	197451.5	608.0	0.001894265	1.0632233673368794e-05	11.0
FAM171A1	2673	0.0	0.0	0.0	1.0	0.0	1.0	0.0	0.0	1.0	0.0	1.0	1.0	1.0	1.0	0.028595121672242717	0.1302370291557521	211656.9	716.0	0.008030256	0.0	1.0
FGFR2	2469	0.0	1.0	0.0	0.0	0.0	1.0	0.0	0.0	1.0	0.0	0.0	1.0	0.09769441187964048	1.0	1.0	1.0	204199.6	386.0	-0.008783812	6.552224830111998e-05	21.0
HHEX	813	0.0	1.0	0.0	0.0	0.0	1.0	0.0	0.0	1.0	0.0	0.0	1.0	0.06718624025799516	1.0	1.0	1.0	359161.6	317.0	0.01733092	6.474220383094181e-06	10.0
HK1	2766	0.0	0.0	0.0	1.0	0.0	1.0	0.0	0.0	1.0	0.0	1.0	1.0	1.0	1.0	0.19135093761959435	0.5077776821849255	712073.8	229.0	0.04726569	0.00010432533755344514	40.0
HMX3	1074	0.0	0.0	0.0	1.0	0.0	1.0	0.0	0.0	1.0	0.0	1.0	1.0	1.0	1.0	0.11436413540713633	0.3623476384805852	237830.1	708.0	0.02316334	4.7647130920248965e-08	2.0
INPP5A	1239	0.0	0.0	0.0	1.0	0.0	1.0	0.0	0.0	1.0	0.0	1.0	1.0	1.0	1.0	0.4393673110720562	0.8007115625061882	155331.3	452.0	0.0118409	4.205723382276929e-05	7.0
KNDC1	5250	1.0	0.0	0.0	0.0	0.0	1.0	0.0	0.0	1.0	0.0	0.0	0.0	1.0	1.0	1.0	1.0	318075.4	452.0	-0.01069774	3.8667646249397786e-08	2.0
MSS51	1383	0.0	1.0	0.0	0.0	0.0	1.0	0.0	0.0	1.0	0.0	0.0	1.0	0.10646225912913873	1.0	1.0	1.0	847820.6	249.0	0.0451807	0.0	0.0
PIP4K2A	1221	0.0	0.0	0.0	1.0	0.0	1.0	0.0	0.0	1.0	0.0	1.0	1.0	1.0	1.0	0.36271309394269136	0.7305560870662531	196977.2	577.0	0.02528719	4.046499219396613e-06	14.0
STAM	1623	0.0	0.0	0.0	1.0	0.0	1.0	0.0	0.0	1.0	0.0	1.0	1.0	1.0	1.0	0.12400793650793653	0.3828633074564748	488135.8	364.0	0.006918277	0.00021833288693147389	59.0
ADD1	2307	0.0	0.0	0.0	1.0	0.0	1.0	0.0	0.0	1.0	0.0	1.0	1.0	1.0	1.0	0.15795293002685198	0.4494484602056529	669373.0	264.0	0.04480854	0.00012159272562849717	28.0
ANK2	11874	0.0	0.0	0.0	1.0	0.0	1.0	0.0	0.0	1.0	0.0	1.0	1.0	1.0	1.0	0.5200208008320333	0.8600553648500482	237324.5	911.0	0.01393149	3.9914472228717045e-05	16.0
ARSJ	1800	0.0	0.0	0.0	1.0	0.0	1.0	0.0	0.0	1.0	0.0	1.0	1.0	1.0	1.0	0.06359300476947535	0.2388077457924645	100364.4	497.0	0.01523174	8.809597931810836e-07	4.0
C4orf17	1080	0.0	0.0	0.0	1.0	0.0	1.0	0.0	0.0	1.0	0.0	1.0	1.0	1.0	1.0	0.09881422924901186	0.32752111302957704	331308.1	847.0	0.008794906	1.621471930338228e-06	7.0
CENPE	8106	0.0	0.0	0.0	1.0	0.0	1.0	0.0	0.0	1.0	0.0	2.0	2.0	1.0	1.0	0.4677268475210477	0.8231388272230371	344088.3	569.0	0.003437064	5.281666346181301e-05	23.0
COQ2	1266	0.0	0.0	0.0	1.0	0.0	1.0	0.0	0.0	1.0	0.0	1.0	1.0	1.0	1.0	0.4444444444444444	0.8048578738739239	344601.1	218.0	0.04019829	0.0	0.0
EPHA5	3114	1.0	0.0	0.0	0.0	0.0	1.0	0.0	0.0	1.0	0.0	0.0	0.0	1.0	1.0	1.0	1.0	57073.15	706.0	-0.019321500000000002	1.7109620334534818e-06	4.0
EVC	2979	0.0	0.0	0.0	1.0	0.0	1.0	0.0	0.0	1.0	0.0	1.0	1.0	1.0	1.0	0.3222687721559781	0.6871960636372038	101110.7	641.0	0.0176141	1.4256912778246127e-07	2.0
FAM198B	1584	1.0	0.0	0.0	0.0	0.0	1.0	0.0	0.0	1.0	0.0	0.0	0.0	1.0	1.0	1.0	1.0	123626.8	849.0	-0.01357564	0.0	0.0
FAT1	13767	0.0	0.0	0.0	1.0	0.0	1.0	0.0	0.0	1.0	0.0	1.0	1.0	1.0	1.0	0.151952590791673	0.4382596428314819	351972.7	513.0	-0.01329009	6.077820082989658e-05	20.0
JAKMIP1	2496	1.0	0.0	0.0	0.0	0.0	1.0	0.0	0.0	1.0	0.0	0.0	0.0	1.0	1.0	1.0	1.0	366025.8	678.0	0.04101136	0.0	1.0
KIAA1109	15018	0.0	0.0	0.0	1.0	0.0	1.0	0.0	0.0	1.0	0.0	1.0	1.0	1.0	1.0	0.4943153732081068	0.8426008690981752	324999.6	770.0	0.008151148	0.0	0.0
LPHN3	4410	0.0	0.0	0.0	1.0	0.0	1.0	0.0	0.0	1.0	0.0	1.0	1.0	1.0	1.0	0.4422821760283061	0.8030991566987319	11170.23	1494.0	-0.01758068	0.0	1.0
NOP14	2574	0.0	0.0	0.0	1.0	0.0	1.0	0.0	0.0	1.0	0.0	1.0	1.0	1.0	1.0	0.5411255411255411	0.8734328859412838	680458.9	336.0	0.04935345	5.218389012907888e-06	13.0
PCDH10	3123	1.0	0.0	0.0	0.0	0.0	1.0	0.0	0.0	1.0	0.0	0.0	0.0	1.0	1.0	1.0	1.0	9476.654	1355.0	-0.03137907	7.651545779560195e-08	3.0
RGS12	4344	1.0	0.0	0.0	0.0	0.0	1.0	0.0	0.0	1.0	0.0	0.0	0.0	1.0	1.0	1.0	1.0	570418.7	412.0	0.04839157	4.470339977095311e-06	6.0
SEL1L3	3399	0.0	0.0	0.0	1.0	0.0	1.0	0.0	0.0	1.0	0.0	1.0	1.0	1.0	1.0	0.1400560224089636	0.4153659350632348	247887.2	575.0	0.05359865	5.300863634211363e-07	3.0
SLIT2	4590	0.0	0.0	0.0	1.0	0.0	1.0	0.0	0.0	1.0	0.0	1.0	1.0	1.0	1.0	0.5878894767783657	0.9001859573272927	44180.54	1366.0	0.003279991	3.214261387964439e-05	8.0
SPARCL1	1995	1.0	0.0	0.0	0.0	0.0	1.0	0.0	0.0	1.0	0.0	0.0	0.0	1.0	1.0	1.0	1.0	526761.3	537.0	0.01590046	7.345551897831895e-07	3.0
UBA6	3159	1.0	0.0	0.0	0.0	0.0	1.0	0.0	0.0	1.0	0.0	0.0	0.0	1.0	1.0	1.0	1.0	154680.5	604.0	0.03295716	0.00028321177528254016	64.0
UGT2B17	1593	0.0	0.0	0.0	1.0	0.0	1.0	0.0	0.0	1.0	0.0	1.0	1.0	1.0	1.0	0.2359046945034206	0.5766283067635055	107079.8	748.0	-0.004942019000000001	0.0	0.0
C8orf31	399	1.0	0.0	0.0	0.0	0.0	1.0	0.0	0.0	1.0	0.0	0.0	0.0	1.0	1.0	1.0	1.0	821064.8	470.0	0.0044170170000000005	0.0	0.0
CA2	783	0.0	0.0	1.0	0.0	0.0	1.0	0.0	0.0	1.0	0.0	0.0	1.0	0.17433751743375175	1.0	1.0	1.0	100997.0	1460.0	-0.01763366	1.3851509271494464e-05	13.0
COL14A1	5391	0.0	0.0	0.0	1.0	0.0	1.0	0.0	0.0	1.0	0.0	1.0	1.0	1.0	1.0	0.2770083102493075	0.6326060311204404	262056.3	839.0	-0.005320588	0.00011452990766218735	15.0
CSGALNACT1	1599	0.0	0.0	0.0	1.0	0.0	1.0	0.0	0.0	1.0	0.0	1.0	1.0	1.0	1.0	0.08430281571404485	0.2928123430632722	171847.0	356.0	0.01717289	1.557154990684352e-05	13.0
CSMD3	11124	0.3333333333333333	0.0	0.0	0.6666666666666666	0.0	1.0	0.0	0.0	1.0	0.0	1.0	1.0	1.0	1.0	0.8438818565400844	0.9871247042929068	9196.692	1295.0	-0.02930086	0.0	0.0
DENND3	3597	0.0	0.0	0.0	1.0	0.0	1.0	0.0	0.0	1.0	0.0	1.0	1.0	1.0	1.0	0.21915406530791146	0.5518256195365474	360824.7	204.0	0.05080163	0.0	1.0
KCNU1	3450	0.0	0.0	0.0	1.0	0.0	1.0	0.0	0.0	1.0	0.0	1.0	1.0	1.0	1.0	0.3557452863749555	0.7234223735056545	7047.808000000001	474.0	-0.03552643	0.0	0.0
KCNV1	1503	0.0	0.0	0.0	1.0	0.0	1.0	0.0	0.0	1.0	0.0	1.0	1.0	1.0	1.0	0.612369871402327	0.9126875774576412	102382.8	890.0	-0.01826862	0.0	2.0
KIAA0196	3480	0.0	0.0	0.0	1.0	0.0	1.0	0.0	0.0	1.0	0.0	1.0	1.0	1.0	1.0	0.06690753378830458	0.2478551923931553	489847.1	520.0	0.02472502	1.2629434975541634e-05	18.0
KIF13B	5481	0.0	0.0	0.0	1.0	0.0	1.0	0.0	0.0	1.0	0.0	1.0	1.0	1.0	1.0	0.16493485073396008	0.4621812183885198	333305.4	417.0	0.04193945	8.40783527834998e-06	9.0
LSM1	402	0.0	0.0	0.0	1.0	0.0	1.0	0.0	0.0	1.0	0.0	1.0	1.0	1.0	1.0	0.5485463521667581	0.8779393832674306	705836.6	277.0	0.046302699999999995	2.8066122891501427e-05	35.0
PKHD1L1	12732	0.0	0.0	0.0	0.5	0.0	1.0	0.0	0.5	1.0	0.0	1.0	2.0	1.0	1.0	0.051805418846811384	0.20516295520104336	134643.4	732.0	0.006386445	0.0	0.0
PPP2R2A	1374	0.0	0.0	0.0	1.0	0.0	1.0	0.0	0.0	1.0	0.0	1.0	1.0	1.0	1.0	0.8764241893076249	0.99202898411914	194762.2	353.0	0.01324027	0.0002040241258655032	60.0
PREX2	4821	0.5	0.0	0.0	0.5	0.0	1.0	0.0	0.0	1.0	0.0	0.5	0.5	1.0	1.0	0.4887585532746823	0.8386542852050023	14824.77	990.0	0.00142781	1.2198890429842868e-07	2.0
SCRIB	4968	1.0	0.0	0.0	0.0	0.0	1.0	0.0	0.0	1.0	0.0	0.0	0.0	1.0	1.0	1.0	1.0	2182434.0	229.0	0.02817644	0.000192179469908328	31.0
SPAG11B	402	0.0	0.0	0.0	1.0	0.0	1.0	0.0	0.0	1.0	0.0	1.0	1.0	1.0	1.0	0.2879355024474517	0.6464206086271054	48005.23	637.0	-0.01076049	0.0	0.0
SYBU	1992	1.0	0.0	0.0	0.0	0.0	1.0	0.0	0.0	1.0	0.0	0.0	0.0	1.0	1.0	1.0	1.0	133929.7	623.0	0.01129855	2.6766297756689485e-06	6.0
TP53INP1	723	1.0	0.0	0.0	0.0	0.0	1.0	0.0	0.0	1.0	0.0	0.0	0.0	1.0	1.0	1.0	1.0	418152.8	395.0	0.04846747	4.681409306206311e-06	7.0
TRAM1	1125	0.0	0.0	0.0	1.0	0.0	1.0	0.0	0.0	1.0	0.0	1.0	1.0	1.0	1.0	0.7751937984496124	0.9725908669562642	240060.0	535.0	0.02819304	7.795057007194058e-05	11.0
WISP1	1104	0.0	0.0	0.0	1.0	0.0	1.0	0.0	0.0	1.0	0.0	1.0	1.0	1.0	1.0	0.05278158978148422	0.2080435357042828	235881.8	481.0	0.01167178	0.0	1.0
ABHD2	1278	0.0	0.0	0.0	1.0	0.0	1.0	0.0	0.0	1.0	0.0	1.0	1.0	1.0	1.0	0.5707762557077626	0.8908436030332191	639251.8	388.0	0.02212263	0.0	0.0
ANXA2	1074	0.0	0.0	0.0	1.0	0.0	1.0	0.0	0.0	1.0	0.0	1.0	1.0	1.0	1.0	0.3439972480220158	0.7110841491492049	431517.9	299.0	0.01354799	0.00041815734022368684	86.0
ARNT2	2154	0.0	0.0	0.0	1.0	0.0	1.0	0.0	0.0	1.0	0.0	1.0	1.0	1.0	1.0	0.2654632333421821	0.6175415260711186	365740.5	542.0	0.008476547	0.00033016830779802506	59.0
BNC1	2985	0.0	0.0	0.0	1.0	0.0	1.0	0.0	0.0	1.0	0.0	1.0	1.0	1.0	1.0	0.227894257064722	0.5649210443056025	206687.8	679.0	0.01097415	0.0	1.0
CPEB1	1686	1.0	0.0	0.0	0.0	0.0	1.0	0.0	0.0	1.0	0.0	0.0	0.0	1.0	1.0	1.0	1.0	567143.2	566.0	0.01947512	3.0517520912303143e-05	4.0
CYP1A1	1539	0.0	0.0	0.0	1.0	0.0	1.0	0.0	0.0	1.0	0.0	1.0	1.0	1.0	1.0	0.14874312063067086	0.432178266173866	746043.0	199.0	0.04104828	8.448359705543349e-05	62.0
EFTUD1	3363	1.0	0.0	0.0	0.0	0.0	1.0	0.0	0.0	1.0	0.0	0.0	0.0	1.0	1.0	1.0	1.0	373596.8	701.0	0.01260092	8.349827327406784e-06	21.0
FAM214A	3231	0.0	1.0	0.0	0.0	0.0	1.0	0.0	0.0	1.0	0.0	0.0	1.0	0.3702332469455757	1.0	1.0	1.0	421095.4	345.0	0.020978599999999997	4.043372971074492e-06	8.0
FBN1	8616	0.0	0.0	0.0	1.0	0.0	1.0	0.0	0.0	-0.0	0.0	2.0	2.0	1.0	1.0	0.6680026720106881	0.9375171045006622	399244.5	304.0	-0.0008711777	8.053628935973218e-06	8.0
GOLGA8B	1812	0.0	0.0	0.0	1.0	0.0	1.0	0.0	0.0	1.0	0.0	1.0	1.0	1.0	1.0	0.32425421530479903	0.6894382152078739	532848.4	422.0	0.004550024000000001	0.0	0.0
HERC2	14505	0.0	1.0	0.0	0.0	0.0	1.0	0.0	0.0	1.0	0.0	0.0	1.0	0.2712967986977753	1.0	1.0	1.0	219134.5	1011.0	-0.03161493	0.0002491072658995788	69.0
KIAA1024	2751	0.0	0.0	0.0	1.0	0.0	1.0	0.0	0.0	1.0	0.0	1.0	1.0	1.0	1.0	0.01839520253117987	0.091896276449814	261813.8	789.0	0.01287398	0.0	0.0
LRRC49	2076	0.0	0.0	0.0	1.0	0.0	1.0	0.0	0.0	1.0	0.0	1.0	1.0	1.0	1.0	0.4151100041511001	0.7800795863979801	252612.2	404.0	0.01144166	3.403867307824503e-06	5.0
MAPKBP1	4545	0.0	0.0	0.0	1.0	0.0	1.0	0.0	0.0	1.0	0.0	1.0	1.0	1.0	1.0	0.3137747097583935	0.6774647114638215	816014.7	259.0	0.0365245	3.9722385001087614e-05	28.0
NDN	966	0.0	0.0	0.0	1.0	0.0	1.0	0.0	0.0	1.0	0.0	1.0	1.0	1.0	1.0	0.11188185276348177	0.3569380007284917	59699.31	961.0	-0.05831171	0.0005346917073114644	57.0
NEDD4	3744	0.0	0.0	0.0	1.0	0.0	1.0	0.0	0.0	1.0	0.0	1.0	1.0	1.0	1.0	0.6414368184733804	0.9262633675918148	259241.6	271.0	-0.001238782	0.004312879231013179	290.0
PLCB2	3558	0.0	0.0	0.0	1.0	0.0	1.0	0.0	0.0	1.0	0.0	2.0	2.0	1.0	1.0	0.06960879855213699	0.2551068010338723	851107.3	167.0	0.03643475	2.727101511762813e-05	14.0
RASL12	801	0.0	0.0	0.0	1.0	0.0	1.0	0.0	0.0	1.0	0.0	1.0	1.0	1.0	1.0	0.7457121551081283	0.9645157377326932	688371.5	189.0	0.04449525	4.020531334089463e-06	3.0
TMOD2	1056	0.0	0.0	0.0	1.0	0.0	1.0	0.0	0.0	1.0	0.0	1.0	1.0	1.0	1.0	0.9107468123861566	0.9958928443418388	443665.1	165.0	0.027167400000000005	5.564584763785306e-05	21.0
TYRO3	2673	0.0	0.0	0.0	1.0	0.0	1.0	0.0	0.0	1.0	0.0	1.0	1.0	1.0	1.0	0.25094102885821834	0.5978763644271465	744460.8	166.0	0.04373339	0.00023777457514474962	23.0
ZFYVE19	1416	1.0	0.0	0.0	0.0	0.0	1.0	0.0	0.0	1.0	0.0	0.0	0.0	1.0	1.0	1.0	1.0	1023960.0	172.0	0.04847984	5.887477239019941e-05	43.0
APMAP	1251	1.0	0.0	0.0	0.0	0.0	1.0	0.0	0.0	1.0	0.0	0.0	0.0	1.0	1.0	1.0	1.0	545343.8	676.0	-0.02897287	7.442518349095921e-06	13.0
BMP7	1296	0.0	0.0	0.0	1.0	0.0	1.0	0.0	0.0	1.0	0.0	1.0	1.0	1.0	1.0	0.3591954022988505	0.726971531060407	207871.7	617.0	-0.02094202	0.0003882767547197298	34.0
BPIFB1	1455	0.0	0.0	0.0	1.0	0.0	1.0	0.0	0.0	1.0	0.0	1.0	1.0	1.0	1.0	0.00331	0.022212771466553368	478384.3	482.0	0.02704082	2.2857971086932715e-07	2.0
EDEM2	1737	1.0	0.0	0.0	0.0	0.0	1.0	0.0	0.0	1.0	0.0	0.0	0.0	1.0	1.0	1.0	1.0	1346435.0	168.0	0.04568461	2.424516906055775e-05	11.0
ELMO2	2163	0.0	0.0	0.0	1.0	0.0	1.0	0.0	0.0	1.0	0.0	1.0	1.0	1.0	1.0	0.21303792074989347	0.5424552827926783	543200.6	612.0	0.04824067	8.148632158638912e-07	5.0
GDAP1L1	1161	1.0	0.0	0.0	0.0	0.0	1.0	0.0	0.0	1.0	0.0	0.0	0.0	1.0	1.0	1.0	1.0	664405.3	367.0	0.01860938	0.0	0.0
GMEB2	1593	0.0	0.5	0.0	0.5	0.0	1.0	0.0	0.0	1.0	0.0	1.0	2.0	0.10264832683227264	1.0	0.7309941520467836	0.9600510374271628	1094905.0	193.0	0.05358356	1.3216477225151476e-05	7.0
HELZ2	7950	1.0	0.0	0.0	0.0	0.0	1.0	0.0	0.0	1.0	0.0	0.0	0.0	1.0	1.0	1.0	1.0	1178905.0	193.0	0.05366005	6.401471677964898e-07	5.0
MATN4	1746	0.0	0.0	0.0	1.0	0.0	1.0	0.0	0.0	1.0	0.0	1.0	1.0	1.0	1.0	0.5219206680584552	0.8612941960066122	1005559.0	233.0	0.03611301	1.0553822632021114e-05	4.0
NPEPL1	1572	0.0	0.0	0.0	1.0	0.0	1.0	0.0	0.0	1.0	0.0	1.0	1.0	1.0	1.0	0.42680324370465217	0.7901972511846601	1026997.0	504.0	0.01454685	8.592350514739987e-06	20.0
RRBP1	2934	0.0	0.0	0.0	1.0	0.0	1.0	0.0	0.0	1.0	0.0	1.0	1.0	1.0	1.0	0.3749531308586427	0.7427649963254134	580542.9	347.0	0.0002410653	3.9310402407924224e-05	37.0
SIGLEC1	5130	0.0	0.0	0.0	1.0	0.0	1.0	0.0	0.0	1.0	0.0	1.0	1.0	1.0	1.0	0.16832183134152498	0.4682507102126925	942841.7	353.0	0.03187171	0.0	0.0
SLC12A5	3420	0.0	0.0	0.0	1.0	0.0	1.0	0.0	0.0	1.0	0.0	1.0	1.0	1.0	1.0	0.0611583389395144	0.23205241621628336	630342.2	381.0	0.05057954	4.7311284463306565e-09	2.0
SOGA1	4986	1.0	0.0	0.0	0.0	0.0	1.0	0.0	0.0	1.0	0.0	0.0	0.0	1.0	1.0	1.0	1.0	802783.2	231.0	0.06696510000000001	1.1847024845412462e-05	9.0
SULF2	2613	0.0	0.0	0.0	1.0	0.0	1.0	0.0	0.0	1.0	0.0	1.0	1.0	1.0	1.0	0.7012622720897616	0.950121544173986	266328.3	588.0	0.04083363	2.703066435947017e-06	5.0
TSHZ2	3105	0.0	0.0	0.0	1.0	0.0	1.0	0.0	0.0	1.0	0.0	1.0	1.0	1.0	1.0	0.04098528628222469	0.17191451075260253	102642.8	626.0	-0.01836589	9.915417417880876e-07	3.0
BRD1	3177	1.0	0.0	0.0	0.0	0.0	1.0	0.0	0.0	1.0	0.0	0.0	0.0	1.0	1.0	1.0	1.0	578602.8247310757	478.68388429752065	0.017407570743426297	2.258696476951795e-06	11.0
DEPDC5	4812	0.0	0.0	0.0	1.0	0.0	1.0	0.0	0.0	1.0	0.0	1.0	1.0	1.0	1.0	0.19000570017100515	0.5055483956624821	557138.8	336.0	0.0188208	0.0	1.0
EMID1	1332	1.0	0.0	0.0	0.0	0.0	1.0	0.0	0.0	1.0	0.0	0.0	0.0	1.0	1.0	1.0	1.0	854819.9	251.0	0.05051948	1.2116475829613328e-06	5.0
EP300	7245	0.0	0.0	0.0	1.0	0.0	1.0	0.0	0.0	1.0	0.0	1.0	1.0	1.0	1.0	0.3763643206624012	0.7441466566720649	1167197.0	154.0	0.04216219	0.007804831040116602	468.0
EWSR1	1986	0.0	1.0	0.0	0.0	0.0	1.0	0.0	0.0	1.0	0.0	0.0	1.0	0.03125097659301853	1.0	1.0	1.0	854819.9	251.0	0.05051948	0.003800710118698722	235.0
GTSE1	2220	0.0	0.0	0.0	1.0	0.0	1.0	0.0	0.0	1.0	0.0	1.0	1.0	1.0	1.0	0.1421666192777936	0.4194989385913834	506667.1	205.0	0.03487151	3.7637971375346976e-06	6.0
OR11H1	981	0.0	0.0	0.0	1.0	0.0	1.0	0.0	0.0	1.0	0.0	1.0	1.0	1.0	1.0	0.3671071953010279	0.7349858253624325	69794.0	916.0	-0.07020622	0.0	0.0
PPARA	1407	0.0	1.0	0.0	0.0	0.0	1.0	0.0	0.0	1.0	0.0	0.0	1.0	0.06341556217895873	1.0	1.0	1.0	536661.1	179.0	0.02397383	8.035306669329434e-05	39.0
TBC1D10A	1548	1.0	0.0	0.0	0.0	0.0	1.0	0.0	0.0	1.0	0.0	0.0	0.0	1.0	1.0	1.0	1.0	622381.8	211.0	0.05015676	0.00010665171941621714	8.0
VPREB3	372	0.0	0.0	0.0	1.0	0.0	1.0	0.0	0.0	1.0	0.0	1.0	1.0	1.0	1.0	0.3508771929824561	0.7183575418528279	610486.4	266.0	0.03019084	0.0	0.0
COL4A2	5139	0.0	0.0	0.0	1.0	0.0	1.0	0.0	0.0	1.0	0.0	1.0	1.0	1.0	1.0	0.36271309394269136	0.7305560870662531	521714.7	478.0	0.03157609	0.00011142044283201944	27.0
CYSLTR2	1041	0.0	0.0	0.0	1.0	0.0	1.0	0.0	0.0	1.0	0.0	1.0	1.0	1.0	1.0	0.07109847138286526	0.2590607495159488	404942.5	430.0	0.04587105	0.0	1.0
DCUN1D2	780	1.0	0.0	0.0	0.0	0.0	1.0	0.0	0.0	1.0	0.0	0.0	0.0	1.0	1.0	1.0	1.0	806604.8	318.0	0.0463773	5.858081997037324e-06	11.0
LATS2	3267	0.0	0.0	0.0	1.0	0.0	1.0	0.0	0.0	1.0	0.0	1.0	1.0	1.0	1.0	0.2513826043237808	0.5984864706967775	446899.6	192.0	0.040835199999999995	0.0010637371535190095	150.0
PDS5B	4344	0.0	0.0	0.0	1.0	0.0	1.0	0.0	0.0	1.0	0.0	1.0	1.0	1.0	1.0	0.4240882103477524	0.7878769304983797	243308.8	471.0	0.05044405	0.0001224029980259946	34.0
POU4F1	1260	1.0	0.0	0.0	0.0	0.0	1.0	0.0	0.0	1.0	0.0	0.0	0.0	1.0	1.0	1.0	1.0	41875.77	1004.0	-0.001171553	4.196173129405136e-07	3.0
RAB20	705	1.0	0.0	0.0	0.0	0.0	1.0	0.0	0.0	1.0	0.0	0.0	0.0	1.0	1.0	1.0	1.0	495660.3	278.0	0.039370999999999996	0.0	1.0
SERTM1	324	0.0	0.0	0.0	1.0	0.0	1.0	0.0	0.0	1.0	0.0	1.0	1.0	1.0	1.0	0.3328894806924101	0.6990495119513609	194859.4	868.0	-0.01150538	0.0	1.0
SPRY2	948	0.0	0.0	0.0	1.0	0.0	1.0	0.0	0.0	1.0	0.0	1.0	1.0	1.0	1.0	0.513083632632119	0.8554727657903662	44501.08	729.0	0.05961083	0.0011522649434142554	116.0
VWA8	5718	0.0	0.0	0.0	1.0	0.0	1.0	0.0	0.0	1.0	0.0	1.0	1.0	1.0	1.0	0.14308198597796534	0.4212816546709103	259441.5	557.0	0.04996479	2.0634464099657294e-05	10.0
ASXL3	6747	0.0	0.0	0.0	1.0	0.0	1.0	0.0	0.0	1.0	0.0	1.0	1.0	1.0	1.0	0.5717552887364208	0.8913917644576701	7579.0	1014.0	-0.009647596	0.0	0.0
DSG1	3150	0.0	0.0	0.0	1.0	0.0	1.0	0.0	0.0	1.0	0.0	1.0	1.0	1.0	1.0	0.5440696409140371	0.8752328748277994	255599.3	412.0	0.01463526	1.6470882387178993e-05	23.0
DTNA	2232	0.0	0.0	1.0	0.0	0.0	1.0	0.0	0.0	1.0	0.0	0.0	1.0	0.11317338162064282	1.0	1.0	1.0	116061.2	552.0	-0.02015051	5.825514459936834e-05	24.0
EPG5	7740	0.0	0.0	0.0	1.0	0.0	1.0	0.0	0.0	1.0	0.0	1.0	1.0	1.0	1.0	0.6211180124223602	0.9169156391281812	385281.7	380.0	0.04124231	0.0	0.0
FHOD3	4320	0.0	0.0	0.0	1.0	0.0	1.0	0.0	0.0	1.0	0.0	1.0	1.0	1.0	1.0	0.1893939393939394	0.5045314579011688	336896.1	728.0	0.06098208	0.0	1.0
LAMA1	9228	0.0	0.0	0.0	1.0	0.0	1.0	0.0	0.0	1.0	0.0	1.0	1.0	1.0	1.0	0.4019292604501608	0.7682794111241692	241772.1	228.0	-0.03672387	3.700798834233509e-05	12.0
PPP4R1	2853	0.0	0.0	0.0	1.0	0.0	1.0	0.0	0.0	1.0	0.0	1.0	1.0	1.0	1.0	0.6968641114982579	0.9485469332484908	454635.9	202.0	0.05139009	0.00011500305070512881	18.0
SERPINB4	1173	1.0	0.0	0.0	0.0	0.0	1.0	0.0	0.0	1.0	0.0	0.0	0.0	1.0	1.0	1.0	1.0	174292.5	370.0	-0.004581393	6.0705289411590636e-05	24.0
ST8SIA3	1143	0.0	0.0	0.0	1.0	0.0	1.0	0.0	0.0	1.0	0.0	1.0	1.0	1.0	1.0	0.3516174402250352	0.7191320365474664	298355.2	599.0	0.009448722	0.0	0.0
WDR7	4473	1.0	0.0	0.0	0.0	0.0	1.0	0.0	0.0	1.0	0.0	0.0	0.0	1.0	1.0	1.0	1.0	101103.9	885.0	0.03786104	9.585011346198224e-06	6.0
DIP2A	4716	0.0	1.0	0.0	0.0	0.0	1.0	0.0	0.0	1.0	0.0	0.0	1.0	0.2733734281027884	1.0	1.0	1.0	578602.8247310757	478.68388429752065	0.017407570743426297	5.8795465224361695e-05	28.0
DSCAM	6039	0.0	1.0	0.0	0.0	0.0	1.0	0.0	0.0	1.0	0.0	0.0	1.0	0.07508634930169696	1.0	1.0	1.0	25449.46	971.0	-0.07221555	0.0	1.0
MORC3	2820	0.0	0.0	0.0	1.0	0.0	1.0	0.0	0.0	1.0	0.0	1.0	1.0	1.0	1.0	0.01888930865130336	0.09386398180579822	281775.9	347.0	0.06289546	6.513690395213147e-06	4.0
SIM2	2004	0.0	0.0	0.0	1.0	0.0	1.0	0.0	0.0	1.0	0.0	1.0	1.0	1.0	1.0	0.2279981760145919	0.56507470360139	451019.4	447.0	0.04650029	8.770318410558644e-06	7.0
