gene	Total Mutations	Unmapped to Ref Tx	num recurrent	position entropy	mean vest score	entropy p-value	vest p-value	combined p-value	entropy BH q-value	vest BH q-value	combined BH q-value
GNA11	15	0	14	0.09044515744019287	0.7599333333333331	0.0	0.0	2.402585092994044e-09	0.0	0.0	4.1724894448329894e-07
SF3B1	11	0	9	0.2502886927414662	0.9043636363636364	1e-05	0.0	2.402585092994044e-09	0.0017366666666666667	0.0	4.1724894448329894e-07
GNAQ	25	0	22	0.10843058881261769	0.86024	0.0	0.0	2.402585092994044e-09	0.0	0.0	4.1724894448329894e-07
BPIFB1	1	0	0	1.0	0.9179999999999999	1.0	0.00331	0.02221277146655337	1.0	0.4311275	1.0
ANAPC1	1	0	0	1.0	0.988	1.0	0.00635	0.038476557959592345	1.0	0.643435	1.0
EIF1AX	7	0	0	1.0	0.7412857142857142	1.0	0.00741	0.04375549306198541	1.0	0.643435	1.0
USP35	1	0	0	1.0	0.743	1.0	0.017573765882290916	0.08859547060470886	1.0	0.812430023421687	1.0
SCN9A	1	0	0	1.0	0.993	1.0	0.018166624277876686	0.09098152816392942	1.0	0.812430023421687	1.0
KIAA1024	1	0	0	1.0	0.9329999999999999	1.0	0.018395202531179867	0.091896276449814	1.0	0.812430023421687	1.0
MORC3	1	0	0	1.0	0.915	1.0	0.018889308651303362	0.09386398180579822	1.0	0.812430023421687	1.0
GLB1L	1	0	0	1.0	0.991	1.0	0.019328526972959392	0.09560224197108574	1.0	0.812430023421687	1.0
CETP	1	0	0	1.0	0.6970000000000001	1.0	0.024343338445434407	0.11479094043229403	1.0	0.812430023421687	1.0
PCDHGA2	1	0	0	1.0	0.9329999999999999	1.0	0.026188293832656803	0.12157765531858972	1.0	0.812430023421687	1.0
FAM171A1	1	0	0	1.0	0.992	1.0	0.028595121672242714	0.1302370291557521	1.0	0.812430023421687	1.0
HDAC5	1	0	0	1.0	0.9590000000000001	1.0	0.032080071859360966	0.1424201288329692	1.0	0.812430023421687	1.0
PCDHB16	1	0	0	1.0	0.8490000000000001	1.0	0.032429627707873915	0.14362053569195152	1.0	0.812430023421687	1.0
IL1R1	1	0	0	1.0	0.971	1.0	0.03397893306150187	0.14889617948506223	1.0	0.812430023421687	1.0
TSHZ2	1	0	0	1.0	0.873	1.0	0.040985286282224684	0.17191451075260253	1.0	0.812430023421687	1.0
FOXF2	1	0	0	1.0	0.8590000000000001	1.0	0.042506163393692085	0.17674514122835372	1.0	0.812430023421687	1.0
FAM13B	1	0	0	1.0	0.9109999999999999	1.0	0.04291661302090039	0.17803940938610446	1.0	0.812430023421687	1.0
ZNF462	1	0	0	1.0	0.955	1.0	0.04341219882787063	0.17959690898145783	1.0	0.812430023421687	1.0
OCLN	1	0	0	1.0	0.8759999999999999	1.0	0.044296788482835	0.182362927986846	1.0	0.812430023421687	1.0
USP49	1	0	0	1.0	0.893	1.0	0.04685157421289355	0.19025349839454708	1.0	0.812430023421687	1.0
PPM1L	1	0	0	1.0	0.986	1.0	0.0479570305006714	0.19362410641213595	1.0	0.812430023421687	1.0
FUS	1	0	0	1.0	0.852	1.0	0.05028663381273257	0.20064447181725242	1.0	0.812430023421687	1.0
SLC25A23	1	0	0	1.0	0.955	1.0	0.05157031612603785	0.20446645561861074	1.0	0.812430023421687	1.0
PKHD1L1	1	0	0	1.0	0.8859999999999999	1.0	0.05180541884681138	0.20516295520104336	1.0	0.812430023421687	1.0
WISP1	1	0	0	1.0	0.993	1.0	0.05278158978148422	0.2080435357042828	1.0	0.812430023421687	1.0
ATP1B4	1	0	0	1.0	0.958	1.0	0.05280667476369013	0.20811731954801543	1.0	0.812430023421687	1.0
ZDHHC23	1	0	0	1.0	0.97	1.0	0.0531434341287134	0.20910669695288875	1.0	0.812430023421687	1.0
C2orf71	1	0	0	1.0	0.381	1.0	0.05399568034557235	0.21160103829471022	1.0	0.812430023421687	1.0
C6orf211	1	0	0	1.0	0.9470000000000001	1.0	0.056044387154626465	0.2175425250489991	1.0	0.812430023421687	1.0
GSG2	1	0	0	1.0	0.9	1.0	0.05885468777588135	0.22557140792793973	1.0	0.812430023421687	1.0
ZBTB7B	1	0	0	1.0	0.6829999999999999	1.0	0.05928385107896609	0.22678553093931197	1.0	0.812430023421687	1.0
FOXC1	1	0	0	1.0	0.616	1.0	0.06103515625	0.23170808403668797	1.0	0.812430023421687	1.0
SLC12A5	1	0	0	1.0	0.9129999999999999	1.0	0.0611583389395144	0.23205241621628336	1.0	0.812430023421687	1.0
ARSJ	1	0	0	1.0	0.955	1.0	0.06359300476947535	0.23880774579246447	1.0	0.812430023421687	1.0
PPP2R1A	1	0	0	1.0	0.887	1.0	0.06580246101204185	0.2448574086958917	1.0	0.812430023421687	1.0
BCOR	1	0	0	1.0	0.856	1.0	0.06609385327164574	0.24564967136816024	1.0	0.812430023421687	1.0
KIAA0196	1	0	0	1.0	0.9890000000000001	1.0	0.06690753378830457	0.24785519239315526	1.0	0.812430023421687	1.0
PITPNM2	1	0	0	1.0	0.89	1.0	0.06906554320049728	0.2536569738102965	1.0	0.812430023421687	1.0
PLCB2	2	0	0	1.0	0.624	1.0	0.06960879855213699	0.2551068010338723	1.0	0.812430023421687	1.0
PGBD1	1	0	0	1.0	0.8759999999999999	1.0	0.07072635971426551	0.2580760263533278	1.0	0.812430023421687	1.0
CYSLTR2	1	0	0	1.0	0.888	1.0	0.07109847138286526	0.2590607495159488	1.0	0.812430023421687	1.0
NLRP3	1	0	0	1.0	0.774	1.0	0.0711490572749911	0.2591944649134468	1.0	0.812430023421687	1.0
AMOTL2	1	0	0	1.0	0.667	1.0	0.07173086579155011	0.26072979978272365	1.0	0.812430023421687	1.0
VWA7	1	0	0	1.0	0.631	1.0	0.07718431614695893	0.2748964959330875	1.0	0.8287125846607052	1.0
VAV3	1	0	0	1.0	0.9420000000000001	1.0	0.0791514959632737	0.2799106848564594	1.0	0.8287125846607052	1.0
OR2B2	1	0	0	1.0	0.79	1.0	0.07942180922881423	0.2805958440965423	1.0	0.8287125846607052	1.0
SHPK	1	0	0	1.0	0.884	1.0	0.08143985666585227	0.2856820983938737	1.0	0.8287125846607052	1.0
MAP3K19	1	0	0	1.0	0.775	1.0	0.08270614506657845	0.2888480170533545	1.0	0.8287125846607052	1.0
TNFRSF8	1	0	0	1.0	0.523	1.0	0.08285690612312537	0.2892236458394035	1.0	0.8287125846607052	1.0
CSGALNACT1	1	0	0	1.0	0.9470000000000001	1.0	0.08430281571404485	0.2928123430632722	1.0	0.8287125846607052	1.0
CLEC4M	1	0	0	1.0	0.191	1.0	0.09260974254491572	0.31296174585998293	1.0	0.8383538013954328	1.0
PARPBP	1	0	0	1.0	0.767	1.0	0.09399379640943697	0.316244618341407	1.0	0.8383538013954328	1.0
PRDM11	1	0	0	1.0	0.7759999999999999	1.0	0.0956846234810066	0.3202275062302521	1.0	0.8383538013954328	1.0
FAM212A	1	0	0	1.0	0.759	1.0	0.09650646593321753	0.3221526026242615	1.0	0.8383538013954328	1.0
C4orf17	1	0	0	1.0	0.557	1.0	0.09881422924901186	0.32752111302957704	1.0	0.8383538013954328	1.0
GRIN3B	1	0	0	1.0	0.732	1.0	0.10080645161290322	0.33211218964685285	1.0	0.8383538013954328	1.0
PLD2	1	0	0	1.0	0.828	1.0	0.1011326860841424	0.33286022458690684	1.0	0.8383538013954328	1.0
SLC12A7	1	0	0	1.0	0.878	1.0	0.10646225912913872	0.3449339647623099	1.0	0.8383538013954328	1.0
MDN1	1	0	0	1.0	0.905	1.0	0.10787486515641856	0.3480888219609238	1.0	0.8383538013954328	1.0
TRAF3IP1	1	0	0	1.0	0.608	1.0	0.10918222513374823	0.3509921391441042	1.0	0.8383538013954328	1.0
KRT16	1	0	0	1.0	0.737	1.0	0.1096371011950444	0.35199862374717916	1.0	0.8383538013954328	1.0
SYNE1	1	0	0	1.0	0.675	1.0	0.11103708638685321	0.35508450165216304	1.0	0.8383538013954328	1.0
NCAPH	1	0	0	1.0	0.675	1.0	0.11128421989761851	0.3556273993598897	1.0	0.8383538013954328	1.0
NDN	1	0	0	1.0	0.502	1.0	0.11188185276348177	0.3569380007284917	1.0	0.8383538013954328	1.0
ADAMTS18	1	0	0	1.0	0.868	1.0	0.11376564277588168	0.3610483175992133	1.0	0.8383538013954328	1.0
HMX3	1	0	0	1.0	0.612	1.0	0.11436413540713632	0.3623476384805852	1.0	0.8383538013954328	1.0
OR2B3	1	0	0	1.0	0.627	1.0	0.1205836247437598	0.37566764566128885	1.0	0.8383538013954328	1.0
STAM	1	0	0	1.0	0.893	1.0	0.12400793650793651	0.3828633074564748	1.0	0.8383538013954328	1.0
NOD2	1	0	0	1.0	0.715	1.0	0.12417732522041475	0.38321677546422545	1.0	0.8383538013954328	1.0
DCAF11	1	0	0	1.0	0.7959999999999999	1.0	0.12484394506866417	0.38460558814984613	1.0	0.8383538013954328	1.0
ELTD1	1	0	0	1.0	0.764	1.0	0.12599218848431398	0.38698946328697736	1.0	0.8383538013954328	1.0
MTOR	2	0	0	1.0	0.9	1.0	0.12898232942086935	0.39314844127909493	1.0	0.8383538013954328	1.0
DPCR1	4	0	0	1.0	0.13175	1.0	0.13012361743656473	0.3954808558218032	1.0	0.8383538013954328	1.0
RPS6KA6	1	0	0	1.0	0.934	1.0	0.1313370107696349	0.3979496530024042	1.0	0.8383538013954328	1.0
FAM187B	1	0	0	1.0	0.247	1.0	0.13264358668258389	0.4005955096471101	1.0	0.8383538013954328	1.0
DNAH8	1	0	0	1.0	0.872	1.0	0.1330671989354624	0.40145056862341144	1.0	0.8383538013954328	1.0
RASGRF2	1	0	0	1.0	0.858	1.0	0.13592496941688187	0.40718393923476015	1.0	0.8383538013954328	1.0
SEL1L3	1	0	0	1.0	0.863	1.0	0.1400560224089636	0.4153659350632348	1.0	0.8383538013954328	1.0
GTSE1	1	0	0	1.0	0.43799999999999994	1.0	0.1421666192777936	0.41949893859138343	1.0	0.8383538013954328	1.0
APC	1	0	0	1.0	0.8690000000000001	1.0	0.14302059496567507	0.42116227665235095	1.0	0.8383538013954328	1.0
VWA8	1	0	0	1.0	0.8	1.0	0.14308198597796537	0.4212816546709103	1.0	0.8383538013954328	1.0
SLC26A5	1	0	0	1.0	0.875	1.0	0.143204926249463	0.42152063924730054	1.0	0.8383538013954328	1.0
SPTA1	2	0	0	1.0	0.4575	1.0	0.1450747134774409	0.42514237689010803	1.0	0.8383538013954328	1.0
LRP1B	1	0	0	1.0	0.722	1.0	0.14788524105294293	0.4305410683652314	1.0	0.8383538013954328	1.0
CYP1A1	1	0	0	1.0	0.838	1.0	0.14874312063067083	0.432178266173866	1.0	0.8383538013954328	1.0
EYA3	1	0	0	1.0	0.8690000000000001	1.0	0.14905351021016544	0.4327694005933449	1.0	0.8383538013954328	1.0
MYH2	1	0	0	1.0	0.8759999999999999	1.0	0.15019525382997898	0.4349382906507713	1.0	0.8383538013954328	1.0
TWF2	1	0	0	1.0	0.718	1.0	0.15183723048891587	0.4380422386811681	1.0	0.8383538013954328	1.0
FAT1	1	0	0	1.0	0.715	1.0	0.151952590791673	0.4382596428314819	1.0	0.8383538013954328	1.0
LILRA3	1	0	0	1.0	0.535	1.0	0.15617679212868968	0.446160648217502	1.0	0.8383538013954328	1.0
ADD1	1	0	0	1.0	0.9309999999999999	1.0	0.15795293002685198	0.4494484602056529	1.0	0.8383538013954328	1.0
KRR1	1	0	0	1.0	0.748	1.0	0.16189088554314393	0.45666710647786335	1.0	0.8383538013954328	1.0
SELE	1	0	0	1.0	0.773	1.0	0.16194331983805668	0.45676257206705106	1.0	0.8383538013954328	1.0
KIF13B	1	0	0	1.0	0.725	1.0	0.16493485073396008	0.4621812183885198	1.0	0.8383538013954328	1.0
COL27A1	1	0	0	1.0	0.444	1.0	0.16553550736633008	0.46326263220602615	1.0	0.8383538013954328	1.0
NOC4L	1	0	0	1.0	0.564	1.0	0.16600265604249667	0.46410217305736934	1.0	0.8383538013954328	1.0
KLHL31	1	0	0	1.0	0.8340000000000001	1.0	0.16630633627141195	0.46464722967860184	1.0	0.8383538013954328	1.0
NLRC5	1	0	0	1.0	0.275	1.0	0.16644474034620507	0.4648954584656847	1.0	0.8383538013954328	1.0
CNTN5	1	0	0	1.0	0.884	1.0	0.16798252981689904	0.46764577426024756	1.0	0.8383538013954328	1.0
LILRA2	1	0	0	1.0	0.32	1.0	0.16803898504453033	0.4677464749895339	1.0	0.8383538013954328	1.0
SIGLEC1	1	0	0	1.0	0.48	1.0	0.168321831341525	0.4682507102126925	1.0	0.8383538013954328	1.0
OSGIN1	1	0	0	1.0	0.698	1.0	0.17006802721088435	0.4713531908011114	1.0	0.8383538013954328	1.0
GTDC1	1	0	0	1.0	0.831	1.0	0.17129153819801302	0.4735163193614119	1.0	0.8383538013954328	1.0
MCEE	1	0	0	1.0	0.6729999999999999	1.0	0.1771793054571226	0.483804577248506	1.0	0.8383538013954328	1.0
CTDSP1	1	0	0	1.0	0.8079999999999999	1.0	0.17774617845716317	0.48478469784352396	1.0	0.8383538013954328	1.0
CHST4	1	0	0	1.0	0.943	1.0	0.17972681524083392	0.48819505285068243	1.0	0.8383538013954328	1.0
FHOD3	1	0	0	1.0	0.669	1.0	0.1893939393939394	0.5045314579011688	1.0	0.8383538013954328	1.0
DEPDC5	1	0	0	1.0	0.792	1.0	0.19000570017100513	0.505548395662482	1.0	0.8383538013954328	1.0
HK1	1	0	0	1.0	0.753	1.0	0.19135093761959435	0.5077776821849255	1.0	0.8383538013954328	1.0
CLCN5	1	0	0	1.0	0.904	1.0	0.19171779141104295	0.5083839771135645	1.0	0.8383538013954328	1.0
KRCC1	1	0	0	1.0	0.255	1.0	0.1953125	0.5142879763772299	1.0	0.8383538013954328	1.0
SQSTM1	1	0	0	1.0	0.413	1.0	0.19561815336463223	0.5147869164857657	1.0	0.8383538013954328	1.0
CDHR1	1	0	0	1.0	0.415	1.0	0.19565642731363725	0.5148493601616401	1.0	0.8383538013954328	1.0
NFX1	1	0	0	1.0	0.65	1.0	0.19611688566385566	0.5156000082512293	1.0	0.8383538013954328	1.0
TBCD	1	0	0	1.0	0.888	1.0	0.2002402883460152	0.5222741673723633	1.0	0.8383538013954328	1.0
USP15	1	0	0	1.0	0.774	1.0	0.2010454362685967	0.5235674196584668	1.0	0.8383538013954328	1.0
PSG4	1	0	0	1.0	0.252	1.0	0.20169423154497781	0.5246071870941911	1.0	0.8383538013954328	1.0
PRR14	1	0	0	1.0	0.22899999999999998	1.0	0.20567667626491157	0.5309440304183324	1.0	0.8383538013954328	1.0
FANCL	1	0	0	1.0	0.7959999999999999	1.0	0.2068680182043856	0.5328246343155341	1.0	0.8383538013954328	1.0
ASB6	1	0	0	1.0	0.6629999999999999	1.0	0.20755500207555003	0.5339059576987715	1.0	0.8383538013954328	1.0
SHANK1	1	0	0	1.0	0.225	1.0	0.20768431983385255	0.5341092513499667	1.0	0.8383538013954328	1.0
SNX20	1	0	0	1.0	0.389	1.0	0.21012817818869511	0.5379360290268911	1.0	0.8383538013954328	1.0
ELMO2	1	0	0	1.0	0.8290000000000001	1.0	0.21303792074989347	0.5424552827926783	1.0	0.8383538013954328	1.0
ALDH2	1	0	0	1.0	0.917	1.0	0.21358393848782573	0.5432988827570953	1.0	0.8383538013954328	1.0
IGSF10	1	0	0	1.0	0.37799999999999995	1.0	0.21473051320592657	0.5450658071720508	1.0	0.8383538013954328	1.0
GABRE	1	0	0	1.0	0.396	1.0	0.21616947686986598	0.5472746571139749	1.0	0.8383538013954328	1.0
DENND3	1	0	0	1.0	0.5429999999999999	1.0	0.21915406530791146	0.5518256195365474	1.0	0.8383538013954328	1.0
ROS1	1	0	0	1.0	0.32899999999999996	1.0	0.21958717610891523	0.5524826455075864	1.0	0.8383538013954328	1.0
RAI14	1	0	0	1.0	0.634	1.0	0.22099447513812154	0.5546116192600863	1.0	0.8383538013954328	1.0
TECTA	1	0	0	1.0	0.879	1.0	0.22104332449160036	0.5546853577042163	1.0	0.8383538013954328	1.0
PPM1J	1	0	0	1.0	0.763	1.0	0.22532672374943669	0.5611094692452463	1.0	0.8383538013954328	1.0
MRPL4	1	0	0	1.0	0.41200000000000003	1.0	0.22532672374943669	0.5611094692452463	1.0	0.8383538013954328	1.0
CEP95	1	0	0	1.0	0.47100000000000003	1.0	0.22573363431151242	0.5617154817284526	1.0	0.8383538013954328	1.0
BNC1	1	0	0	1.0	0.599	1.0	0.22789425706472197	0.5649210443056025	1.0	0.8383538013954328	1.0
SIM2	1	0	0	1.0	0.19699999999999998	1.0	0.22799817601459188	0.56507470360139	1.0	0.8383538013954328	1.0
SCARB1	1	0	0	1.0	0.402	1.0	0.22904260192395787	0.5666164127640294	1.0	0.8383538013954328	1.0
ALG1	1	0	0	1.0	0.595	1.0	0.23164234422052352	0.5704333371724208	1.0	0.8383538013954328	1.0
KRT31	1	0	0	1.0	0.629	1.0	0.23255813953488372	0.5717709355115157	1.0	0.8383538013954328	1.0
UGT2B17	1	0	0	1.0	0.41100000000000003	1.0	0.2359046945034206	0.5766283067635055	1.0	0.8383538013954328	1.0
DNAJC8	1	0	0	1.0	0.825	1.0	0.23646252069047055	0.5774333313999412	1.0	0.8383538013954328	1.0
OR2D3	1	0	0	1.0	0.45399999999999996	1.0	0.23651844843897823	0.5775139706736026	1.0	0.8383538013954328	1.0
OR6C65	1	0	0	1.0	0.31	1.0	0.23786869647954328	0.579456815655258	1.0	0.8383538013954328	1.0
NCAM1	1	0	0	1.0	0.575	1.0	0.24330900243309003	0.5872075495153634	1.0	0.8383538013954328	1.0
RELN	1	0	0	1.0	0.93	1.0	0.24594195769798327	0.5909148340398809	1.0	0.8383538013954328	1.0
SMC1A	1	0	0	1.0	0.84	1.0	0.24740227610094012	0.5929588369573056	1.0	0.8383538013954328	1.0
KIR3DL2	1	0	0	1.0	0.098	1.0	0.2495632642874969	0.5959677643259315	1.0	0.8383538013954328	1.0
PAPPA2	1	0	0	1.0	0.485	1.0	0.25006251562890724	0.5966602475280524	1.0	0.8383538013954328	1.0
TYRO3	1	0	0	1.0	0.532	1.0	0.25094102885821834	0.5978763644271465	1.0	0.8383538013954328	1.0
LATS2	1	0	0	1.0	0.353	1.0	0.2513826043237808	0.5984864706967775	1.0	0.8383538013954328	1.0
DVL2	1	0	0	1.0	0.624	1.0	0.25176233635448136	0.5990105101165475	1.0	0.8383538013954328	1.0
PTPRD	1	0	0	1.0	0.753	1.0	0.25621316935690497	0.6051102967457029	1.0	0.8383538013954328	1.0
FBXO10	1	0	0	1.0	0.319	1.0	0.25660764690787785	0.6056471712487996	1.0	0.8383538013954328	1.0
ACSM4	1	0	0	1.0	0.608	1.0	0.259000259000259	0.608890499166563	1.0	0.8383538013954328	1.0
MYBPC3	1	0	0	1.0	0.505	1.0	0.25960539979231567	0.6097072933374559	1.0	0.8383538013954328	1.0
E2F7	1	0	0	1.0	0.408	1.0	0.2630194634402946	0.6142891225844919	1.0	0.8383538013954328	1.0
ITPKB	1	0	0	1.0	0.36700000000000005	1.0	0.26343519494204426	0.6148440149493366	1.0	0.8383538013954328	1.0
ARNT2	1	0	0	1.0	0.8190000000000001	1.0	0.2654632333421821	0.6175415260711186	1.0	0.8383538013954328	1.0
AMZ1	1	0	0	1.0	0.431	1.0	0.2658867322520606	0.6181028661228929	1.0	0.8383538013954328	1.0
ZNF195	1	0	0	1.0	0.168	1.0	0.2680965147453083	0.6210209741704354	1.0	0.8383538013954328	1.0
IL18R1	1	0	0	1.0	0.449	1.0	0.27151778441487917	0.6255030240192583	1.0	0.8383538013954328	1.0
ADAMTS10	1	0	0	1.0	0.8220000000000001	1.0	0.27159152634437805	0.6255991533978507	1.0	0.8383538013954328	1.0
CAND1	1	0	0	1.0	0.821	1.0	0.27367268746579093	0.6283039020130858	1.0	0.8383538013954328	1.0
CHML	1	0	0	1.0	0.5589999999999999	1.0	0.2751031636863824	0.6301538132009583	1.0	0.8383538013954328	1.0
GLA	1	0	0	1.0	0.544	1.0	0.2767783005812344	0.6323106704028516	1.0	0.8383538013954328	1.0
COL14A1	1	0	0	1.0	0.5329999999999999	1.0	0.2770083102493075	0.6326060311204404	1.0	0.8383538013954328	1.0
COL9A2	1	0	0	1.0	0.401	1.0	0.27746947835738067	0.6331976525377614	1.0	0.8383538013954328	1.0
ALYREF	1	0	0	1.0	0.26899999999999996	1.0	0.27793218454697055	0.6337904768005399	1.0	0.8383538013954328	1.0
IGHV1-46	1	0	0	1.0	0.17800000000000002	1.0	0.28034763106251753	0.6368726959284428	1.0	0.8383538013954328	1.0
TRPM5	1	0	0	1.0	0.349	1.0	0.280662363177098	0.6372727719965477	1.0	0.8383538013954328	1.0
PMPCA	1	0	0	1.0	0.8059999999999999	1.0	0.281214848143982	0.6379742175623337	1.0	0.8383538013954328	1.0
SLC26A9	1	0	0	1.0	0.064	1.0	0.28145229383619474	0.6382753495746947	1.0	0.8383538013954328	1.0
SAP130	1	0	0	1.0	0.688	1.0	0.28161081385525205	0.6384762754043795	1.0	0.8383538013954328	1.0
TNFSF14	1	0	0	1.0	0.168	1.0	0.2832058906825262	0.6404930945755453	1.0	0.8383538013954328	1.0
SPAG11B	1	0	0	1.0	0.231	1.0	0.28793550244745175	0.6464206086271054	1.0	0.839761836451144	1.0
RPS9	1	0	0	1.0	0.7959999999999999	1.0	0.28793550244745175	0.6464206086271054	1.0	0.839761836451144	1.0
F5	1	0	0	1.0	0.484	1.0	0.28851702250432776	0.6471440251856361	1.0	0.839761836451144	1.0
TNS4	1	0	0	1.0	0.248	1.0	0.2924831822170225	0.6520468296745143	1.0	0.8465763218614929	1.0
SLC2A8	1	0	0	1.0	0.462	1.0	0.29994001199760045	0.6611196113763056	1.0	0.8604373862521594	1.0
MYO1C	1	0	0	1.0	0.76	1.0	0.3018412315122246	0.6634029952664531	1.0	0.8604373862521594	1.0
INTS5	1	0	0	1.0	0.385	1.0	0.30413625304136255	0.6661433933071574	1.0	0.8604373862521594	1.0
SETX	2	0	0	1.0	0.28900000000000003	1.0	0.30703101013202333	0.6695752306705853	1.0	0.8604373862521594	1.0
ZNF157	1	0	0	1.0	0.455	1.0	0.30703101013202333	0.6695752306705853	1.0	0.8604373862521594	1.0
GRIA1	1	0	0	1.0	0.6890000000000001	1.0	0.3076923076923077	0.6703553834897372	1.0	0.8604373862521594	1.0
XRCC3	1	0	0	1.0	0.647	1.0	0.30883261272390367	0.6716972993376908	1.0	0.8604373862521594	1.0
SPEG	1	0	0	1.0	0.297	1.0	0.31347962382445144	0.677122544450393	1.0	0.8606733406019758	1.0
MAPKBP1	1	0	0	1.0	0.5579999999999999	1.0	0.3137747097583935	0.6774647114638215	1.0	0.8606733406019758	1.0
DOPEY1	1	0	0	1.0	0.726	1.0	0.31387319522912743	0.6775788485523718	1.0	0.8606733406019758	1.0
STAB1	1	0	0	1.0	0.149	1.0	0.31826861871419476	0.6826414830787491	1.0	0.8655060136886172	1.0
EVC	1	0	0	1.0	0.235	1.0	0.3222687721559781	0.6871960636372038	1.0	0.8655060136886172	1.0
GOLGA8B	1	0	0	1.0	0.14300000000000002	1.0	0.324254215304799	0.6894382152078739	1.0	0.8655060136886172	1.0
FANCM	1	0	0	1.0	0.358	1.0	0.3247807729782397	0.6900308116084325	1.0	0.8655060136886172	1.0
PDE8B	1	0	0	1.0	0.583	1.0	0.3252032520325203	0.6905056589458476	1.0	0.8655060136886172	1.0
SNAPC4	1	0	0	1.0	0.17300000000000001	1.0	0.32679738562091504	0.6922924561974804	1.0	0.8655060136886172	1.0
TTN	2	0	0	1.0	0.273	1.0	0.328515111695138	0.6942090801575032	1.0	0.8655060136886172	1.0
SERTM1	1	0	0	1.0	0.42100000000000004	1.0	0.33288948069241014	0.6990495119513609	1.0	0.8655060136886172	1.0
CACNA1A	1	0	0	1.0	0.354	1.0	0.333889816360601	0.700148324396465	1.0	0.8655060136886172	1.0
MUC5AC	1	0	0	1.0	0.22	1.0	0.33478406427854035	0.7011280680394953	1.0	0.8655060136886172	1.0
ACP2	1	0	0	1.0	0.18899999999999997	1.0	0.3351206434316354	0.7014962072190062	1.0	0.8655060136886172	1.0
LRRC4B	1	0	0	1.0	0.354	1.0	0.33557046979865773	0.7019876847373534	1.0	0.8655060136886172	1.0
ATP2A3	1	0	0	1.0	0.368	1.0	0.34048348655090227	0.707316531227948	1.0	0.8698642944916385	1.0
SSH1	1	0	0	1.0	0.38299999999999995	1.0	0.3405994550408719	0.7074414546158956	1.0	0.8698642944916385	1.0
ANXA2	1	0	0	1.0	0.6890000000000001	1.0	0.3439972480220158	0.711084149149205	1.0	0.8701563108044686	1.0
ACTB	1	0	0	1.0	0.654	1.0	0.34928396786587496	0.7166853042668453	1.0	0.8701563108044686	1.0
VPREB3	1	0	0	1.0	0.185	1.0	0.3508771929824561	0.7183575418528279	1.0	0.8701563108044686	1.0
ST8SIA3	1	0	0	1.0	0.5660000000000001	1.0	0.35161744022503516	0.7191320365474664	1.0	0.8701563108044686	1.0
SAP30BP	1	0	0	1.0	0.706	1.0	0.352112676056338	0.719649314145463	1.0	0.8701563108044686	1.0
KLHL3	1	0	0	1.0	0.574	1.0	0.35298270384751146	0.7205563786969218	1.0	0.8701563108044686	1.0
PRUNE2	1	0	0	1.0	0.37200000000000005	1.0	0.35498757543485976	0.7226384412120113	1.0	0.8701563108044686	1.0
OR51B6	1	0	0	1.0	0.493	1.0	0.35561877667140823	0.723291598132439	1.0	0.8701563108044686	1.0
KCNU1	1	0	0	1.0	0.473	1.0	0.3557452863749555	0.7234223735056545	1.0	0.8701563108044686	1.0
BMP7	1	0	0	1.0	0.41600000000000004	1.0	0.35919540229885055	0.726971531060407	1.0	0.870845723244895	1.0
DNAH11	1	0	0	1.0	0.272	1.0	0.3615328994938539	0.7293572788295613	1.0	0.870845723244895	1.0
PIP4K2A	1	0	0	1.0	0.698	1.0	0.36271309394269136	0.7305560870662531	1.0	0.870845723244895	1.0
COL4A2	1	0	0	1.0	0.8859999999999999	1.0	0.36271309394269136	0.7305560870662531	1.0	0.870845723244895	1.0
ZNF599	1	0	0	1.0	0.518	1.0	0.36443148688046645	0.7322947193380609	1.0	0.8709578195629497	1.0
OR11H1	1	0	0	1.0	0.212	1.0	0.3671071953010279	0.7349858253624325	1.0	0.8733463413325824	1.0
ARSB	1	0	0	1.0	0.326	1.0	0.373134328358209	0.7409764158667036	1.0	0.8787020171355326	1.0
RRBP1	1	0	0	1.0	0.397	1.0	0.3749531308586427	0.7427649963254134	1.0	0.8787020171355326	1.0
EP300	1	0	0	1.0	0.5539999999999999	1.0	0.3763643206624012	0.7441466566720649	1.0	0.8787020171355326	1.0
CBX5	1	0	0	1.0	0.609	1.0	0.3775009437523594	0.7452556475235683	1.0	0.8787020171355326	1.0
GAL3ST4	1	0	0	1.0	0.17300000000000001	1.0	0.3785011355034065	0.7462286926949787	1.0	0.8787020171355326	1.0
PHLDB1	2	0	0	1.0	0.1995	1.0	0.38109756097560976	0.748742328918385	1.0	0.8787020171355326	1.0
SORL1	1	0	0	1.0	0.52	1.0	0.384172109104879	0.751695976186104	1.0	0.8787020171355326	1.0
HIATL2	1	0	0	1.0	0.389	1.0	0.3853564547206166	0.7528271740338544	1.0	0.8787020171355326	1.0
CDC40	1	0	0	1.0	0.516	1.0	0.3883495145631068	0.7556697219866795	1.0	0.8787020171355326	1.0
FCRL1	1	0	0	1.0	0.102	1.0	0.38895371450797356	0.7562407344549795	1.0	0.8787020171355326	1.0
ZNF560	1	0	0	1.0	0.16	1.0	0.39323633503735744	0.7602613002123407	1.0	0.8787020171355326	1.0
EPC2	1	0	0	1.0	0.457	1.0	0.39323633503735744	0.7602613002123407	1.0	0.8787020171355326	1.0
RAB33A	1	0	0	1.0	0.743	1.0	0.3957261574990107	0.7625772965595794	1.0	0.8787020171355326	1.0
MUC16	2	0	0	1.0	0.081	1.0	0.3965107057890563	0.7633038213888691	1.0	0.8787020171355326	1.0
DCAF8L2	1	0	0	1.0	0.092	1.0	0.39777247414478917	0.7644690175688368	1.0	0.8787020171355326	1.0
SNX4	1	0	0	1.0	0.596	1.0	0.40144520272982737	0.767837910991587	1.0	0.8787020171355326	1.0
LAMA1	1	0	0	1.0	0.373	1.0	0.40192926045016075	0.7682794111241692	1.0	0.8787020171355326	1.0
DAK	1	0	0	1.0	0.32799999999999996	1.0	0.40290088638195004	0.769163854465115	1.0	0.8787020171355326	1.0
CACNA1D	1	0	0	1.0	0.626	1.0	0.4050222762251924	0.7710867599688305	1.0	0.8787020171355326	1.0
FCGRT	1	0	0	1.0	0.13699999999999998	1.0	0.4056795131845842	0.7716802464481354	1.0	0.8787020171355326	1.0
FAT3	1	0	0	1.0	0.619	1.0	0.40683482506102525	0.7727209158437116	1.0	0.8787020171355326	1.0
CYLD	1	0	0	1.0	0.68	1.0	0.40749796251018744	0.7733167670288181	1.0	0.8787020171355326	1.0
SBK2	1	0	0	1.0	0.166	1.0	0.41050903119868637	0.7760087643052753	1.0	0.8787020171355326	1.0
ARID1B	1	0	0	1.0	0.124	1.0	0.41101520756267984	0.7764591302101873	1.0	0.8787020171355326	1.0
SVEP1	1	0	0	1.0	0.307	1.0	0.411522633744856	0.7769099824495709	1.0	0.8787020171355326	1.0
LRRC49	1	0	0	1.0	0.41700000000000004	1.0	0.41511000415110005	0.7800795863979801	1.0	0.8821880974030483	1.0
VSIG10	1	0	0	1.0	0.084	1.0	0.41788549937317176	0.7825105762332787	1.0	0.8821880974030483	1.0
WDR90	1	0	0	1.0	0.157	1.0	0.41823504809703055	0.7828154280536126	1.0	0.8821880974030483	1.0
BICC1	1	0	0	1.0	0.406	1.0	0.4231908590774439	0.7871062201459037	1.0	0.887349227273811	1.0
PDS5B	1	0	0	1.0	0.669	1.0	0.42408821034775235	0.7878769304983797	1.0	0.887349227273811	1.0
NPEPL1	1	0	0	1.0	0.32799999999999996	1.0	0.42680324370465217	0.7901972511846601	1.0	0.8894579598804951	1.0
ARPC2	1	0	0	1.0	0.462	1.0	0.4291845493562232	0.7922181405912486	1.0	0.8908571721696903	1.0
TSC22D4	1	0	0	1.0	0.184	1.0	0.4342162396873643	0.7964449070076197	1.0	0.8977248447504635	1.0
INPP5A	1	0	0	1.0	0.584	1.0	0.43936731107205623	0.8007115625061882	1.0	0.903643191022539	1.0
ESRRG	1	0	0	1.0	0.643	1.0	0.44130626654898497	0.8023019252452844	1.0	0.903643191022539	1.0
LPHN3	1	0	0	1.0	0.49700000000000005	1.0	0.44228217602830605	0.8030991566987319	1.0	0.903643191022539	1.0
COQ2	1	0	0	1.0	0.331	1.0	0.4444444444444444	0.8048578738739239	1.0	0.9045138888888888	1.0
NHS	1	0	0	1.0	0.138	1.0	0.4476275738585497	0.8074277979619556	1.0	0.9074473384447641	1.0
OR51L1	1	0	0	1.0	0.28	1.0	0.45955882352941174	0.816860445309603	1.0	0.9248657524519595	1.0
HDLBP	1	0	0	1.0	0.423	1.0	0.45977011494252873	0.8170246733520218	1.0	0.9248657524519595	1.0
CPEB3	1	0	0	1.0	0.542	1.0	0.4670714619336759	0.8226403594617215	1.0	0.9336616381550416	1.0
CENPE	2	0	0	1.0	0.133	1.0	0.4677268475210477	0.8231388272230371	1.0	0.9336616381550416	1.0
ABCA12	1	0	0	1.0	0.36200000000000004	1.0	0.47058823529411764	0.8253043775888848	1.0	0.9339880212899073	1.0
RAB2B	1	0	0	1.0	0.509	1.0	0.47147571900047147	0.8259725014533452	1.0	0.9339880212899073	1.0
SLC5A12	1	0	0	1.0	0.111	1.0	0.47438330170777987	0.8281497299236792	1.0	0.9361882582945201	1.0
KATNB1	1	0	0	1.0	0.625	1.0	0.47641734159123394	0.8296622395609795	1.0	0.9366544715812561	1.0
BAP1	2	0	0	1.0	0.34700000000000003	1.0	0.4835589941972921	0.8349042343550206	1.0	0.9430717712010136	1.0
PRDM2	1	0	0	1.0	0.166	1.0	0.4847309743092584	0.8357543548662698	1.0	0.9430717712010136	1.0
CAP2	1	0	0	1.0	0.316	1.0	0.48638132295719844	0.8369466671171784	1.0	0.9430717712010136	1.0
PREX2	2	0	0	1.0	0.43	1.0	0.4887585532746823	0.8386542852050023	1.0	0.9430717712010136	1.0
C1orf94	1	0	0	1.0	0.226	1.0	0.49019607843137253	0.8396812783608456	1.0	0.9430717712010136	1.0
GNB1	2	0	0	1.0	0.6359999999999999	1.0	0.4921259842519685	0.8410534102934231	1.0	0.9430717712010136	1.0
KIAA1109	1	0	0	1.0	0.489	1.0	0.49431537320810676	0.8426008690981752	1.0	0.9430717712010136	1.0
TTLL4	1	0	0	1.0	0.113	1.0	0.5017561465127948	0.8477877778377609	1.0	0.9430717712010136	1.0
OVCH1	1	0	0	1.0	0.115	1.0	0.5037783375314862	0.8491782942766517	1.0	0.9430717712010136	1.0
BAZ2A	1	0	0	1.0	0.401	1.0	0.5053057099545225	0.8502231766651989	1.0	0.9430717712010136	1.0
COL12A1	1	0	0	1.0	0.142	1.0	0.508646998982706	0.8524928899923575	1.0	0.9430717712010136	1.0
ZSCAN16	1	0	0	1.0	0.018000000000000002	1.0	0.5102040816326531	0.8535430985930744	1.0	0.9430717712010136	1.0
TRPM6	1	0	0	1.0	0.179	1.0	0.5102040816326531	0.8535430985930744	1.0	0.9430717712010136	1.0
ZNF839	1	0	0	1.0	0.040999999999999995	1.0	0.5102040816326531	0.8535430985930744	1.0	0.9430717712010136	1.0
CD109	1	0	0	1.0	0.292	1.0	0.5120327700972862	0.8547704310775943	1.0	0.9430717712010136	1.0
SPRY2	1	0	0	1.0	0.135	1.0	0.513083632632119	0.8554727657903662	1.0	0.9430717712010136	1.0
NLRP11	1	0	0	1.0	0.096	1.0	0.514668039114771	0.8565276224371091	1.0	0.9430717712010136	1.0
TNIP1	1	0	0	1.0	0.18100000000000002	1.0	0.5154639175257731	0.8570556562243489	1.0	0.9430717712010136	1.0
DNAJC1	1	0	0	1.0	0.237	1.0	0.5173305742369374	0.8582892913741302	1.0	0.9430717712010136	1.0
CDR2L	1	0	0	1.0	0.359	1.0	0.5178663904712584	0.8586421561089475	1.0	0.9430717712010136	1.0
ANK2	1	0	0	1.0	0.062	1.0	0.5200208008320333	0.8600553648500482	1.0	0.9430717712010136	1.0
MATN4	1	0	0	1.0	0.17600000000000002	1.0	0.5219206680584552	0.8612941960066122	1.0	0.9430717712010136	1.0
RTCA	1	0	0	1.0	0.10800000000000001	1.0	0.5221932114882507	0.8614713434112843	1.0	0.9430717712010136	1.0
AKAP9	1	0	0	1.0	0.087	1.0	0.5235602094240838	0.8623577183552558	1.0	0.9430717712010136	1.0
TF	1	0	0	1.0	0.065	1.0	0.5249343832020997	0.8632451488601912	1.0	0.9430717712010136	1.0
CNTN3	1	0	0	1.0	0.218	1.0	0.5282620179609087	0.8653792246313713	1.0	0.9457886988234826	1.0
WDHD1	1	0	0	1.0	0.04	1.0	0.5319148936170213	0.867697753639286	1.0	0.9490673273098221	1.0
NME7	1	0	0	1.0	0.10800000000000001	1.0	0.5353319057815846	0.8698438649928538	1.0	0.9517233316527471	1.0
CAMK1D	1	0	0	1.0	0.153	1.0	0.5370569280343717	0.8709190004591167	1.0	0.9517233316527471	1.0
NOP14	1	0	0	1.0	0.09	1.0	0.5411255411255411	0.8734328859412838	1.0	0.9522451784591539	1.0
KCTD19	1	0	0	1.0	0.109	1.0	0.5417118093174431	0.8737925980935322	1.0	0.9522451784591539	1.0
DSG1	1	0	0	1.0	0.14800000000000002	1.0	0.544069640914037	0.8752328748277994	1.0	0.9522451784591539	1.0
PRSS16	1	0	0	1.0	0.146	1.0	0.5446623093681917	0.8755932964043021	1.0	0.9522451784591539	1.0
SYTL3	1	0	0	1.0	0.08	1.0	0.547645125958379	0.8773974710694287	1.0	0.9526421649296031	1.0
LSM1	1	0	0	1.0	0.45399999999999996	1.0	0.5485463521667581	0.8779393832674306	1.0	0.9526421649296031	1.0
ABHD2	1	0	0	1.0	0.261	1.0	0.5707762557077626	0.890843603033219	1.0	0.9826925398358282	1.0
TRERF1	1	0	0	1.0	0.045	1.0	0.5707762557077626	0.890843603033219	1.0	0.9826925398358282	1.0
ASXL3	1	0	0	1.0	0.046	1.0	0.5717552887364208	0.8913917644576701	1.0	0.9826925398358282	1.0
TPPP2	1	0	0	1.0	0.102	1.0	0.573394495412844	0.8923058058983875	1.0	0.9826925398358282	1.0
ZNF197	1	0	0	1.0	0.105	1.0	0.5847953216374269	0.8985341348038411	1.0	0.9989454510593423	1.0
SLIT2	1	0	0	1.0	0.493	1.0	0.5878894767783657	0.9001859573272927	1.0	1.0	1.0
M1AP	1	0	0	1.0	0.14800000000000002	1.0	0.5941770647653001	0.9034925224056263	1.0	1.0	1.0
PCSK7	1	0	0	1.0	0.106	1.0	0.5952380952380952	0.9040439246518854	1.0	1.0	1.0
GPR87	1	0	0	1.0	0.563	1.0	0.6020469596628537	0.9075375259669825	1.0	1.0	1.0
PKP3	1	0	0	1.0	0.172	1.0	0.6031363088057901	0.908089298379435	1.0	1.0	1.0
KCNV1	1	0	0	1.0	0.27399999999999997	1.0	0.612369871402327	0.9126875774576412	1.0	1.0	1.0
PTBP2	1	0	0	1.0	0.40399999999999997	1.0	0.6191950464396285	0.9159968771979071	1.0	1.0	1.0
TPCN1	1	0	0	1.0	0.11800000000000001	1.0	0.6207324643078833	0.9167319082525371	1.0	1.0	1.0
EPG5	1	0	0	1.0	0.07200000000000001	1.0	0.6211180124223602	0.9169156391281811	1.0	1.0	1.0
NUFIP2	1	0	0	1.0	0.364	1.0	0.6238303181534622	0.9182014183577143	1.0	1.0	1.0
MYO15A	1	0	0	1.0	0.10300000000000001	1.0	0.6277463904582549	0.9200370564519218	1.0	1.0	1.0
PPL	1	0	0	1.0	0.114	1.0	0.6285355122564424	0.9204039907955058	1.0	1.0	1.0
NCF2	1	0	0	1.0	0.146	1.0	0.6381620931716656	0.9248008700535314	1.0	1.0	1.0
TRIM67	1	0	0	1.0	0.271	1.0	0.6381620931716656	0.9248008700535314	1.0	1.0	1.0
NEDD4	1	0	0	1.0	0.015	1.0	0.6414368184733804	0.9262633675918149	1.0	1.0	1.0
PPP1R3A	1	0	0	1.0	0.018000000000000002	1.0	0.6472491909385113	0.9288180649512678	1.0	1.0	1.0
AHCTF1	1	0	0	1.0	0.043	1.0	0.6540222367560498	0.9317291870156477	1.0	1.0	1.0
C14orf39	1	0	0	1.0	0.11699999999999999	1.0	0.6540222367560498	0.9317291870156477	1.0	1.0	1.0
COL2A1	1	0	0	1.0	0.311	1.0	0.6574621959237343	0.933180810833107	1.0	1.0	1.0
ZNF527	1	0	0	1.0	0.053	1.0	0.6596306068601583	0.9340866010687202	1.0	1.0	1.0
F12	1	0	0	1.0	0.129	1.0	0.6600660066006601	0.934267616476127	1.0	1.0	1.0
DR1	1	0	0	1.0	0.055999999999999994	1.0	0.6635700066357001	0.9357139480055464	1.0	1.0	1.0
FRMD7	1	0	0	1.0	0.025	1.0	0.6662225183211192	0.9367965040981512	1.0	1.0	1.0
FBN1	2	0	0	1.0	0.22199999999999998	1.0	0.6680026720106881	0.9375171045006622	1.0	1.0	1.0
PTGER2	1	0	0	1.0	0.22899999999999998	1.0	0.6756756756756757	0.940568978227043	1.0	1.0	1.0
C1orf86	1	0	0	1.0	0.035	1.0	0.6779661016949152	0.9414630439266326	1.0	1.0	1.0
MYH4	1	0	0	1.0	0.40299999999999997	1.0	0.6807351940095303	0.9425336264069029	1.0	1.0	1.0
OR7D4	1	0	0	1.0	0.055999999999999994	1.0	0.6872852233676976	0.945021237541894	1.0	1.0	1.0
PPP4R1	1	0	0	1.0	0.153	1.0	0.6968641114982579	0.9485469332484909	1.0	1.0	1.0
SULF2	1	0	0	1.0	0.366	1.0	0.7012622720897616	0.9501215441739861	1.0	1.0	1.0
RNF43	1	0	0	1.0	0.013000000000000001	1.0	0.7052186177715092	0.9515144062834525	1.0	1.0	1.0
CCDC126	2	0	0	1.0	0.0625	1.0	0.7087172218284904	0.9527276207446328	1.0	1.0	1.0
TMEM2	1	0	0	1.0	0.012	1.0	0.7189072609633357	0.9561631293611114	1.0	1.0	1.0
ZNF484	1	0	0	1.0	0.12	1.0	0.7262164124909223	0.9585382859451835	1.0	1.0	1.0
CD163	1	0	0	1.0	0.172	1.0	0.7267441860465116	0.9587069327842673	1.0	1.0	1.0
ARHGEF17	2	0	0	1.0	0.17850000000000002	1.0	0.7272727272727273	0.9588754408134798	1.0	1.0	1.0
GMEB2	2	0	0	1.0	0.27399999999999997	1.0	0.7309941520467836	0.9600510374271628	1.0	1.0	1.0
MUC17	1	0	0	1.0	0.026000000000000002	1.0	0.7347538574577517	0.9612194883683535	1.0	1.0	1.0
COG1	1	0	0	1.0	0.06	1.0	0.7363770250368189	0.9617179890548634	1.0	1.0	1.0
SPECC1	1	0	0	1.0	0.024	1.0	0.7446016381236039	0.9641890674170518	1.0	1.0	1.0
RASL12	1	0	0	1.0	0.195	1.0	0.7457121551081283	0.9645157377326932	1.0	1.0	1.0
C2orf16	2	0	0	1.0	0.0655	1.0	0.7468259895444361	0.964841722710258	1.0	1.0	1.0
ZMYM3	1	0	0	1.0	0.161	1.0	0.7507507507507507	0.9659771562448929	1.0	1.0	1.0
RPS6KC1	1	0	0	1.0	0.092	1.0	0.7587253414264037	0.9682211199395413	1.0	1.0	1.0
TRAM1	1	0	0	1.0	0.032	1.0	0.7751937984496124	0.9725908669562642	1.0	1.0	1.0
RYR1	2	0	0	1.0	0.1165	1.0	0.7961783439490446	0.9776529204187954	1.0	1.0	1.0
DNAH17	2	0	0	1.0	0.0675	1.0	0.7980845969672785	0.9780851364037759	1.0	1.0	1.0
KIAA0430	1	0	0	1.0	0.08900000000000001	1.0	0.8012820512820513	0.9787998957910544	1.0	1.0	1.0
GNB3	1	0	0	1.0	0.027000000000000003	1.0	0.8237232289950577	0.9834602081032179	1.0	1.0	1.0
ATP13A5	1	0	0	1.0	0.054000000000000006	1.0	0.8250825082508251	0.9837226795768339	1.0	1.0	1.0
CSMD3	3	0	0	1.0	0.26133333333333336	1.0	0.8438818565400844	0.9871247042929068	1.0	1.0	1.0
PPP2R2A	1	0	0	1.0	0.34600000000000003	1.0	0.8764241893076249	0.9920289841191399	1.0	1.0	1.0
TMOD2	1	0	0	1.0	0.1	1.0	0.9107468123861566	0.9958928443418387	1.0	1.0	1.0
PPP2R1B	1	0	0	1.0	0.0	1.0	1.0	1.0	1.0	1.0	1.0
PRRG4	1	0	0	1.0	0.0	1.0	1.0	1.0	1.0	1.0	1.0
ZNF460	1	0	0	1.0	0.0	1.0	1.0	1.0	1.0	1.0	1.0
ZNF229	1	0	0	1.0	0.0	1.0	1.0	1.0	1.0	1.0	1.0
TRIM29	1	0	0	1.0	0.0	1.0	1.0	1.0	1.0	1.0	1.0
ZNF304	1	0	0	1.0	0.0	1.0	1.0	1.0	1.0	1.0	1.0
APLF	1	0	0	1.0	0.0	1.0	1.0	1.0	1.0	1.0	1.0
WTIP	1	0	0	1.0	0.0	1.0	1.0	1.0	1.0	1.0	1.0
DYSF	2	0	0	1.0	0.0	1.0	1.0	1.0	1.0	1.0	1.0
ZNF446	1	0	0	1.0	0.0	1.0	1.0	1.0	1.0	1.0	1.0
MUC2	1	0	0	1.0	0.0	1.0	1.0	1.0	1.0	1.0	1.0
TP53INP1	1	0	0	1.0	0.0	1.0	1.0	1.0	1.0	1.0	1.0
HERC2	1	0	0	1.0	0.0	1.0	1.0	1.0	1.0	1.0	1.0
SYBU	1	0	0	1.0	0.0	1.0	1.0	1.0	1.0	1.0	1.0
FAM214A	1	0	0	1.0	0.0	1.0	1.0	1.0	1.0	1.0	1.0
EFTUD1	1	0	0	1.0	0.0	1.0	1.0	1.0	1.0	1.0	1.0
ZNF780A	1	0	0	1.0	0.0	1.0	1.0	1.0	1.0	1.0	1.0
MS4A8	1	0	0	1.0	0.0	1.0	1.0	1.0	1.0	1.0	1.0
CPEB1	1	0	0	1.0	0.0	1.0	1.0	1.0	1.0	1.0	1.0
ZNF836	1	0	0	1.0	0.0	1.0	1.0	1.0	1.0	1.0	1.0
ALG9	1	0	0	1.0	0.0	1.0	1.0	1.0	1.0	1.0	1.0
AMICA1	1	0	0	1.0	0.0	1.0	1.0	1.0	1.0	1.0	1.0
SCRIB	1	0	0	1.0	0.0	1.0	1.0	1.0	1.0	1.0	1.0
ARAP1	1	0	0	1.0	0.0	1.0	1.0	1.0	1.0	1.0	1.0
HEPN1	1	0	0	1.0	0.0	1.0	1.0	1.0	1.0	1.0	1.0
MTNR1B	1	0	0	1.0	0.0	1.0	1.0	1.0	1.0	1.0	1.0
ZNF628	1	0	0	1.0	0.0	1.0	1.0	1.0	1.0	1.0	1.0
IRF2BPL	1	0	0	1.0	0.0	1.0	1.0	1.0	1.0	1.0	1.0
APMAP	1	0	0	1.0	0.0	1.0	1.0	1.0	1.0	1.0	1.0
LCE4A	1	0	0	1.0	0.0	1.0	1.0	1.0	1.0	1.0	1.0
DCUN1D2	1	0	0	1.0	0.0	1.0	1.0	1.0	1.0	1.0	1.0
JAK1	1	0	0	1.0	0.0	1.0	1.0	1.0	1.0	1.0	1.0
IL24	1	0	0	1.0	0.0	1.0	1.0	1.0	1.0	1.0	1.0
POU4F1	1	0	0	1.0	0.0	1.0	1.0	1.0	1.0	1.0	1.0
RAB20	1	0	0	1.0	0.0	1.0	1.0	1.0	1.0	1.0	1.0
DCDC2B	1	0	0	1.0	0.0	1.0	1.0	1.0	1.0	1.0	1.0
CR1L	1	0	0	1.0	0.0	1.0	1.0	1.0	1.0	1.0	1.0
LRRIQ3	1	0	0	1.0	0.0	1.0	1.0	1.0	1.0	1.0	1.0
CNST	1	0	0	1.0	0.0	1.0	1.0	1.0	1.0	1.0	1.0
DTNA	1	0	0	1.0	0.0	1.0	1.0	1.0	1.0	1.0	1.0
CELSR2	1	0	0	1.0	0.0	1.0	1.0	1.0	1.0	1.0	1.0
CADM3	1	0	0	1.0	0.0	1.0	1.0	1.0	1.0	1.0	1.0
SERPINB4	1	0	0	1.0	0.0	1.0	1.0	1.0	1.0	1.0	1.0
ARHGEF19	1	0	0	1.0	0.0	1.0	1.0	1.0	1.0	1.0	1.0
WDR7	1	0	0	1.0	0.0	1.0	1.0	1.0	1.0	1.0	1.0
DIP2A	1	0	0	1.0	0.0	1.0	1.0	1.0	1.0	1.0	1.0
DSCAM	1	0	0	1.0	0.0	1.0	1.0	1.0	1.0	1.0	1.0
CHD5	1	0	0	1.0	0.0	1.0	1.0	1.0	1.0	1.0	1.0
OR6K3	1	0	0	1.0	0.0	1.0	1.0	1.0	1.0	1.0	1.0
TBC1D10A	1	0	0	1.0	0.0	1.0	1.0	1.0	1.0	1.0	1.0
PPARA	1	0	0	1.0	0.0	1.0	1.0	1.0	1.0	1.0	1.0
NUP62	1	0	0	1.0	0.0	1.0	1.0	1.0	1.0	1.0	1.0
EDEM2	1	0	0	1.0	0.0	1.0	1.0	1.0	1.0	1.0	1.0
AMER3	1	0	0	1.0	0.0	1.0	1.0	1.0	1.0	1.0	1.0
NLRP2	1	0	0	1.0	0.0	1.0	1.0	1.0	1.0	1.0	1.0
GDAP1L1	1	0	0	1.0	0.0	1.0	1.0	1.0	1.0	1.0	1.0
HELZ2	1	0	0	1.0	0.0	1.0	1.0	1.0	1.0	1.0	1.0
MYO1F	1	0	0	1.0	0.0	1.0	1.0	1.0	1.0	1.0	1.0
MEGF8	1	0	0	1.0	0.0	1.0	1.0	1.0	1.0	1.0	1.0
ATP8B3	1	0	0	1.0	0.0	1.0	1.0	1.0	1.0	1.0	1.0
WDR47	1	0	0	1.0	0.0	1.0	1.0	1.0	1.0	1.0	1.0
UBR4	1	0	0	1.0	0.0	1.0	1.0	1.0	1.0	1.0	1.0
SOGA1	1	0	0	1.0	0.0	1.0	1.0	1.0	1.0	1.0	1.0
TRIM62	1	0	0	1.0	0.0	1.0	1.0	1.0	1.0	1.0	1.0
BRD1	1	0	0	1.0	0.0	1.0	1.0	1.0	1.0	1.0	1.0
SZT2	1	0	0	1.0	0.0	1.0	1.0	1.0	1.0	1.0	1.0
EMID1	1	0	0	1.0	0.0	1.0	1.0	1.0	1.0	1.0	1.0
RYR2	1	0	0	1.0	0.0	1.0	1.0	1.0	1.0	1.0	1.0
EWSR1	1	0	0	1.0	0.0	1.0	1.0	1.0	1.0	1.0	1.0
PADI2	1	0	0	1.0	0.0	1.0	1.0	1.0	1.0	1.0	1.0
ZFYVE19	1	0	0	1.0	0.0	1.0	1.0	1.0	1.0	1.0	1.0
CA2	1	0	0	1.0	0.0	1.0	1.0	1.0	1.0	1.0	1.0
ACOX1	1	0	0	1.0	0.0	1.0	1.0	1.0	1.0	1.0	1.0
GLI2	1	0	0	1.0	0.0	1.0	1.0	1.0	1.0	1.0	1.0
ZC3H7A	1	0	0	1.0	0.0	1.0	1.0	1.0	1.0	1.0	1.0
ITGB8	1	0	0	1.0	0.0	1.0	1.0	1.0	1.0	1.0	1.0
HOXA4	1	0	0	1.0	0.0	1.0	1.0	1.0	1.0	1.0	1.0
FKBP9	1	0	0	1.0	0.0	1.0	1.0	1.0	1.0	1.0	1.0
COBL	1	0	0	1.0	0.0	1.0	1.0	1.0	1.0	1.0	1.0
MUSK	1	0	0	1.0	0.0	1.0	1.0	1.0	1.0	1.0	1.0
BZW2	1	0	0	1.0	0.0	1.0	1.0	1.0	1.0	1.0	1.0
WDR66	1	0	0	1.0	0.0	1.0	1.0	1.0	1.0	1.0	1.0
LRRN3	1	0	0	1.0	0.0	1.0	1.0	1.0	1.0	1.0	1.0
PNPLA7	1	0	0	1.0	0.0	1.0	1.0	1.0	1.0	1.0	1.0
SLC6A13	1	0	0	1.0	0.0	1.0	1.0	1.0	1.0	1.0	1.0
MYF6	1	0	0	1.0	0.0	1.0	1.0	1.0	1.0	1.0	1.0
SLC28A3	1	0	0	1.0	0.0	1.0	1.0	1.0	1.0	1.0	1.0
MRPS35	1	0	0	1.0	0.0	1.0	1.0	1.0	1.0	1.0	1.0
LMO3	1	0	0	1.0	0.0	1.0	1.0	1.0	1.0	1.0	1.0
ITPR2	1	0	0	1.0	0.0	1.0	1.0	1.0	1.0	1.0	1.0
TMEM8B	1	0	0	1.0	0.0	1.0	1.0	1.0	1.0	1.0	1.0
TRAF2	1	0	0	1.0	0.0	1.0	1.0	1.0	1.0	1.0	1.0
TBX5	1	0	0	1.0	0.0	1.0	1.0	1.0	1.0	1.0	1.0
LUC7L2	1	1	0	0.0	0.0	1.0	1.0	1.0	1.0	1.0	1.0
RGS11	1	0	0	1.0	0.0	1.0	1.0	1.0	1.0	1.0	1.0
STYXL1	1	0	0	1.0	0.0	1.0	1.0	1.0	1.0	1.0	1.0
GPR68	1	0	0	1.0	0.0	1.0	1.0	1.0	1.0	1.0	1.0
FAM71D	1	0	0	1.0	0.0	1.0	1.0	1.0	1.0	1.0	1.0
WDR25	1	0	0	1.0	0.0	1.0	1.0	1.0	1.0	1.0	1.0
ADAM21	1	0	0	1.0	0.0	1.0	1.0	1.0	1.0	1.0	1.0
TNPO1	1	0	0	1.0	0.0	1.0	1.0	1.0	1.0	1.0	1.0
SLIT3	1	0	0	1.0	0.0	1.0	1.0	1.0	1.0	1.0	1.0
SLC27A6	1	0	0	1.0	0.0	1.0	1.0	1.0	1.0	1.0	1.0
PDE4D	1	0	0	1.0	0.0	1.0	1.0	1.0	1.0	1.0	1.0
PCDHA2	1	0	0	1.0	0.0	1.0	1.0	1.0	1.0	1.0	1.0
FANCA	2	0	0	1.0	0.0	1.0	1.0	1.0	1.0	1.0	1.0
FUK	1	0	0	1.0	0.0	1.0	1.0	1.0	1.0	1.0	1.0
MGAT4B	1	0	0	1.0	0.0	1.0	1.0	1.0	1.0	1.0	1.0
GP2	1	0	0	1.0	0.0	1.0	1.0	1.0	1.0	1.0	1.0
LIFR	1	0	0	1.0	0.0	1.0	1.0	1.0	1.0	1.0	1.0
GRM6	1	0	0	1.0	0.0	1.0	1.0	1.0	1.0	1.0	1.0
KIAA0556	1	0	0	1.0	0.0	1.0	1.0	1.0	1.0	1.0	1.0
LCAT	1	0	0	1.0	0.0	1.0	1.0	1.0	1.0	1.0	1.0
FASTKD3	1	0	0	1.0	0.0	1.0	1.0	1.0	1.0	1.0	1.0
DMXL1	1	0	0	1.0	0.0	1.0	1.0	1.0	1.0	1.0	1.0
IRAK3	1	0	0	1.0	0.0	1.0	1.0	1.0	1.0	1.0	1.0
ZNF79	1	0	0	1.0	0.0	1.0	1.0	1.0	1.0	1.0	1.0
DDX51	1	0	0	1.0	0.0	1.0	1.0	1.0	1.0	1.0	1.0
TRIM15	1	0	0	1.0	0.0	1.0	1.0	1.0	1.0	1.0	1.0
KNDC1	1	0	0	1.0	0.0	1.0	1.0	1.0	1.0	1.0	1.0
MSS51	1	0	0	1.0	0.0	1.0	1.0	1.0	1.0	1.0	1.0
SLC13A5	1	0	0	1.0	0.0	1.0	1.0	1.0	1.0	1.0	1.0
SEC14L1	1	0	0	1.0	0.0	1.0	1.0	1.0	1.0	1.0	1.0
RUNDC1	1	0	0	1.0	0.0	1.0	1.0	1.0	1.0	1.0	1.0
KRTAP4-4	1	0	0	1.0	0.0	1.0	1.0	1.0	1.0	1.0	1.0
KRT32	1	0	0	1.0	0.0	1.0	1.0	1.0	1.0	1.0	1.0
EPHA5	1	0	0	1.0	0.0	1.0	1.0	1.0	1.0	1.0	1.0
DHRS7B	1	0	0	1.0	0.0	1.0	1.0	1.0	1.0	1.0	1.0
FAM198B	1	0	0	1.0	0.0	1.0	1.0	1.0	1.0	1.0	1.0
CWC25	1	0	0	1.0	0.0	1.0	1.0	1.0	1.0	1.0	1.0
JAKMIP1	1	0	0	1.0	0.0	1.0	1.0	1.0	1.0	1.0	1.0
SNTG2	1	0	0	1.0	0.0	1.0	1.0	1.0	1.0	1.0	1.0
PCDH10	1	0	0	1.0	0.0	1.0	1.0	1.0	1.0	1.0	1.0
RGS12	1	0	0	1.0	0.0	1.0	1.0	1.0	1.0	1.0	1.0
RAB11FIP5	1	0	0	1.0	0.0	1.0	1.0	1.0	1.0	1.0	1.0
LRPPRC	1	0	0	1.0	0.0	1.0	1.0	1.0	1.0	1.0	1.0
SPARCL1	1	0	0	1.0	0.0	1.0	1.0	1.0	1.0	1.0	1.0
UBA6	1	0	0	1.0	0.0	1.0	1.0	1.0	1.0	1.0	1.0
FANCD2	1	0	0	1.0	0.0	1.0	1.0	1.0	1.0	1.0	1.0
C8orf31	1	0	0	1.0	0.0	1.0	1.0	1.0	1.0	1.0	1.0
HHEX	1	0	0	1.0	0.0	1.0	1.0	1.0	1.0	1.0	1.0
FBLN2	1	0	0	1.0	0.0	1.0	1.0	1.0	1.0	1.0	1.0
QKI	1	0	0	1.0	0.0	1.0	1.0	1.0	1.0	1.0	1.0
GAB3	1	0	0	1.0	0.0	1.0	1.0	1.0	1.0	1.0	1.0
PSMB8	1	0	0	1.0	0.0	1.0	1.0	1.0	1.0	1.0	1.0
PPP2R5D	1	0	0	1.0	0.0	1.0	1.0	1.0	1.0	1.0	1.0
GPR112	1	0	0	1.0	0.0	1.0	1.0	1.0	1.0	1.0	1.0
MAOB	1	0	0	1.0	0.0	1.0	1.0	1.0	1.0	1.0	1.0
MCHR2	1	0	0	1.0	0.0	1.0	1.0	1.0	1.0	1.0	1.0
GINM1	1	0	0	1.0	0.0	1.0	1.0	1.0	1.0	1.0	1.0
EFHC1	1	0	0	1.0	0.0	1.0	1.0	1.0	1.0	1.0	1.0
ATXN1	1	0	0	1.0	0.0	1.0	1.0	1.0	1.0	1.0	1.0
THOC2	1	0	0	1.0	0.0	1.0	1.0	1.0	1.0	1.0	1.0
TMEM35	1	0	0	1.0	0.0	1.0	1.0	1.0	1.0	1.0	1.0
TP63	1	0	0	1.0	0.0	1.0	1.0	1.0	1.0	1.0	1.0
TMEM44	1	0	0	1.0	0.0	1.0	1.0	1.0	1.0	1.0	1.0
STAG1	1	0	0	1.0	0.0	1.0	1.0	1.0	1.0	1.0	1.0
SCN11A	1	0	0	1.0	0.0	1.0	1.0	1.0	1.0	1.0	1.0
CHAT	1	0	0	1.0	0.0	1.0	1.0	1.0	1.0	1.0	1.0
ROBO2	1	0	0	1.0	0.0	1.0	1.0	1.0	1.0	1.0	1.0
NBEAL2	1	0	0	1.0	0.0	1.0	1.0	1.0	1.0	1.0	1.0
FGFR2	1	0	0	1.0	0.0	1.0	1.0	1.0	1.0	1.0	1.0
PTPRB	1	0	0	1.0	0.0	1.0	1.0	1.0	1.0	1.0	1.0
