Gene	ID	gene length	non-silent snv	silent snv	nonsense	lost stop	splice site	lost start	missense	recurrent missense	normalized missense position entropy	frameshift indel	inframe indel	normalized mutation entropy
AHCTF1	NA	6828	1	0	0	0	0	0	1	0	1.0	0.0	0.0	1.0
ARHGEF19	NA	2409	1	0	1	0	0	0	0	0	1.0	0.0	0.0	1.0
C1orf86	NA	693	1	0	0	0	0	0	1	0	1.0	0.0	0.0	1.0
C1orf94	NA	1797	1	0	0	0	0	0	1	0	1.0	0.0	0.0	1.0
CADM3	NA	1299	0	1	0	0	0	0	0	0	1.0	0.0	0.0	1.0
CELSR2	NA	8772	0	1	0	0	0	0	0	0	1.0	0.0	0.0	1.0
CHD5	NA	5865	0	1	0	0	0	0	0	0	1.0	0.0	0.0	1.0
CHML	NA	1971	1	0	0	0	0	0	1	0	1.0	0.0	0.0	1.0
CNST	NA	2178	0	1	0	0	0	0	0	0	1.0	0.0	0.0	1.0
COL9A2	NA	2070	1	0	0	0	0	0	1	0	1.0	0.0	0.0	1.0
CR1L	NA	1710	0	1	0	0	0	0	0	0	1.0	0.0	0.0	1.0
DCDC2B	NA	1050	0	1	0	0	0	0	0	0	1.0	0.0	0.0	1.0
DNAJC8	NA	762	1	0	0	0	0	0	1	0	1.0	0.0	0.0	1.0
DR1	NA	531	1	0	0	0	0	0	1	0	1.0	0.0	0.0	1.0
ELTD1	NA	2073	1	0	0	0	0	0	1	0	1.0	0.0	0.0	1.0
ESRRG	NA	1413	1	0	0	0	0	0	1	0	1.0	0.0	0.0	1.0
EYA3	NA	1722	1	0	0	0	0	0	1	0	1.0	0.0	0.0	1.0
F5	NA	6675	1	0	0	0	0	0	1	0	1.0	0.0	0.0	1.0
FCRL1	NA	1290	1	0	0	0	0	0	1	0	1.0	0.0	0.0	1.0
GNB1	NA	1023	2	0	0	0	0	0	2	0	1.0	0.0	0.0	1.0
IL24	NA	624	1	0	1	0	0	0	0	0	1.0	0.0	0.0	1.0
ITPKB	NA	2841	1	0	0	0	0	0	1	0	1.0	0.0	0.0	1.0
JAK1	NA	3465	1	0	0	0	1	0	0	0	1.0	0.0	0.0	1.0
LCE4A	NA	300	0	1	0	0	0	0	0	0	1.0	0.0	0.0	1.0
LRRIQ3	NA	1875	1	0	1	0	0	0	0	0	1.0	0.0	0.0	1.0
MTOR	NA	7650	2	0	0	0	0	0	2	0	1.0	0.0	0.0	1.0
NCF2	NA	1581	1	0	0	0	0	0	1	0	1.0	0.0	0.0	1.0
NLRP3	NA	3111	1	0	0	0	0	0	1	0	1.0	0.0	0.0	1.0
NME7	NA	1131	1	0	0	0	0	0	1	0	1.0	0.0	0.0	1.0
OR6K3	NA	948	0	1	0	0	0	0	0	0	1.0	0.0	0.0	1.0
PADI2	NA	1998	1	0	1	0	0	0	0	0	1.0	0.0	0.0	1.0
PAPPA2	NA	5376	1	0	0	0	0	0	1	0	1.0	0.0	0.0	1.0
PPM1J	NA	1518	1	0	0	0	0	0	1	0	1.0	0.0	0.0	1.0
PRDM2	NA	5157	1	0	0	0	0	0	1	0	1.0	0.0	0.0	1.0
PTBP2	NA	1596	1	0	0	0	0	0	1	0	1.0	0.0	0.0	1.0
RPS6KC1	NA	3201	1	0	0	0	0	0	1	0	1.0	0.0	0.0	1.0
RTCA	NA	1140	1	0	0	0	0	0	1	0	1.0	0.0	0.0	1.0
RYR2	NA	14904	0	1	0	0	0	0	0	0	1.0	0.0	0.0	1.0
SELE	NA	1833	1	0	0	0	0	0	1	0	1.0	0.0	0.0	1.0
SLC26A9	NA	2664	1	0	0	0	0	0	1	0	1.0	0.0	0.0	1.0
SPTA1	NA	7260	2	0	0	0	0	0	2	0	1.0	0.0	0.0	1.0
SZT2	NA	10128	0	1	0	0	0	0	0	0	1.0	0.0	0.0	1.0
TNFRSF8	NA	1788	1	0	0	0	0	0	1	0	1.0	0.0	0.0	1.0
TRIM62	NA	1428	0	1	0	0	0	0	0	0	1.0	0.0	0.0	1.0
TRIM67	NA	2352	1	0	0	0	0	0	1	0	1.0	0.0	0.0	1.0
UBR4	NA	15552	0	1	0	0	0	0	0	0	1.0	0.0	0.0	1.0
VAV3	NA	2544	1	0	0	0	0	0	1	0	1.0	0.0	0.0	1.0
WDR47	NA	2784	0	1	0	0	0	0	0	0	1.0	0.0	0.0	1.0
ZBTB7B	NA	1722	1	0	0	0	0	0	1	0	1.0	0.0	0.0	1.0
ADAMTS10	NA	3312	1	0	0	0	0	0	1	0	1.0	0.0	0.0	1.0
ATP8B3	NA	3903	0	1	0	0	0	0	0	0	1.0	0.0	0.0	1.0
CACNA1A	NA	7534	1	0	0	0	0	0	1	0	1.0	0.0	0.0	1.0
CLEC4M	NA	1200	1	0	0	0	0	0	1	0	1.0	0.0	0.0	1.0
FAM187B	NA	1110	1	0	0	0	0	0	1	0	1.0	0.0	0.0	1.0
FCGRT	NA	1098	1	0	0	0	0	0	1	0	1.0	0.0	0.0	1.0
GNA11	NA	1080	15	0	0	0	0	0	15	14	0.09044515744019287	0.0	0.0	0.09044515744019287
GRIN3B	NA	3132	1	0	0	0	0	0	1	0	1.0	0.0	0.0	1.0
KIR3DL2	NA	1368	1	0	0	0	0	0	1	0	1.0	0.0	0.0	1.0
LILRA2	NA	1452	1	0	0	0	0	0	1	0	1.0	0.0	0.0	1.0
LILRA3	NA	1320	1	0	0	0	0	0	1	0	1.0	0.0	0.0	1.0
LRRC4B	NA	2142	1	0	0	0	0	0	1	0	1.0	0.0	0.0	1.0
MEGF8	NA	8538	0	1	0	0	0	0	0	0	1.0	0.0	0.0	1.0
MRPL4	NA	936	1	0	0	0	0	0	1	0	1.0	0.0	0.0	1.0
MUC16	NA	43524	2	0	0	0	0	0	2	0	1.0	0.0	0.0	1.0
MYO1F	NA	3297	1	0	1	0	0	0	0	0	1.0	0.0	0.0	1.0
NLRP11	NA	3102	1	0	0	0	0	0	1	0	1.0	0.0	0.0	1.0
NLRP2	NA	3189	0	1	0	0	0	0	0	0	1.0	0.0	0.0	1.0
NUP62	NA	1569	0	1	0	0	0	0	0	0	1.0	0.0	0.0	1.0
OR7D4	NA	939	1	0	0	0	0	0	1	0	1.0	0.0	0.0	1.0
PPP2R1A	NA	1770	1	0	0	0	0	0	1	0	1.0	0.0	0.0	1.0
PSG4	NA	1260	1	0	0	0	0	0	1	0	1.0	0.0	0.0	1.0
RPS9	NA	585	1	0	0	0	0	0	1	0	1.0	0.0	0.0	1.0
RYR1	NA	15117	1	1	0	0	0	0	1	0	1.0	0.0	0.0	1.0
SBK2	NA	1047	1	0	0	0	0	0	1	0	1.0	0.0	0.0	1.0
SHANK1	NA	6486	1	0	0	0	0	0	1	0	1.0	0.0	0.0	1.0
SLC25A23	NA	1407	1	0	0	0	0	0	1	0	1.0	0.0	0.0	1.0
TNFSF14	NA	723	1	0	0	0	0	0	1	0	1.0	0.0	0.0	1.0
WTIP	NA	1293	0	1	0	0	0	0	0	0	1.0	0.0	0.0	1.0
ZNF229	NA	2478	0	1	0	0	0	0	0	0	1.0	0.0	0.0	1.0
ZNF304	NA	1980	0	1	0	0	0	0	0	0	1.0	0.0	0.0	1.0
ZNF446	NA	1353	1	0	0	0	1	0	0	0	1.0	0.0	0.0	1.0
ZNF460	NA	1689	0	1	0	0	0	0	0	0	1.0	0.0	0.0	1.0
ZNF527	NA	1830	1	0	0	0	0	0	1	0	1.0	0.0	0.0	1.0
ZNF560	NA	2373	1	0	0	0	0	0	1	0	1.0	0.0	0.0	1.0
ZNF599	NA	1767	1	0	0	0	0	0	1	0	1.0	0.0	0.0	1.0
ZNF628	NA	3180	0	1	0	0	0	0	0	0	1.0	0.0	0.0	1.0
ZNF780A	NA	1929	0	1	0	0	0	0	0	0	1.0	0.0	0.0	1.0
ZNF836	NA	2811	0	1	0	0	0	0	0	0	1.0	0.0	0.0	1.0
ACP2	NA	1272	1	0	0	0	0	0	1	0	1.0	0.0	0.0	1.0
ALG9	NA	1857	0	1	0	0	0	0	0	0	1.0	0.0	0.0	1.0
AMICA1	NA	1185	0	1	0	0	0	0	0	0	1.0	0.0	0.0	1.0
ARAP1	NA	4353	0	1	0	0	0	0	0	0	1.0	0.0	0.0	1.0
ARHGEF17	NA	6192	1	1	0	0	0	0	1	0	1.0	0.0	0.0	1.0
CNTN5	NA	3303	1	0	0	0	0	0	1	0	1.0	0.0	0.0	1.0
DAK	NA	1728	1	0	0	0	0	0	1	0	1.0	0.0	0.0	1.0
FAT3	NA	13674	1	0	0	0	0	0	1	0	1.0	0.0	0.0	1.0
HEPN1	NA	267	0	1	0	0	0	0	0	0	1.0	0.0	0.0	1.0
INTS5	NA	3060	1	0	0	0	0	0	1	0	1.0	0.0	0.0	1.0
MS4A8	NA	753	0	1	0	0	0	0	0	0	1.0	0.0	0.0	1.0
MTNR1B	NA	1089	0	1	0	0	0	0	0	0	1.0	0.0	0.0	1.0
MUC2	NA	8442	0	1	0	0	0	0	0	0	1.0	0.0	0.0	1.0
MUC5AC	NA	1870	1	0	0	0	0	0	1	0	1.0	0.0	0.0	1.0
MYBPC3	NA	3825	1	0	0	0	0	0	1	0	1.0	0.0	0.0	1.0
NCAM1	NA	2655	1	0	0	0	0	0	1	0	1.0	0.0	0.0	1.0
OR2D3	NA	993	1	0	0	0	0	0	1	0	1.0	0.0	0.0	1.0
OR51B6	NA	939	1	0	0	0	0	0	1	0	1.0	0.0	0.0	1.0
OR51L1	NA	948	1	0	0	0	0	0	1	0	1.0	0.0	0.0	1.0
PCSK7	NA	2358	1	0	0	0	0	0	1	0	1.0	0.0	0.0	1.0
PHLDB1	NA	4134	2	0	0	0	0	0	2	0	1.0	0.0	0.0	-0.0
PKP3	NA	2394	1	0	0	0	0	0	1	0	1.0	0.0	0.0	1.0
PPP2R1B	NA	2004	0	1	0	0	0	0	0	0	1.0	0.0	0.0	1.0
PRDM11	NA	3534	1	0	0	0	0	0	1	0	1.0	0.0	0.0	1.0
PRRG4	NA	681	0	1	0	0	0	0	0	0	1.0	0.0	0.0	1.0
SLC5A12	NA	1857	1	0	0	0	0	0	1	0	1.0	0.0	0.0	1.0
SORL1	NA	6645	1	0	0	0	0	0	1	0	1.0	0.0	0.0	1.0
TECTA	NA	6468	1	0	0	0	0	0	1	0	1.0	0.0	0.0	1.0
TRIM29	NA	1767	0	1	0	0	0	0	0	0	1.0	0.0	0.0	1.0
TRPM5	NA	3498	1	0	0	0	0	0	1	0	1.0	0.0	0.0	1.0
USP35	NA	3057	1	0	0	0	0	0	1	0	1.0	0.0	0.0	1.0
ZNF195	NA	1890	1	0	0	0	0	0	1	0	1.0	0.0	0.0	1.0
ABCA12	NA	7788	1	0	0	0	0	0	1	0	1.0	0.0	0.0	1.0
ANAPC1	NA	5835	1	0	0	0	0	0	1	0	1.0	0.0	0.0	1.0
APLF	NA	1536	0	1	0	0	0	0	0	0	1.0	0.0	0.0	1.0
ARPC2	NA	903	1	0	0	0	0	0	1	0	1.0	0.0	0.0	1.0
C2orf16	NA	5955	1	1	0	0	0	0	1	0	1.0	0.0	0.0	1.0
C2orf71	NA	3867	1	0	0	0	0	0	1	0	1.0	0.0	0.0	1.0
CTDSP1	NA	786	1	0	0	0	0	0	1	0	1.0	0.0	0.0	1.0
DYSF	NA	6360	0	2	0	0	0	0	0	0	1.0	0.0	0.0	1.0
EPC2	NA	2424	1	0	0	0	0	0	1	0	1.0	0.0	0.0	1.0
AMER3	NA	2586	0	1	0	0	0	0	0	0	1.0	0.0	0.0	1.0
FANCL	NA	1143	1	0	0	0	0	0	1	0	1.0	0.0	0.0	1.0
GLB1L	NA	1965	1	0	0	0	0	0	1	0	1.0	0.0	0.0	1.0
GLI2	NA	4761	1	0	1	0	0	0	0	0	1.0	0.0	0.0	1.0
GTDC1	NA	1377	1	0	0	0	0	0	1	0	1.0	0.0	0.0	1.0
HDLBP	NA	3807	1	0	0	0	0	0	1	0	1.0	0.0	0.0	1.0
IL18R1	NA	1626	1	0	0	0	0	0	1	0	1.0	0.0	0.0	1.0
IL1R1	NA	1710	1	0	0	0	0	0	1	0	1.0	0.0	0.0	1.0
KRCC1	NA	780	1	0	0	0	0	0	1	0	1.0	0.0	0.0	1.0
LRP1B	NA	13800	1	0	0	0	0	0	1	0	1.0	0.0	0.0	1.0
LRPPRC	NA	4185	0	1	0	0	0	0	0	0	1.0	0.0	0.0	1.0
M1AP	NA	1593	1	0	0	0	0	0	1	0	1.0	0.0	0.0	1.0
MAP3K19	NA	3987	1	0	0	0	0	0	1	0	1.0	0.0	0.0	1.0
MCEE	NA	531	1	0	0	0	0	0	1	0	1.0	0.0	0.0	1.0
NCAPH	NA	2226	1	0	0	0	0	0	1	0	1.0	0.0	0.0	1.0
RAB11FIP5	NA	1962	0	1	0	0	0	0	0	0	1.0	0.0	0.0	1.0
SAP130	NA	3252	1	0	0	0	0	0	1	0	1.0	0.0	0.0	1.0
SCN9A	NA	5934	1	0	0	0	0	0	1	0	1.0	0.0	0.0	1.0
SF3B1	NA	3915	11	0	0	0	0	0	11	9	0.2502886927414662	0.0	0.0	0.2502886927414662
SNTG2	NA	1620	0	1	0	0	0	0	0	0	1.0	0.0	0.0	1.0
SPEG	NA	9804	1	0	0	0	0	0	1	0	1.0	0.0	0.0	1.0
TRAF3IP1	NA	2076	1	0	0	0	0	0	1	0	1.0	0.0	0.0	1.0
TTLL4	NA	3600	1	0	0	0	0	0	1	0	1.0	0.0	0.0	1.0
TTN	NA	107976	2	0	0	0	0	0	2	0	1.0	0.0	0.0	1.0
ACOX1	NA	1983	0	1	0	0	0	0	0	0	1.0	0.0	0.0	1.0
ALYREF	NA	795	1	0	0	0	0	0	1	0	1.0	0.0	0.0	1.0
ATP2A3	NA	3159	1	0	0	0	0	0	1	0	1.0	0.0	0.0	1.0
CDR2L	NA	1398	1	0	0	0	0	0	1	0	1.0	0.0	0.0	1.0
CEP95	NA	2466	1	0	0	0	0	0	1	0	1.0	0.0	0.0	1.0
COG1	NA	2943	1	0	0	0	0	0	1	0	1.0	0.0	0.0	1.0
CWC25	NA	1278	0	1	0	0	0	0	0	0	1.0	0.0	0.0	1.0
DHRS7B	NA	978	0	1	0	0	0	0	0	0	1.0	0.0	0.0	1.0
DNAH17	NA	13389	1	1	0	0	0	0	1	0	1.0	0.0	0.0	1.0
DVL2	NA	2211	1	0	0	0	0	0	1	0	1.0	0.0	0.0	1.0
GSG2	NA	2397	1	0	0	0	0	0	1	0	1.0	0.0	0.0	1.0
HDAC5	NA	3372	1	0	0	0	0	0	1	0	1.0	0.0	0.0	1.0
KRT16	NA	1422	1	0	0	0	0	0	1	0	1.0	0.0	0.0	1.0
KRT31	NA	1251	1	0	0	0	0	0	1	0	1.0	0.0	0.0	1.0
KRT32	NA	1347	1	0	1	0	0	0	0	0	1.0	0.0	0.0	1.0
KRTAP4-4	NA	501	0	1	0	0	0	0	0	0	1.0	0.0	0.0	1.0
MYH2	NA	5826	1	0	0	0	0	0	1	0	1.0	0.0	0.0	1.0
MYH4	NA	5820	1	0	0	0	0	0	1	0	1.0	0.0	0.0	1.0
MYO15A	NA	10593	1	0	0	0	0	0	1	0	1.0	0.0	0.0	1.0
MYO1C	NA	3192	1	0	0	0	0	0	1	0	1.0	0.0	0.0	1.0
NUFIP2	NA	2088	1	0	0	0	0	0	1	0	1.0	0.0	0.0	1.0
PLD2	NA	2802	1	0	0	0	0	0	1	0	1.0	0.0	0.0	1.0
RNF43	NA	2352	1	0	0	0	0	0	1	0	1.0	0.0	0.0	1.0
RUNDC1	NA	1842	0	1	0	0	0	0	0	0	1.0	0.0	0.0	1.0
SAP30BP	NA	927	1	0	0	0	0	0	1	0	1.0	0.0	0.0	1.0
SEC14L1	NA	2160	0	1	0	0	0	0	0	0	1.0	0.0	0.0	1.0
SHPK	NA	1437	1	0	0	0	0	0	1	0	1.0	0.0	0.0	1.0
SLC13A5	NA	1707	1	0	0	0	1	0	0	0	1.0	0.0	0.0	1.0
SPECC1	NA	3207	1	0	0	0	0	0	1	0	1.0	0.0	0.0	1.0
TBCD	NA	3579	1	0	0	0	0	0	1	0	1.0	0.0	0.0	1.0
TNS4	NA	2148	1	0	0	0	0	0	1	0	1.0	0.0	0.0	1.0
AMOTL2	NA	2343	1	0	0	0	0	0	1	0	1.0	0.0	0.0	1.0
ATP13A5	NA	3657	1	0	0	0	0	0	1	0	1.0	0.0	0.0	1.0
BAP1	NA	2190	2	0	1	0	0	0	1	0	1.0	3.0	0.0	0.31091750708257115
CACNA1D	NA	6546	1	0	0	0	0	0	1	0	1.0	0.0	0.0	1.0
CNTN3	NA	3087	1	0	0	0	0	0	1	0	1.0	0.0	0.0	1.0
FAM212A	NA	864	1	0	0	0	0	0	1	0	1.0	0.0	0.0	1.0
FANCD2	NA	4416	0	1	0	0	0	0	0	0	1.0	0.0	0.0	1.0
FBLN2	NA	3696	0	1	0	0	0	0	0	0	1.0	0.0	0.0	1.0
GPR87	NA	1077	1	0	0	0	0	0	1	0	1.0	0.0	0.0	1.0
IGSF10	NA	7872	1	0	0	0	0	0	1	0	1.0	0.0	0.0	1.0
NBEAL2	NA	8265	0	1	0	0	0	0	0	0	1.0	0.0	0.0	1.0
PPM1L	NA	1083	1	0	0	0	0	0	1	0	1.0	0.0	0.0	1.0
ROBO2	NA	4078	0	1	0	0	0	0	0	0	1.0	0.0	0.0	1.0
SCN11A	NA	5376	0	1	0	0	0	0	0	0	1.0	0.0	0.0	1.0
SNX4	NA	1353	1	0	0	0	0	0	1	0	1.0	0.0	0.0	1.0
STAB1	NA	7713	1	0	0	0	0	0	1	0	1.0	0.0	0.0	1.0
STAG1	NA	3777	1	0	1	0	0	0	0	0	1.0	0.0	0.0	1.0
TF	NA	2097	1	0	0	0	0	0	1	0	1.0	0.0	0.0	1.0
TMEM44	NA	1428	0	1	0	0	0	0	0	0	1.0	0.0	0.0	1.0
TP63	NA	2043	0	1	0	0	0	0	0	0	1.0	0.0	0.0	1.0
TWF2	NA	1050	1	0	0	0	0	0	1	0	1.0	0.0	0.0	1.0
ZDHHC23	NA	1230	1	0	0	0	0	0	1	0	1.0	0.0	0.0	1.0
ZNF197	NA	3090	1	0	0	0	0	0	1	0	1.0	0.0	0.0	1.0
ARID1B	NA	6750	1	0	0	0	0	0	1	0	1.0	0.0	0.0	1.0
ATXN1	NA	2448	0	1	0	0	0	0	0	0	1.0	0.0	0.0	1.0
C6orf211	NA	1326	1	0	0	0	0	0	1	0	1.0	0.0	0.0	1.0
CAP2	NA	1434	1	0	0	0	0	0	1	0	1.0	0.0	0.0	1.0
CD109	NA	4338	1	0	0	0	0	0	1	0	1.0	0.0	0.0	1.0
CDC40	NA	1740	1	0	0	0	0	0	1	0	1.0	0.0	0.0	1.0
COL12A1	NA	9192	1	0	0	0	0	0	1	0	1.0	0.0	0.0	1.0
DNAH8	NA	14124	1	0	0	0	0	0	1	0	1.0	0.0	0.0	1.0
DOPEY1	NA	7431	1	0	0	0	0	0	1	0	1.0	0.0	0.0	1.0
DPCR1	NA	4182	3	1	0	0	0	0	3	0	1.0	0.0	0.0	1.0
EFHC1	NA	1923	0	1	0	0	0	0	0	0	1.0	0.0	0.0	1.0
FOXC1	NA	1662	1	0	0	0	0	0	1	0	1.0	0.0	0.0	1.0
FOXF2	NA	1335	1	0	0	0	0	0	1	0	1.0	0.0	0.0	1.0
GINM1	NA	993	0	1	0	0	0	0	0	0	1.0	0.0	0.0	1.0
KLHL31	NA	1905	1	0	0	0	0	0	1	0	1.0	0.0	0.0	1.0
MCHR2	NA	1023	0	1	0	0	0	0	0	0	1.0	0.0	0.0	1.0
MDN1	NA	16791	1	0	0	0	0	0	1	0	1.0	0.0	0.0	1.0
OR2B2	NA	1074	1	0	0	0	0	0	1	0	1.0	0.0	0.0	1.0
OR2B3	NA	942	1	0	0	0	0	0	1	0	1.0	0.0	0.0	1.0
PGBD1	NA	2430	1	0	0	0	0	0	1	0	1.0	0.0	0.0	1.0
PPP2R5D	NA	1809	1	0	0	0	1	0	0	0	1.0	0.0	0.0	1.0
PRSS16	NA	1545	1	0	0	0	0	0	1	0	1.0	0.0	0.0	1.0
PSMB8	NA	831	0	1	0	0	0	0	0	0	1.0	0.0	0.0	1.0
QKI	NA	1026	1	0	0	0	1	0	0	0	1.0	0.0	0.0	1.0
ROS1	NA	7044	1	0	0	0	0	0	1	0	1.0	0.0	0.0	1.0
SYNE1	NA	26394	1	0	0	0	0	0	1	0	1.0	0.0	0.0	1.0
SYTL3	NA	1833	1	0	0	0	0	0	1	0	1.0	0.0	0.0	1.0
TRERF1	NA	3603	1	0	0	0	0	0	1	0	1.0	0.0	0.0	1.0
TRIM15	NA	1398	0	1	0	0	0	0	0	0	1.0	0.0	0.0	1.0
USP49	NA	1923	1	0	0	0	0	0	1	0	1.0	0.0	0.0	1.0
VWA7	NA	2676	1	0	0	0	0	0	1	0	1.0	0.0	0.0	1.0
ZSCAN16	NA	1047	1	0	0	0	0	0	1	0	1.0	0.0	0.0	1.0
ACSM4	NA	1743	1	0	0	0	0	0	1	0	1.0	0.0	0.0	1.0
ALDH2	NA	1554	1	0	0	0	0	0	1	0	1.0	0.0	0.0	1.0
BAZ2A	NA	5718	1	0	0	0	0	0	1	0	1.0	0.0	0.0	1.0
CAND1	NA	3693	1	0	0	0	0	0	1	0	1.0	0.0	0.0	1.0
CBX5	NA	576	1	0	0	0	0	0	1	0	1.0	0.0	0.0	1.0
CD163	NA	3471	1	0	0	0	0	0	1	0	1.0	0.0	0.0	1.0
COL2A1	NA	4464	1	0	0	0	0	0	1	0	1.0	0.0	0.0	1.0
DDX51	NA	2001	0	1	0	0	0	0	0	0	1.0	0.0	0.0	1.0
E2F7	NA	2736	1	0	0	0	0	0	1	0	1.0	0.0	0.0	1.0
GNB3	NA	1023	1	0	0	0	0	0	1	0	1.0	0.0	0.0	1.0
IRAK3	NA	1791	1	0	0	0	1	0	0	0	1.0	0.0	0.0	1.0
ITPR2	NA	8106	0	1	0	0	0	0	0	0	1.0	0.0	0.0	1.0
KRR1	NA	1146	1	0	0	0	0	0	1	0	1.0	0.0	0.0	1.0
LMO3	NA	504	0	1	0	0	0	0	0	0	1.0	0.0	0.0	1.0
MRPS35	NA	972	0	1	0	0	0	0	0	0	1.0	0.0	0.0	1.0
MYF6	NA	729	0	1	0	0	0	0	0	0	1.0	0.0	0.0	1.0
NOC4L	NA	1551	1	0	0	0	0	0	1	0	1.0	0.0	0.0	1.0
OR6C65	NA	939	1	0	0	0	0	0	1	0	1.0	0.0	0.0	1.0
OVCH1	NA	3405	1	0	0	0	0	0	1	0	1.0	0.0	0.0	1.0
PARPBP	NA	1740	1	0	0	0	0	0	1	0	1.0	0.0	0.0	1.0
PITPNM2	NA	4050	1	0	0	0	0	0	1	0	1.0	0.0	0.0	1.0
PTPRB	NA	6648	0	1	0	0	0	0	0	0	1.0	0.0	0.0	1.0
SCARB1	NA	1530	1	0	0	0	0	0	1	0	1.0	0.0	0.0	1.0
SLC6A13	NA	1809	0	1	0	0	0	0	0	0	1.0	0.0	0.0	1.0
SSH1	NA	3150	1	0	0	0	0	0	1	0	1.0	0.0	0.0	1.0
TBX5	NA	1557	1	0	1	0	0	0	0	0	1.0	0.0	0.0	1.0
TPCN1	NA	2667	1	0	0	0	0	0	1	0	1.0	0.0	0.0	1.0
USP15	NA	2946	1	0	0	0	0	0	1	0	1.0	0.0	0.0	1.0
VSIG10	NA	1623	1	0	0	0	0	0	1	0	1.0	0.0	0.0	1.0
WDR66	NA	3450	0	1	0	0	0	0	0	0	1.0	0.0	0.0	1.0
ACTB	NA	1128	1	0	0	0	0	0	1	0	1.0	0.0	0.0	1.0
AKAP9	NA	11724	1	0	0	0	0	0	1	0	1.0	0.0	0.0	1.0
AMZ1	NA	1497	1	0	0	0	0	0	1	0	1.0	0.0	0.0	1.0
BZW2	NA	1260	0	1	0	0	0	0	0	0	1.0	0.0	0.0	1.0
CCDC126	NA	423	1	1	0	0	0	0	1	0	1.0	0.0	0.0	1.0
COBL	NA	3786	0	1	0	0	0	0	0	0	1.0	0.0	0.0	1.0
DNAH11	NA	13551	1	0	0	0	0	0	1	0	1.0	0.0	0.0	1.0
FKBP9	NA	1713	0	1	0	0	0	0	0	0	1.0	0.0	0.0	1.0
GAL3ST4	NA	1461	1	0	0	0	0	0	1	0	1.0	0.0	0.0	1.0
HOXA4	NA	963	0	1	0	0	0	0	0	0	1.0	0.0	0.0	1.0
ITGB8	NA	2310	0	1	0	0	0	0	0	0	1.0	0.0	0.0	1.0
LRRN3	NA	2127	0	1	0	0	0	0	0	0	1.0	0.0	0.0	1.0
MUC17	NA	13482	1	0	0	0	0	0	1	0	1.0	0.0	0.0	1.0
PPP1R3A	NA	3369	1	0	0	0	0	0	1	0	1.0	0.0	0.0	1.0
RELN	NA	10383	1	0	0	0	0	0	1	0	1.0	0.0	0.0	1.0
SLC26A5	NA	2235	1	0	0	0	0	0	1	0	1.0	0.0	0.0	1.0
STYXL1	NA	942	0	1	0	0	0	0	0	0	1.0	0.0	0.0	1.0
TSC22D4	NA	1188	1	0	0	0	0	0	1	0	1.0	0.0	0.0	1.0
APC	NA	8532	1	0	0	0	0	0	1	0	1.0	0.0	0.0	1.0
ARSB	NA	1602	1	0	0	0	0	0	1	0	1.0	0.0	0.0	1.0
DMXL1	NA	9084	0	1	0	0	0	0	0	0	1.0	0.0	0.0	1.0
F12	NA	1848	1	0	0	0	0	0	1	0	1.0	0.0	0.0	1.0
FAM13B	NA	2748	1	0	0	0	0	0	1	0	1.0	0.0	0.0	1.0
FASTKD3	NA	1989	0	1	0	0	0	0	0	0	1.0	0.0	0.0	1.0
GRIA1	NA	2751	1	0	0	0	0	0	1	0	1.0	0.0	0.0	1.0
GRM6	NA	2634	0	1	0	0	0	0	0	0	1.0	0.0	0.0	1.0
KLHL3	NA	1764	1	0	0	0	0	0	1	0	1.0	0.0	0.0	1.0
LIFR	NA	3294	0	1	0	0	0	0	0	0	1.0	0.0	0.0	1.0
MGAT4B	NA	1692	1	0	0	0	1	0	0	0	1.0	0.0	0.0	1.0
OCLN	NA	1569	1	0	0	0	0	0	1	0	1.0	0.0	0.0	1.0
PCDHA2	NA	2847	0	1	0	0	0	0	0	0	1.0	0.0	0.0	1.0
PCDHB16	NA	2331	1	0	0	0	0	0	1	0	1.0	0.0	0.0	1.0
PCDHGA2	NA	2799	1	0	0	0	0	0	1	0	1.0	0.0	0.0	1.0
PDE4D	NA	2430	1	0	1	0	0	0	0	0	1.0	0.0	0.0	1.0
PDE8B	NA	2658	1	0	0	0	0	0	1	0	1.0	0.0	0.0	1.0
RAI14	NA	2952	1	0	0	0	0	0	1	0	1.0	0.0	0.0	1.0
RASGRF2	NA	3714	1	0	0	0	0	0	1	0	1.0	0.0	0.0	1.0
SLC12A7	NA	3252	1	0	0	0	0	0	1	0	1.0	0.0	0.0	1.0
SLC27A6	NA	1860	0	1	0	0	0	0	0	0	1.0	0.0	0.0	1.0
SLIT3	NA	4593	0	1	0	0	0	0	0	0	1.0	0.0	0.0	1.0
SQSTM1	NA	1323	1	0	0	0	0	0	1	0	1.0	0.0	0.0	1.0
TNIP1	NA	1911	1	0	0	0	0	0	1	0	1.0	0.0	0.0	1.0
TNPO1	NA	2697	0	1	0	0	0	0	0	0	1.0	0.0	0.0	1.0
ADAM21	NA	2169	0	1	0	0	0	0	0	0	1.0	0.0	0.0	1.0
C14orf39	NA	1764	1	0	0	0	0	0	1	0	1.0	0.0	0.0	1.0
DCAF11	NA	1641	1	0	0	0	0	0	1	0	1.0	0.0	0.0	1.0
FAM71D	NA	1269	0	1	0	0	0	0	0	0	1.0	0.0	0.0	1.0
FANCM	NA	6147	1	0	0	0	0	0	1	0	1.0	0.0	0.0	1.0
GPR68	NA	1098	0	1	0	0	0	0	0	0	1.0	0.0	0.0	1.0
IGHV1-46	NA	351	1	0	0	0	0	0	1	0	1.0	0.0	0.0	1.0
IRF2BPL	NA	2391	0	1	0	0	0	0	0	0	1.0	0.0	0.0	1.0
PTGER2	NA	1077	1	0	0	0	0	0	1	0	1.0	0.0	0.0	1.0
RAB2B	NA	651	1	0	0	0	0	0	1	0	1.0	0.0	0.0	1.0
TPPP2	NA	513	1	0	0	0	0	0	1	0	1.0	0.0	0.0	1.0
WDHD1	NA	3390	1	0	0	0	0	0	1	0	1.0	0.0	0.0	1.0
WDR25	NA	1635	0	1	0	0	0	0	0	0	1.0	0.0	0.0	1.0
XRCC3	NA	1041	1	0	0	0	0	0	1	0	1.0	0.0	0.0	1.0
ZNF839	NA	2784	1	0	0	0	0	0	1	0	1.0	0.0	0.0	1.0
ADAMTS18	NA	3666	1	0	0	0	0	0	1	0	1.0	0.0	0.0	1.0
ALG1	NA	1395	1	0	0	0	0	1	0	0	1.0	0.0	0.0	1.0
CETP	NA	1482	1	0	0	0	0	0	1	0	1.0	0.0	0.0	1.0
CHST4	NA	1161	1	0	0	0	0	0	1	0	1.0	0.0	0.0	1.0
CYLD	NA	2871	1	0	0	0	0	0	1	0	1.0	0.0	0.0	1.0
FANCA	NA	4368	0	2	0	0	0	0	0	0	1.0	0.0	0.0	1.0
FUK	NA	3255	0	1	0	0	0	0	0	0	1.0	0.0	0.0	1.0
FUS	NA	1581	1	0	0	0	0	0	1	0	1.0	0.0	0.0	1.0
GP2	NA	1614	0	1	0	0	0	0	0	0	1.0	0.0	0.0	1.0
KATNB1	NA	1968	1	0	0	0	0	0	1	0	1.0	0.0	0.0	1.0
KCTD19	NA	2781	1	0	0	0	0	0	1	0	1.0	0.0	0.0	1.0
KIAA0430	NA	5229	1	0	0	0	0	0	1	0	1.0	0.0	0.0	1.0
KIAA0556	NA	4857	0	1	0	0	0	0	0	0	1.0	0.0	0.0	1.0
LCAT	NA	1323	0	1	0	0	0	0	0	0	1.0	0.0	0.0	1.0
NLRC5	NA	5601	1	0	0	0	0	0	1	0	1.0	0.0	0.0	1.0
NOD2	NA	3123	1	0	0	0	0	0	1	0	1.0	0.0	0.0	1.0
OSGIN1	NA	1434	1	0	0	0	0	0	1	0	1.0	0.0	0.0	1.0
PPL	NA	5271	1	0	0	0	0	0	1	0	1.0	0.0	0.0	1.0
PRR14	NA	1758	1	0	0	0	0	0	1	0	1.0	0.0	0.0	1.0
RGS11	NA	1404	0	1	0	0	0	0	0	0	1.0	0.0	0.0	1.0
SNX20	NA	951	1	0	0	0	0	0	1	0	1.0	0.0	0.0	1.0
WDR90	NA	5247	1	0	0	0	0	0	1	0	1.0	0.0	0.0	1.0
ZC3H7A	NA	2916	1	0	1	0	0	0	0	0	1.0	0.0	0.0	1.0
ASB6	NA	1266	1	0	0	0	0	0	1	0	1.0	0.0	0.0	1.0
COL27A1	NA	5583	1	0	0	0	0	0	1	0	1.0	0.0	0.0	1.0
FBXO10	NA	2871	1	0	0	0	0	0	1	0	1.0	0.0	0.0	1.0
GNAQ	NA	1080	25	0	1	0	0	0	24	22	0.10843058881261769	0.0	0.0	0.15494802938951674
HIATL2	NA	405	1	0	0	0	0	0	1	0	1.0	0.0	0.0	1.0
MUSK	NA	2610	0	1	0	0	0	0	0	0	1.0	0.0	0.0	1.0
NFX1	NA	3363	1	0	0	0	0	0	1	0	1.0	0.0	0.0	1.0
PMPCA	NA	1578	1	0	0	0	0	0	1	0	1.0	0.0	0.0	1.0
PNPLA7	NA	4029	0	1	0	0	0	0	0	0	1.0	0.0	0.0	1.0
PRUNE2	NA	9267	1	0	0	0	0	0	1	0	1.0	0.0	0.0	1.0
PTPRD	NA	5739	1	0	0	0	0	0	1	0	1.0	0.0	0.0	1.0
SETX	NA	8034	2	0	0	0	0	0	2	0	1.0	0.0	0.0	1.0
SLC28A3	NA	2076	0	1	0	0	0	0	0	0	1.0	0.0	0.0	1.0
SLC2A8	NA	1434	1	0	0	0	0	0	1	0	1.0	0.0	0.0	1.0
SNAPC4	NA	4410	1	0	0	0	0	0	1	0	1.0	0.0	0.0	1.0
SVEP1	NA	10716	1	0	0	0	0	0	1	0	1.0	0.0	0.0	1.0
TMEM2	NA	4152	1	0	0	0	0	0	1	0	1.0	0.0	0.0	1.0
TMEM8B	NA	1419	0	1	0	0	0	0	0	0	1.0	0.0	0.0	1.0
TRAF2	NA	1506	0	1	0	0	0	0	0	0	1.0	0.0	0.0	1.0
TRPM6	NA	6069	1	0	0	0	0	0	1	0	1.0	0.0	0.0	1.0
ZNF462	NA	7521	1	0	0	0	0	0	1	0	1.0	0.0	0.0	1.0
ZNF484	NA	2565	1	0	0	0	0	0	1	0	1.0	0.0	0.0	1.0
ZNF79	NA	1497	0	1	0	0	0	0	0	0	1.0	0.0	0.0	1.0
ATP1B4	NA	1074	1	0	0	0	0	0	1	0	1.0	0.0	0.0	1.0
BCOR	NA	5268	1	0	0	0	0	0	1	0	1.0	0.0	0.0	1.0
CLCN5	NA	2451	1	0	0	0	0	0	1	0	1.0	0.0	0.0	1.0
DCAF8L2	NA	1896	1	0	0	0	0	0	1	0	1.0	0.0	0.0	1.0
EIF1AX	NA	435	7	0	0	0	0	0	7	0	1.0	0.0	1.0	0.8333333333333334
FRMD7	NA	2145	1	0	0	0	0	0	1	0	1.0	0.0	0.0	1.0
GAB3	NA	1764	0	1	0	0	0	0	0	0	1.0	0.0	0.0	1.0
GABRE	NA	1521	1	0	0	0	0	0	1	0	1.0	0.0	0.0	1.0
GLA	NA	1290	1	0	0	0	0	0	1	0	1.0	0.0	0.0	1.0
GPR112	NA	9243	1	0	0	0	1	0	0	0	1.0	0.0	0.0	1.0
MAOB	NA	1563	1	0	0	0	1	0	0	0	1.0	0.0	0.0	1.0
NHS	NA	4893	1	0	0	0	0	0	1	0	1.0	0.0	0.0	1.0
RAB33A	NA	714	1	0	0	0	0	0	1	0	1.0	0.0	0.0	1.0
RPS6KA6	NA	2238	1	0	0	0	0	0	1	0	1.0	0.0	0.0	1.0
SMC1A	NA	3702	1	0	0	0	0	0	1	0	1.0	0.0	0.0	1.0
THOC2	NA	4782	0	1	0	0	0	0	0	0	1.0	0.0	0.0	1.0
TMEM35	NA	504	1	0	1	0	0	0	0	0	1.0	0.0	0.0	1.0
ZMYM3	NA	4113	1	0	0	0	0	0	1	0	1.0	0.0	0.0	1.0
ZNF157	NA	1521	1	0	0	0	0	0	1	0	1.0	0.0	0.0	1.0
BICC1	NA	2925	1	0	0	0	0	0	1	0	1.0	0.0	0.0	1.0
CAMK1D	NA	1158	1	0	0	0	0	0	1	0	1.0	0.0	0.0	1.0
CDHR1	NA	2580	1	0	0	0	0	0	1	0	1.0	0.0	0.0	1.0
CHAT	NA	2247	0	1	0	0	0	0	0	0	1.0	0.0	0.0	1.0
CPEB3	NA	2097	1	0	0	0	0	0	1	0	1.0	0.0	0.0	1.0
DNAJC1	NA	1665	1	0	0	0	0	0	1	0	1.0	0.0	0.0	1.0
FAM171A1	NA	2673	1	0	0	0	0	0	1	0	1.0	0.0	0.0	1.0
FGFR2	NA	2469	1	0	1	0	0	0	0	0	1.0	0.0	0.0	1.0
HHEX	NA	813	1	0	1	0	0	0	0	0	1.0	0.0	0.0	1.0
HK1	NA	2766	1	0	0	0	0	0	1	0	1.0	0.0	0.0	1.0
HMX3	NA	1074	1	0	0	0	0	0	1	0	1.0	0.0	0.0	1.0
INPP5A	NA	1239	1	0	0	0	0	0	1	0	1.0	0.0	0.0	1.0
KNDC1	NA	5250	0	1	0	0	0	0	0	0	1.0	0.0	0.0	1.0
MSS51	NA	1383	1	0	1	0	0	0	0	0	1.0	0.0	0.0	1.0
PIP4K2A	NA	1221	1	0	0	0	0	0	1	0	1.0	0.0	0.0	1.0
STAM	NA	1623	1	0	0	0	0	0	1	0	1.0	0.0	0.0	1.0
ADD1	NA	2307	1	0	0	0	0	0	1	0	1.0	0.0	0.0	1.0
ANK2	NA	11874	1	0	0	0	0	0	1	0	1.0	0.0	0.0	1.0
ARSJ	NA	1800	1	0	0	0	0	0	1	0	1.0	0.0	0.0	1.0
C4orf17	NA	1080	1	0	0	0	0	0	1	0	1.0	0.0	0.0	1.0
CENPE	NA	8106	2	0	0	0	0	0	2	0	1.0	0.0	0.0	1.0
COQ2	NA	1266	1	0	0	0	0	0	1	0	1.0	0.0	0.0	1.0
EPHA5	NA	3114	0	1	0	0	0	0	0	0	1.0	0.0	0.0	1.0
EVC	NA	2979	1	0	0	0	0	0	1	0	1.0	0.0	0.0	1.0
FAM198B	NA	1584	0	1	0	0	0	0	0	0	1.0	0.0	0.0	1.0
FAT1	NA	13767	1	0	0	0	0	0	1	0	1.0	0.0	0.0	1.0
JAKMIP1	NA	2496	0	1	0	0	0	0	0	0	1.0	0.0	0.0	1.0
KIAA1109	NA	15018	1	0	0	0	0	0	1	0	1.0	0.0	0.0	1.0
LPHN3	NA	4410	1	0	0	0	0	0	1	0	1.0	0.0	0.0	1.0
NOP14	NA	2574	1	0	0	0	0	0	1	0	1.0	0.0	0.0	1.0
PCDH10	NA	3123	0	1	0	0	0	0	0	0	1.0	0.0	0.0	1.0
RGS12	NA	4344	0	1	0	0	0	0	0	0	1.0	0.0	0.0	1.0
SEL1L3	NA	3399	1	0	0	0	0	0	1	0	1.0	0.0	0.0	1.0
SLIT2	NA	4590	1	0	0	0	0	0	1	0	1.0	0.0	0.0	1.0
SPARCL1	NA	1995	0	1	0	0	0	0	0	0	1.0	0.0	0.0	1.0
UBA6	NA	3159	0	1	0	0	0	0	0	0	1.0	0.0	0.0	1.0
UGT2B17	NA	1593	1	0	0	0	0	0	1	0	1.0	0.0	0.0	1.0
C8orf31	NA	399	0	1	0	0	0	0	0	0	1.0	0.0	0.0	1.0
CA2	NA	783	1	0	0	0	1	0	0	0	1.0	0.0	0.0	1.0
COL14A1	NA	5391	1	0	0	0	0	0	1	0	1.0	0.0	0.0	1.0
CSGALNACT1	NA	1599	1	0	0	0	0	0	1	0	1.0	0.0	0.0	1.0
CSMD3	NA	11124	2	1	0	0	0	0	2	0	1.0	0.0	0.0	1.0
DENND3	NA	3597	1	0	0	0	0	0	1	0	1.0	0.0	0.0	1.0
KCNU1	NA	3450	1	0	0	0	0	0	1	0	1.0	0.0	0.0	1.0
KCNV1	NA	1503	1	0	0	0	0	0	1	0	1.0	0.0	0.0	1.0
KIAA0196	NA	3480	1	0	0	0	0	0	1	0	1.0	0.0	0.0	1.0
KIF13B	NA	5481	1	0	0	0	0	0	1	0	1.0	0.0	0.0	1.0
LSM1	NA	402	1	0	0	0	0	0	1	0	1.0	0.0	0.0	1.0
PKHD1L1	NA	12732	1	0	0	0	0	0	1	0	1.0	0.0	1.0	1.0
PPP2R2A	NA	1374	1	0	0	0	0	0	1	0	1.0	0.0	0.0	1.0
PREX2	NA	4821	1	1	0	0	0	0	1	0	1.0	0.0	0.0	1.0
SCRIB	NA	4968	0	1	0	0	0	0	0	0	1.0	0.0	0.0	1.0
SPAG11B	NA	402	1	0	0	0	0	0	1	0	1.0	0.0	0.0	1.0
SYBU	NA	1992	0	1	0	0	0	0	0	0	1.0	0.0	0.0	1.0
TP53INP1	NA	723	0	1	0	0	0	0	0	0	1.0	0.0	0.0	1.0
TRAM1	NA	1125	1	0	0	0	0	0	1	0	1.0	0.0	0.0	1.0
WISP1	NA	1104	1	0	0	0	0	0	1	0	1.0	0.0	0.0	1.0
ABHD2	NA	1278	1	0	0	0	0	0	1	0	1.0	0.0	0.0	1.0
ANXA2	NA	1074	1	0	0	0	0	0	1	0	1.0	0.0	0.0	1.0
ARNT2	NA	2154	1	0	0	0	0	0	1	0	1.0	0.0	0.0	1.0
BNC1	NA	2985	1	0	0	0	0	0	1	0	1.0	0.0	0.0	1.0
CPEB1	NA	1686	0	1	0	0	0	0	0	0	1.0	0.0	0.0	1.0
CYP1A1	NA	1539	1	0	0	0	0	0	1	0	1.0	0.0	0.0	1.0
EFTUD1	NA	3363	0	1	0	0	0	0	0	0	1.0	0.0	0.0	1.0
FAM214A	NA	3231	1	0	1	0	0	0	0	0	1.0	0.0	0.0	1.0
FBN1	NA	8616	2	0	0	0	0	0	2	0	1.0	0.0	0.0	-0.0
GOLGA8B	NA	1812	1	0	0	0	0	0	1	0	1.0	0.0	0.0	1.0
HERC2	NA	14505	1	0	1	0	0	0	0	0	1.0	0.0	0.0	1.0
KIAA1024	NA	2751	1	0	0	0	0	0	1	0	1.0	0.0	0.0	1.0
LRRC49	NA	2076	1	0	0	0	0	0	1	0	1.0	0.0	0.0	1.0
MAPKBP1	NA	4545	1	0	0	0	0	0	1	0	1.0	0.0	0.0	1.0
NDN	NA	966	1	0	0	0	0	0	1	0	1.0	0.0	0.0	1.0
NEDD4	NA	3744	1	0	0	0	0	0	1	0	1.0	0.0	0.0	1.0
PLCB2	NA	3558	2	0	0	0	0	0	2	0	1.0	0.0	0.0	1.0
RASL12	NA	801	1	0	0	0	0	0	1	0	1.0	0.0	0.0	1.0
TMOD2	NA	1056	1	0	0	0	0	0	1	0	1.0	0.0	0.0	1.0
TYRO3	NA	2673	1	0	0	0	0	0	1	0	1.0	0.0	0.0	1.0
ZFYVE19	NA	1416	0	1	0	0	0	0	0	0	1.0	0.0	0.0	1.0
APMAP	NA	1251	0	1	0	0	0	0	0	0	1.0	0.0	0.0	1.0
BMP7	NA	1296	1	0	0	0	0	0	1	0	1.0	0.0	0.0	1.0
BPIFB1	NA	1455	1	0	0	0	0	0	1	0	1.0	0.0	0.0	1.0
EDEM2	NA	1737	0	1	0	0	0	0	0	0	1.0	0.0	0.0	1.0
ELMO2	NA	2163	1	0	0	0	0	0	1	0	1.0	0.0	0.0	1.0
GDAP1L1	NA	1161	0	1	0	0	0	0	0	0	1.0	0.0	0.0	1.0
GMEB2	NA	1593	2	0	1	0	0	0	1	0	1.0	0.0	0.0	1.0
HELZ2	NA	7950	0	1	0	0	0	0	0	0	1.0	0.0	0.0	1.0
MATN4	NA	1746	1	0	0	0	0	0	1	0	1.0	0.0	0.0	1.0
NPEPL1	NA	1572	1	0	0	0	0	0	1	0	1.0	0.0	0.0	1.0
RRBP1	NA	2934	1	0	0	0	0	0	1	0	1.0	0.0	0.0	1.0
SIGLEC1	NA	5130	1	0	0	0	0	0	1	0	1.0	0.0	0.0	1.0
SLC12A5	NA	3420	1	0	0	0	0	0	1	0	1.0	0.0	0.0	1.0
SOGA1	NA	4986	0	1	0	0	0	0	0	0	1.0	0.0	0.0	1.0
SULF2	NA	2613	1	0	0	0	0	0	1	0	1.0	0.0	0.0	1.0
TSHZ2	NA	3105	1	0	0	0	0	0	1	0	1.0	0.0	0.0	1.0
BRD1	NA	3177	0	1	0	0	0	0	0	0	1.0	0.0	0.0	1.0
DEPDC5	NA	4812	1	0	0	0	0	0	1	0	1.0	0.0	0.0	1.0
EMID1	NA	1332	0	1	0	0	0	0	0	0	1.0	0.0	0.0	1.0
EP300	NA	7245	1	0	0	0	0	0	1	0	1.0	0.0	0.0	1.0
EWSR1	NA	1986	1	0	1	0	0	0	0	0	1.0	0.0	0.0	1.0
GTSE1	NA	2220	1	0	0	0	0	0	1	0	1.0	0.0	0.0	1.0
OR11H1	NA	981	1	0	0	0	0	0	1	0	1.0	0.0	0.0	1.0
PPARA	NA	1407	1	0	1	0	0	0	0	0	1.0	0.0	0.0	1.0
TBC1D10A	NA	1548	0	1	0	0	0	0	0	0	1.0	0.0	0.0	1.0
VPREB3	NA	372	1	0	0	0	0	0	1	0	1.0	0.0	0.0	1.0
COL4A2	NA	5139	1	0	0	0	0	0	1	0	1.0	0.0	0.0	1.0
CYSLTR2	NA	1041	1	0	0	0	0	0	1	0	1.0	0.0	0.0	1.0
DCUN1D2	NA	780	0	1	0	0	0	0	0	0	1.0	0.0	0.0	1.0
LATS2	NA	3267	1	0	0	0	0	0	1	0	1.0	0.0	0.0	1.0
PDS5B	NA	4344	1	0	0	0	0	0	1	0	1.0	0.0	0.0	1.0
POU4F1	NA	1260	0	1	0	0	0	0	0	0	1.0	0.0	0.0	1.0
RAB20	NA	705	0	1	0	0	0	0	0	0	1.0	0.0	0.0	1.0
SERTM1	NA	324	1	0	0	0	0	0	1	0	1.0	0.0	0.0	1.0
SPRY2	NA	948	1	0	0	0	0	0	1	0	1.0	0.0	0.0	1.0
VWA8	NA	5718	1	0	0	0	0	0	1	0	1.0	0.0	0.0	1.0
ASXL3	NA	6747	1	0	0	0	0	0	1	0	1.0	0.0	0.0	1.0
DSG1	NA	3150	1	0	0	0	0	0	1	0	1.0	0.0	0.0	1.0
DTNA	NA	2232	1	0	0	0	1	0	0	0	1.0	0.0	0.0	1.0
EPG5	NA	7740	1	0	0	0	0	0	1	0	1.0	0.0	0.0	1.0
FHOD3	NA	4320	1	0	0	0	0	0	1	0	1.0	0.0	0.0	1.0
LAMA1	NA	9228	1	0	0	0	0	0	1	0	1.0	0.0	0.0	1.0
PPP4R1	NA	2853	1	0	0	0	0	0	1	0	1.0	0.0	0.0	1.0
SERPINB4	NA	1173	0	1	0	0	0	0	0	0	1.0	0.0	0.0	1.0
ST8SIA3	NA	1143	1	0	0	0	0	0	1	0	1.0	0.0	0.0	1.0
WDR7	NA	4473	0	1	0	0	0	0	0	0	1.0	0.0	0.0	1.0
DIP2A	NA	4716	1	0	1	0	0	0	0	0	1.0	0.0	0.0	1.0
DSCAM	NA	6039	1	0	1	0	0	0	0	0	1.0	0.0	0.0	1.0
MORC3	NA	2820	1	0	0	0	0	0	1	0	1.0	0.0	0.0	1.0
SIM2	NA	2004	1	0	0	0	0	0	1	0	1.0	0.0	0.0	1.0
